  -0.54192   0.01491
  -0.54243   0.04504
  -0.54253   0.04747
  -0.54209   0.04995
  -0.53932   0.05511
  -0.51230   0.09033
  -0.50305   0.10074
  -0.48591   0.13020
  -0.48459   0.13159
  -0.46282   0.15257
  -0.45101   0.16416
  -0.41597   0.19327
  -0.41556   0.19344
  -0.41530   0.19366
  -0.36430   0.20441
  -0.36031   0.20488
  -0.35745   0.20638
  -0.34804   0.21104
  -0.31562   0.22100
  -0.30793   0.22158
  -0.29649   0.22519
  -0.26180   0.21967
  -0.25511   0.21810
  -0.24905   0.21809
  -0.21504   0.21504
  -0.20453   0.21273
  -0.19382   0.20733
  -0.18431   0.19662
  -0.16960   0.17433
  -0.15678   0.15678
  -0.14822   0.14277
  -0.14329   0.13126
  -0.13367   0.12730
  -0.12690   0.12690
  -0.10540   0.11607
  -0.09662   0.11057
  -0.09267   0.11044
  -0.08605   0.10988
  -0.07195   0.10275
  -0.06536   0.09619
  -0.05632   0.09755
  -0.04595   0.09800
  -0.04552   0.09761
  -0.04529   0.09733
  -0.04316   0.09768
  -0.03575   0.09823
  -0.02713   0.09812
  -0.02635   0.09834
  -0.02556   0.09855
  -0.01722   0.09767
  -0.00995   0.09623
  -0.00843   0.09637
  -0.00691   0.09649
  -0.00000   0.09709
   0.00707   0.09719
   0.00849   0.09707
   0.00992   0.09694
   0.01735   0.09842
   0.02590   0.09930
   0.02656   0.09913
   0.02723   0.09895
   0.03622   0.09951
   0.03875   0.09951
   0.04566   0.09861
   0.04623   0.09914
   0.04714   0.09975
   0.05639   0.09768
   0.06482   0.09498
   0.06820   0.09739
   0.07592   0.10158
   0.08684   0.10349
   0.09337   0.10402
   0.10995   0.11177
   0.11289   0.11289
   0.12848   0.11577
   0.14787   0.12407
   0.14916   0.12455
   0.18591   0.15543
   0.18653   0.15608
   0.18693   0.15649
   0.21755   0.18228
   0.24617   0.19149
   0.26529   0.19801
   0.29344   0.20547
   0.30229   0.20431
   0.31043   0.20555
   0.33795   0.19511
   0.35331   0.18779
   0.37679   0.18036
   0.38233   0.17828
   0.40276   0.16244
   0.42254   0.15379
   0.43417   0.14793
   0.45463   0.13742
   0.46682   0.12508
   0.48281   0.09549
   0.48703   0.08588
   0.48953   0.07988
   0.49858   0.05963
   0.50472   0.04416
   0.50718   0.00543
   0.50752  -0.00000
   0.50783  -0.00614
   0.50654  -0.04432
   0.49831  -0.06190
   0.48917  -0.07936
   0.48705  -0.08588
   0.48405  -0.09465
   0.46773  -0.12533
   0.45540  -0.13876
   0.43980  -0.16007
   0.42068  -0.18278
   0.41352  -0.18782
   0.41041  -0.19138
   0.38242  -0.20435
   0.36401  -0.21016
   0.36238  -0.21061
   0.35961  -0.21256
   0.32989  -0.23099
   0.31243  -0.23561
   0.29353  -0.24630
   0.26835  -0.25808
   0.26249  -0.25591
   0.25494  -0.25494
   0.22449  -0.24329
   0.21020  -0.23649
   0.19294  -0.22994
   0.17646  -0.22229
   0.16278  -0.19400
   0.15933  -0.18764
   0.15862  -0.18438
   0.14583  -0.14583
   0.14393  -0.14072
   0.14133  -0.13337
   0.13457  -0.12955
   0.12575  -0.12575
   0.10529  -0.11618
   0.09694  -0.11126
   0.08887  -0.10591
   0.06414  -0.08538
   0.06036  -0.08559
   0.06007  -0.08579
   0.05978  -0.08599
   0.05324  -0.09221
   0.05202  -0.09326
   0.04916  -0.10265
   0.04750  -0.10187
   0.04623  -0.10065
   0.03983  -0.10943
   0.03375  -0.11606
   0.03061  -0.11423
   0.02849  -0.11238
   0.02038  -0.11557
   0.01244  -0.11802
   0.01018  -0.11634
   0.00853  -0.11580
  -0.00000  -0.11636
  -0.00847  -0.11630
  -0.01011  -0.11556
  -0.01199  -0.11650
  -0.02037  -0.11555
  -0.02860  -0.11400
  -0.03080  -0.11495
  -0.03455  -0.11759
  -0.04208  -0.11560
  -0.04932  -0.11320
  -0.05498  -0.11790
  -0.06475  -0.12216
  -0.06875  -0.11908
  -0.07291  -0.11561
  -0.08910  -0.12725
  -0.09069  -0.12790
  -0.10530  -0.13265
  -0.11282  -0.13445
  -0.13658  -0.13713
  -0.13714  -0.13714
  -0.13732  -0.13714
  -0.13762  -0.13719
  -0.13786  -0.13765
  -0.13879  -0.13879
  -0.16919  -0.17474
  -0.18671  -0.19731
  -0.19673  -0.20457
  -0.20249  -0.20608
  -0.20708  -0.20708
  -0.23077  -0.20906
  -0.24663  -0.20695
  -0.25148  -0.20608
  -0.25731  -0.20827
  -0.27532  -0.21436
  -0.30139  -0.21858
  -0.30643  -0.21740
  -0.31005  -0.21710
  -0.32560  -0.21316
  -0.34928  -0.20166
  -0.35730  -0.19716
  -0.36822  -0.19726
  -0.41538  -0.19370
  -0.41559  -0.19352
  -0.41591  -0.19339
  -0.44916  -0.16348
  -0.46163  -0.15026
  -0.48088  -0.12885
  -0.48889  -0.11459
  -0.49913  -0.09437
  -0.50371  -0.08882
  -0.52152  -0.06512
  -0.53146  -0.04650
  -0.53268  -0.03674
  -0.53980   0.00000
  -0.54192   0.01491
                    
  -0.77549   0.20633
  -0.75603   0.20258
  -0.74304   0.20084
  -0.74216   0.20081
  -0.69048   0.25132
  -0.68999   0.25174
  -0.68962   0.25186
  -0.68869   0.25215
  -0.64321   0.27049
  -0.63042   0.27731
  -0.61516   0.28685
  -0.57570   0.32883
  -0.57338   0.33104
  -0.57250   0.33187
  -0.57052   0.33378
  -0.52867   0.37018
  -0.50897   0.39467
  -0.49131   0.41226
  -0.46611   0.43513
  -0.45008   0.45008
  -0.43669   0.45831
  -0.42272   0.45631
  -0.39651   0.47255
  -0.36339   0.49050
  -0.34212   0.48859
  -0.31555   0.49075
  -0.29706   0.49132
  -0.27648   0.47888
  -0.26633   0.47219
  -0.24266   0.45984
  -0.22575   0.44853
  -0.19995   0.42879
  -0.19031   0.42699
  -0.18095   0.42147
  -0.15180   0.41706
  -0.13436   0.41316
  -0.11022   0.41134
  -0.07680   0.41486
  -0.07322   0.41527
  -0.07001   0.41562
  -0.04200   0.41562
  -0.03634   0.41538
  -0.00345   0.41359
  -0.00000   0.41303
   0.00455   0.41224
   0.03562   0.40709
   0.06493   0.40485
   0.07136   0.40472
   0.07642   0.40454
   0.10687   0.39884
   0.11838   0.40061
   0.13886   0.40279
   0.14649   0.40249
   0.16002   0.40159
   0.18643   0.39979
   0.19863   0.40211
   0.20907   0.40826
   0.23005   0.42913
   0.23902   0.44160
   0.24589   0.45094
   0.26538   0.45965
   0.27883   0.46493
   0.30243   0.47547
   0.33111   0.47288
   0.33952   0.47448
   0.36709   0.47850
   0.39030   0.46514
   0.42513   0.44230
   0.43663   0.43663
   0.44125   0.43174
   0.47456   0.39820
   0.50938   0.35683
   0.50945   0.35672
   0.50953   0.35659
   0.51014   0.35590
   0.55712   0.32165
   0.57084   0.31010
   0.59489   0.28812
   0.60226   0.28084
   0.62985   0.27304
   0.64318   0.27058
   0.67681   0.26214
   0.68574   0.26224
   0.69154   0.26224
   0.70021   0.25486
   0.73658   0.22040
   0.74690   0.22068
   0.77187   0.21950
                    
   0.77549  -0.20633
   0.74528  -0.19606
   0.74343  -0.19603
   0.74226  -0.19713
   0.74056  -0.19843
   0.70972  -0.23303
   0.69154  -0.25170
   0.69019  -0.25302
   0.68900  -0.25354
   0.68508  -0.25524
   0.64064  -0.27652
   0.63088  -0.28098
   0.61742  -0.28791
   0.57549  -0.32894
   0.57334  -0.33102
   0.57250  -0.33182
   0.57110  -0.33278
   0.51971  -0.36391
   0.50955  -0.38027
   0.49046  -0.41154
   0.47585  -0.43298
   0.45616  -0.45616
   0.43365  -0.47293
   0.40028  -0.47612
   0.39979  -0.47645
   0.35969  -0.50148
   0.35170  -0.50228
   0.29198  -0.50513
   0.29178  -0.50513
   0.29156  -0.50499
   0.25292  -0.47951
   0.23937  -0.46826
   0.21936  -0.45169
   0.20415  -0.43779
   0.18775  -0.43443
   0.17155  -0.42539
   0.15430  -0.42393
   0.13084  -0.42060
   0.11286  -0.42118
   0.08866  -0.42386
   0.07482  -0.42435
   0.06447  -0.42441
   0.03713  -0.42438
   0.00893  -0.42779
  -0.00000  -0.42810
  -0.00933  -0.42822
  -0.03748  -0.42840
  -0.06074  -0.42996
  -0.07555  -0.42846
  -0.09194  -0.42620
  -0.11366  -0.42420
  -0.12910  -0.42409
  -0.15395  -0.42299
  -0.18586  -0.41933
  -0.19188  -0.42214
  -0.19697  -0.42241
  -0.22906  -0.44685
  -0.24388  -0.45658
  -0.26744  -0.46322
  -0.27770  -0.46560
  -0.30022  -0.48226
  -0.33039  -0.48088
  -0.33636  -0.48037
  -0.36381  -0.48922
  -0.39586  -0.47177
  -0.42725  -0.45207
  -0.43732  -0.45495
  -0.44899  -0.44899
  -0.46402  -0.43556
  -0.49231  -0.41309
  -0.50873  -0.39874
  -0.53090  -0.37174
  -0.57135  -0.33104
  -0.57207  -0.33028
  -0.57240  -0.32994
  -0.57348  -0.32867
  -0.60822  -0.28362
  -0.62954  -0.27081
  -0.64872  -0.25701
  -0.68722  -0.25013
  -0.68965  -0.24960
  -0.69078  -0.24866
  -0.73676  -0.20548
  -0.74248  -0.19962
  -0.74283  -0.19982
  -0.77187  -0.21950
                    
  -0.53312  -0.59978
  -0.52479  -0.59442
  -0.49456  -0.58867
  -0.49402  -0.58874
  -0.45945  -0.59231
  -0.42479  -0.60666
  -0.40970  -0.60922
  -0.38003  -0.61311
  -0.36036  -0.62417
  -0.33840  -0.63559
  -0.30120  -0.64592
  -0.28287  -0.64981
  -0.24083  -0.66166
  -0.18242  -0.67351
  -0.18119  -0.67340
  -0.18047  -0.67352
  -0.17962  -0.67373
  -0.12013  -0.68129
  -0.07651  -0.68350
  -0.05991  -0.68479
  -0.04288  -0.68616
  -0.00000  -0.68659
   0.03989  -0.68458
   0.05977  -0.68322
   0.07851  -0.68195
   0.12027  -0.68210
   0.15562  -0.68020
   0.17883  -0.67585
   0.18092  -0.67519
   0.18322  -0.67477
   0.23963  -0.65839
   0.29040  -0.63908
   0.29696  -0.63682
   0.31012  -0.63392
   0.35410  -0.61332
   0.39006  -0.59359
   0.41530  -0.59311
   0.44725  -0.58221
   0.46712  -0.57449
   0.48203  -0.57447
   0.51248  -0.57313
   0.52577  -0.59209
   0.53212  -0.60067
                    
  -0.53212   0.60067
  -0.52499   0.59394
  -0.50705   0.57794
  -0.48677   0.58012
  -0.46412   0.58166
  -0.42929   0.59558
  -0.41949   0.59910
  -0.38827   0.59723
  -0.35497   0.61483
  -0.31250   0.63411
  -0.29716   0.63726
  -0.29041   0.63907
  -0.24112   0.65479
  -0.23838   0.65496
  -0.19749   0.65601
  -0.17688   0.66012
  -0.15256   0.66540
  -0.11817   0.67016
  -0.09001   0.67274
  -0.05908   0.67531
  -0.02353   0.67549
  -0.00000   0.67382
   0.01762   0.67201
   0.05841   0.66760
   0.10155   0.66294
   0.11663   0.66141
   0.13495   0.65909
   0.17427   0.65038
   0.20848   0.64334
   0.23329   0.64095
   0.28953   0.63186
   0.29398   0.63044
   0.29715   0.62909
   0.30240   0.62884
   0.35202   0.60972
   0.39112   0.59143
   0.41409   0.59138
   0.45778   0.57397
   0.46945   0.56870
   0.47699   0.56845
   0.52165   0.56480
   0.52740   0.58813
   0.53312   0.59978
                    
  -0.51525  -2.15207
  -0.51668  -2.16667
  -0.51785  -2.18435
  -0.51797  -2.21198
  -0.49484  -2.25197
  -0.49405  -2.25317
  -0.49379  -2.25373
  -0.49331  -2.25474
  -0.46968  -2.29252
  -0.45652  -2.30743
  -0.44281  -2.32784
  -0.41740  -2.36001
  -0.41648  -2.36088
  -0.41595  -2.36108
  -0.41541  -2.36114
  -0.41350  -2.36133
  -0.37031  -2.35998
  -0.35502  -2.35838
  -0.33589  -2.36059
  -0.31725  -2.36152
  -0.29700  -2.35565
  -0.27225  -2.35730
  -0.27068  -2.35724
  -0.24482  -2.35486
  -0.22922  -2.35900
  -0.20492  -2.36304
  -0.19821  -2.35672
  -0.17416  -2.33645
  -0.13864  -2.30472
  -0.13769  -2.30379
  -0.13724  -2.30357
  -0.13687  -2.30354
  -0.10211  -2.28565
  -0.09964  -2.28401
  -0.09863  -2.28421
  -0.09720  -2.28448
  -0.07742  -2.27724
  -0.07150  -2.27817
  -0.06450  -2.27838
  -0.05557  -2.27793
  -0.05177  -2.27769
  -0.04851  -2.27624
  -0.04198  -2.28200
  -0.03581  -2.28664
  -0.03180  -2.28536
  -0.02866  -2.28161
  -0.01941  -2.27675
  -0.01331  -2.27262
  -0.00961  -2.26919
  -0.00897  -2.26925
  -0.00834  -2.26930
  -0.00000  -2.27284
   0.00170  -2.27344
   0.00914  -2.27551
   0.00957  -2.27603
   0.01003  -2.27597
   0.01918  -2.27546
   0.02809  -2.27421
   0.02876  -2.27401
   0.02999  -2.27502
   0.03818  -2.27158
   0.04625  -2.26738
   0.04760  -2.26875
   0.05093  -2.27179
   0.06141  -2.27303
   0.06964  -2.27315
   0.08623  -2.28982
   0.09791  -2.28495
   0.09847  -2.28402
   0.09915  -2.28286
   0.10967  -2.27871
   0.11131  -2.27797
   0.13255  -2.29127
   0.14296  -2.29828
   0.15341  -2.31176
   0.17351  -2.33711
   0.18171  -2.34838
   0.19263  -2.36553
   0.19827  -2.36975
   0.20252  -2.37282
   0.21358  -2.38024
   0.24170  -2.39287
   0.25858  -2.39900
   0.28043  -2.40197
   0.28802  -2.40259
   0.30807  -2.38867
   0.31365  -2.38629
   0.33399  -2.37924
   0.35192  -2.36985
   0.35824  -2.36617
   0.36868  -2.36308
   0.39780  -2.35217
   0.40828  -2.34136
   0.43012  -2.32597
   0.43226  -2.32400
   0.45363  -2.30237
   0.46316  -2.29077
   0.47196  -2.26923
   0.47864  -2.25106
   0.48306  -2.23758
   0.49044  -2.20957
   0.49469  -2.17428
   0.49452  -2.16667
   0.49421  -2.15857
   0.49536  -2.12333
   0.48272  -2.09621
   0.47981  -2.08206
   0.47616  -2.06678
   0.46429  -2.04226
   0.45534  -2.02800
   0.43220  -2.01308
   0.42692  -2.01128
   0.40273  -2.00428
   0.38002  -1.99322
   0.37581  -1.99142
   0.34932  -1.98740
   0.32383  -1.97971
   0.32166  -1.97918
   0.29537  -1.98185
   0.27349  -1.98015
   0.26656  -1.98002
   0.24106  -1.98704
   0.22248  -1.99044
   0.20612  -2.00629
   0.19579  -2.02237
   0.18454  -2.03745
   0.17402  -2.05097
   0.16325  -2.06126
   0.15450  -2.06331
   0.14898  -2.06235
   0.13614  -2.06030
   0.12721  -2.05993
   0.12364  -2.05996
   0.11486  -2.05994
   0.10605  -2.06062
   0.09175  -2.06572
   0.08509  -2.06525
   0.07556  -2.06541
   0.06891  -2.06826
   0.06476  -2.07181
   0.05447  -2.07231
   0.05091  -2.07280
   0.04392  -2.07419
   0.04327  -2.07388
   0.04261  -2.07357
   0.03310  -2.07573
   0.02582  -2.07836
   0.02381  -2.07780
   0.02180  -2.07728
   0.01524  -2.08025
   0.01012  -2.08323
   0.00732  -2.08294
   0.00453  -2.08274
  -0.00000  -2.08630
  -0.00349  -2.08961
  -0.00672  -2.08983
  -0.00994  -2.09018
  -0.01384  -2.08819
  -0.01853  -2.08626
  -0.02136  -2.08696
  -0.02416  -2.08777
  -0.02949  -2.08565
  -0.03619  -2.08375
  -0.03823  -2.08467
  -0.04025  -2.08565
  -0.05003  -2.08002
  -0.05774  -2.07684
  -0.06412  -2.07322
  -0.06979  -2.06700
  -0.08837  -2.05503
  -0.09616  -2.05206
  -0.09884  -2.05119
  -0.10290  -2.04837
  -0.13693  -2.02974
  -0.13722  -2.02980
  -0.13772  -2.02957
  -0.13863  -2.02862
  -0.17754  -2.00042
  -0.19426  -1.98996
  -0.20962  -1.97532
  -0.24359  -1.95525
  -0.25116  -1.95102
  -0.25501  -1.94894
  -0.26502  -1.94429
  -0.29049  -1.93379
  -0.30879  -1.94257
  -0.31789  -1.94408
  -0.33854  -1.95452
  -0.35174  -1.96359
  -0.35786  -1.96812
  -0.37139  -1.97543
  -0.38810  -1.98569
  -0.40545  -1.99843
  -0.43026  -2.00775
  -0.43318  -2.00900
  -0.45889  -2.02159
  -0.47584  -2.03917
  -0.49430  -2.07830
  -0.49468  -2.07921
  -0.49479  -2.07942
  -0.49500  -2.07983
  -0.51157  -2.12191
  -0.51525  -2.15207
                    
   0.76390  -2.41246
   0.75140  -2.41677
   0.72824  -2.41322
   0.70890  -2.42468
   0.69219  -2.43373
   0.68313  -2.43563
   0.66376  -2.43916
   0.63983  -2.44506
   0.63116  -2.45001
   0.62411  -2.45769
   0.60626  -2.47843
   0.58560  -2.50476
   0.57319  -2.51933
   0.54967  -2.53376
   0.53554  -2.54165
   0.50746  -2.58117
   0.50190  -2.58781
   0.49615  -2.59449
   0.46440  -2.63106
   0.42914  -2.65795
   0.41571  -2.66209
   0.35763  -2.67560
   0.35683  -2.67604
   0.35670  -2.67609
   0.35564  -2.67620
   0.29856  -2.68378
   0.28642  -2.68452
   0.28051  -2.67826
   0.27164  -2.66860
   0.24436  -2.65060
   0.23646  -2.64190
   0.21631  -2.63055
   0.20062  -2.62698
   0.17984  -2.62110
   0.16061  -2.60793
   0.15026  -2.60003
   0.12873  -2.59150
   0.11379  -2.59132
   0.09556  -2.59537
   0.07580  -2.59656
   0.06059  -2.59685
   0.03783  -2.59903
   0.01509  -2.60090
  -0.00000  -2.60160
  -0.01595  -2.60177
  -0.03799  -2.60086
  -0.05597  -2.60338
  -0.07668  -2.60154
  -0.09993  -2.59829
  -0.11539  -2.59731
  -0.12608  -2.59660
  -0.14961  -2.60025
  -0.16038  -2.60731
  -0.18069  -2.61913
  -0.21216  -2.62164
  -0.21231  -2.62171
  -0.24027  -2.63268
  -0.27010  -2.63672
  -0.27240  -2.63848
  -0.29758  -2.65654
  -0.31482  -2.65788
  -0.34444  -2.65857
  -0.36155  -2.66276
  -0.38700  -2.65364
  -0.40991  -2.65518
  -0.42977  -2.65556
  -0.46655  -2.63488
  -0.46759  -2.63425
  -0.50568  -2.59685
  -0.50862  -2.59345
  -0.51162  -2.58992
  -0.54584  -2.54887
  -0.57318  -2.51818
  -0.58461  -2.50419
  -0.60238  -2.48076
  -0.61964  -2.45561
  -0.63068  -2.44599
  -0.64442  -2.43426
  -0.67309  -2.43182
  -0.68442  -2.43231
  -0.69204  -2.43255
  -0.71291  -2.42614
  -0.72524  -2.42192
  -0.75343  -2.43437
  -0.75610  -2.43548
                    
  -0.76390  -1.92088
  -0.74730  -1.94368
  -0.73764  -1.94984
  -0.70460  -1.91021
  -0.69249  -1.89721
  -0.68130  -1.89312
  -0.64823  -1.88266
  -0.63498  -1.87738
  -0.63189  -1.87686
  -0.62562  -1.87494
  -0.61763  -1.86197
  -0.58481  -1.82903
  -0.57312  -1.81845
  -0.54756  -1.78326
  -0.50690  -1.74246
  -0.50636  -1.74197
  -0.50625  -1.74188
  -0.50602  -1.74170
  -0.46073  -1.70594
  -0.43014  -1.67918
  -0.41179  -1.67592
  -0.37669  -1.67168
  -0.35931  -1.66411
  -0.35240  -1.66339
  -0.29934  -1.66587
  -0.29375  -1.66651
  -0.28668  -1.67012
  -0.25511  -1.68832
  -0.23818  -1.69551
  -0.21454  -1.70658
  -0.20619  -1.70882
  -0.18172  -1.71666
  -0.15713  -1.73496
  -0.15646  -1.73550
  -0.13104  -1.74648
  -0.11220  -1.74794
  -0.08318  -1.74686
  -0.07404  -1.74677
  -0.06742  -1.74684
  -0.03650  -1.74945
  -0.00218  -1.74639
  -0.00000  -1.74632
   0.00230  -1.74625
   0.03677  -1.74642
   0.06889  -1.74921
   0.07351  -1.74975
   0.07858  -1.75040
   0.10997  -1.75627
   0.13516  -1.75527
   0.15146  -1.75052
   0.17927  -1.74447
   0.18915  -1.73624
   0.20321  -1.73087
   0.22442  -1.71747
   0.24285  -1.70732
   0.26717  -1.70391
   0.28043  -1.70271
   0.30299  -1.69300
   0.33180  -1.69281
   0.33916  -1.69193
   0.36755  -1.68978
   0.38967  -1.70228
   0.42374  -1.72416
   0.43626  -1.73041
   0.44113  -1.73422
   0.46053  -1.74855
   0.48789  -1.75728
   0.50854  -1.76508
   0.53654  -1.79098
   0.55724  -1.81116
   0.57284  -1.82769
   0.57851  -1.83266
   0.59612  -1.84893
   0.62105  -1.87707
   0.63135  -1.88173
   0.63683  -1.88147
   0.65041  -1.88423
   0.67836  -1.88590
   0.69364  -1.88735
   0.72030  -1.90450
   0.72358  -1.90676
   0.75346  -1.89863
   0.75610  -1.89785
                    
   0.53895  -2.76121
   0.52972  -2.74906
   0.51825  -2.73459
   0.47400  -2.73156
   0.47108  -2.73123
   0.46756  -2.73270
   0.41068  -2.75317
   0.39182  -2.75665
   0.35192  -2.77620
   0.29597  -2.79856
   0.29537  -2.79836
   0.29476  -2.79878
   0.29435  -2.79901
   0.23746  -2.81908
   0.18900  -2.83192
   0.17914  -2.83522
   0.16929  -2.83740
   0.11928  -2.84315
   0.08312  -2.84499
   0.05950  -2.84673
   0.03166  -2.84677
  -0.00000  -2.84378
  -0.02136  -2.84089
  -0.05861  -2.83658
  -0.09582  -2.83455
  -0.11771  -2.83426
  -0.15309  -2.83224
  -0.17724  -2.82813
  -0.19707  -2.82314
  -0.23697  -2.81773
  -0.26368  -2.81270
  -0.29207  -2.80328
  -0.29637  -2.80224
  -0.30662  -2.80027
  -0.35665  -2.78441
  -0.38293  -2.77432
  -0.41961  -2.76594
  -0.43045  -2.76141
  -0.46541  -2.74528
  -0.48390  -2.74336
  -0.51335  -2.73903
  -0.52925  -2.75023
  -0.54047  -2.75983
                    
   0.54047  -1.57350
   0.53084  -1.58713
   0.52187  -1.60206
   0.47370  -1.60461
   0.47272  -1.60493
   0.47223  -1.60509
   0.47143  -1.60484
   0.46576  -1.60310
   0.40335  -1.59062
   0.39843  -1.59099
   0.38828  -1.58690
   0.34062  -1.57669
   0.31939  -1.57345
   0.28437  -1.55684
   0.24186  -1.54210
   0.22848  -1.53893
   0.21952  -1.53698
   0.17187  -1.52525
   0.11971  -1.51364
   0.11527  -1.51292
   0.11108  -1.51228
   0.05784  -1.50557
   0.00746  -1.50089
  -0.00000  -1.50052
  -0.00857  -1.50019
  -0.05828  -1.50053
  -0.10404  -1.50592
  -0.11620  -1.50769
  -0.12913  -1.50983
  -0.17331  -1.51985
  -0.21330  -1.52917
  -0.23127  -1.53125
  -0.26920  -1.53736
  -0.29018  -1.54438
  -0.30901  -1.55590
  -0.33577  -1.55499
  -0.34988  -1.56065
  -0.39369  -1.58062
  -0.40946  -1.58190
  -0.46067  -1.59501
  -0.46935  -1.59771
  -0.47804  -1.59696
  -0.51452  -1.59536
  -0.52867  -1.58166
  -0.53895  -1.57212
                    
  -0.54187  -4.31669
  -0.54204  -4.28793
  -0.54210  -4.28591
  -0.54175  -4.28385
  -0.53938  -4.27881
  -0.51337  -4.24281
  -0.50377  -4.23137
  -0.48602  -4.20310
  -0.48459  -4.20175
  -0.46211  -4.18215
  -0.44729  -4.17053
  -0.42190  -4.15337
  -0.41222  -4.14893
  -0.40613  -4.14395
  -0.36697  -4.13375
  -0.35884  -4.13232
  -0.35294  -4.12956
  -0.33053  -4.12049
  -0.31096  -4.11560
  -0.30668  -4.11524
  -0.30042  -4.11342
  -0.26664  -4.11937
  -0.25541  -4.12274
  -0.25264  -4.12364
  -0.24956  -4.12393
  -0.20177  -4.13373
  -0.19963  -4.13747
  -0.17876  -4.16840
  -0.16782  -4.18259
  -0.14793  -4.20733
  -0.13030  -4.21377
  -0.11742  -4.21591
  -0.10739  -4.21910
  -0.09615  -4.22375
  -0.09224  -4.22341
  -0.08640  -4.22318
  -0.07384  -4.22788
  -0.06675  -4.23395
  -0.05540  -4.23738
  -0.05071  -4.23936
  -0.04388  -4.24100
  -0.04321  -4.24068
  -0.04253  -4.24036
  -0.03273  -4.24340
  -0.02554  -4.24673
  -0.02337  -4.24612
  -0.02118  -4.24556
  -0.01533  -4.24640
  -0.01014  -4.24754
  -0.00753  -4.24727
  -0.00492  -4.24708
  -0.00000  -4.24618
   0.00519  -4.24556
   0.00766  -4.24574
   0.01014  -4.24599
   0.01568  -4.24443
   0.02209  -4.24318
   0.02402  -4.24368
   0.02594  -4.24421
   0.03305  -4.24252
   0.04183  -4.24142
   0.04268  -4.24181
   0.04353  -4.24221
   0.05068  -4.23934
   0.05539  -4.23739
   0.06671  -4.23404
   0.07244  -4.22987
   0.08265  -4.22611
   0.08947  -4.22670
   0.09435  -4.22741
   0.10998  -4.22159
   0.11246  -4.22087
   0.12794  -4.21865
   0.14316  -4.21321
   0.15098  -4.21100
   0.17767  -4.19411
   0.19132  -4.18315
   0.20339  -4.17340
   0.22485  -4.16015
   0.24115  -4.15352
   0.26987  -4.14437
   0.27168  -4.14419
   0.29751  -4.14299
   0.31749  -4.13887
   0.33107  -4.14219
   0.35184  -4.14875
   0.37788  -4.15528
   0.38028  -4.15601
   0.40194  -4.17261
   0.41862  -4.18097
   0.43606  -4.19109
   0.45276  -4.19912
   0.46384  -4.20905
   0.48056  -4.23633
   0.48670  -4.24752
   0.48968  -4.25325
   0.49832  -4.27150
   0.50572  -4.28909
   0.50750  -4.32755
   0.50760  -4.33333
   0.50763  -4.33926
   0.50562  -4.37757
   0.49853  -4.39345
   0.48901  -4.41246
   0.48652  -4.41912
   0.48265  -4.42893
   0.46653  -4.45834
   0.45452  -4.47056
   0.43498  -4.49165
   0.42788  -4.49857
   0.40962  -4.51123
   0.40128  -4.52045
   0.36534  -4.53588
   0.36011  -4.53768
   0.35783  -4.53993
   0.35413  -4.54349
   0.32451  -4.56056
   0.31112  -4.56461
   0.28907  -4.57589
   0.27834  -4.58060
   0.26034  -4.57467
   0.23703  -4.57037
   0.23267  -4.56881
   0.20778  -4.55840
   0.18642  -4.54734
   0.16814  -4.52454
   0.16316  -4.51371
   0.13960  -4.47293
   0.13866  -4.47140
   0.13801  -4.47013
   0.13709  -4.46980
   0.13640  -4.46973
   0.13434  -4.46968
   0.11128  -4.46595
   0.10468  -4.46408
   0.09122  -4.46085
   0.08873  -4.46006
   0.07285  -4.44877
   0.06237  -4.44136
   0.04839  -4.42852
   0.04437  -4.42738
   0.04395  -4.42758
   0.04352  -4.42777
   0.03475  -4.42881
   0.02685  -4.42902
   0.02572  -4.42933
   0.02459  -4.42962
   0.01767  -4.43355
   0.00951  -4.43722
   0.00909  -4.43726
   0.00868  -4.43730
   0.00212  -4.44010
  -0.00000  -4.44090
  -0.00902  -4.44370
  -0.00964  -4.44353
  -0.01035  -4.44386
  -0.01930  -4.44281
  -0.02811  -4.44105
  -0.02895  -4.44136
  -0.03039  -4.44256
  -0.03942  -4.44164
  -0.04783  -4.44009
  -0.05110  -4.44291
  -0.05833  -4.44803
  -0.06712  -4.44960
  -0.07332  -4.45020
  -0.08977  -4.46153
  -0.09018  -4.46159
  -0.10423  -4.46272
  -0.10945  -4.46377
  -0.12362  -4.46546
  -0.13169  -4.46503
  -0.13540  -4.46507
  -0.14176  -4.46625
  -0.15001  -4.47692
  -0.17654  -4.50064
  -0.19679  -4.51823
  -0.20553  -4.52906
  -0.23517  -4.53066
  -0.24820  -4.53008
  -0.26300  -4.53438
  -0.29718  -4.54142
  -0.30317  -4.54053
  -0.30851  -4.54175
  -0.34158  -4.53054
  -0.35487  -4.52469
  -0.37169  -4.52397
  -0.40153  -4.52057
  -0.41052  -4.51343
  -0.42407  -4.50812
  -0.44341  -4.49472
  -0.46041  -4.48125
  -0.48024  -4.46201
  -0.48897  -4.44759
  -0.49952  -4.42831
  -0.50443  -4.42228
  -0.52289  -4.39721
  -0.53233  -4.37991
  -0.53340  -4.37107
  -0.53990  -4.33333
  -0.54187  -4.31669
                    
  -0.77250  -4.11606
  -0.74455  -4.12514
  -0.74023  -4.12555
  -0.69604  -4.07999
  -0.69094  -4.07532
  -0.68678  -4.07385
  -0.67533  -4.06999
  -0.64007  -4.05549
  -0.63105  -4.05094
  -0.62085  -4.04383
  -0.59909  -4.01732
  -0.58076  -3.99803
  -0.57298  -3.99034
  -0.55004  -3.96679
  -0.53877  -3.95608
  -0.50741  -3.91833
  -0.50157  -3.91246
  -0.49378  -3.90486
  -0.46059  -3.87274
  -0.43224  -3.85431
  -0.40096  -3.85548
  -0.39844  -3.85567
  -0.36208  -3.83881
  -0.34568  -3.83964
  -0.30993  -3.83902
  -0.29616  -3.83955
  -0.27893  -3.85022
  -0.26438  -3.86004
  -0.24237  -3.87271
  -0.22454  -3.88420
  -0.20158  -3.90105
  -0.18949  -3.90388
  -0.17783  -3.91053
  -0.15241  -3.91458
  -0.13374  -3.91883
  -0.11074  -3.92005
  -0.07864  -3.91702
  -0.07347  -3.91668
  -0.06924  -3.91645
  -0.03644  -3.91685
  -0.03216  -3.91684
  -0.00206  -3.91806
  -0.00000  -3.91833
   0.00258  -3.91869
   0.03588  -3.92326
   0.06731  -3.92638
   0.07168  -3.92679
   0.07554  -3.92719
   0.10712  -3.93355
   0.11671  -3.93223
   0.13874  -3.93024
   0.14675  -3.93013
   0.16272  -3.93044
   0.18722  -3.93184
   0.19821  -3.92996
   0.20788  -3.92447
   0.22773  -3.90493
   0.23848  -3.89144
   0.24590  -3.88241
   0.26619  -3.87228
   0.27714  -3.86740
   0.30164  -3.85539
   0.33433  -3.85586
   0.33512  -3.85574
   0.36627  -3.85206
   0.39296  -3.86502
   0.43614  -3.88983
   0.43911  -3.88884
   0.44243  -3.89090
   0.44643  -3.89453
   0.48549  -3.92595
   0.50939  -3.94800
   0.52392  -3.96648
   0.56642  -3.99987
   0.57084  -4.00376
   0.57230  -4.00506
   0.57512  -4.00754
   0.61505  -4.04653
   0.63071  -4.05377
   0.64106  -4.05779
   0.66895  -4.06488
   0.68374  -4.06593
   0.69214  -4.06668
   0.70527  -4.07664
   0.73230  -4.09912
   0.74912  -4.09930
   0.76753  -4.09913
                    
   0.77250  -4.55060
   0.74505  -4.54405
   0.74004  -4.54181
   0.69737  -4.58715
   0.69118  -4.59300
   0.68592  -4.59510
   0.66975  -4.60115
   0.63861  -4.61452
   0.63126  -4.61749
   0.62205  -4.62340
   0.60084  -4.64833
   0.58226  -4.66950
   0.57306  -4.67932
   0.55186  -4.69714
   0.53652  -4.70901
   0.50736  -4.74885
   0.50262  -4.75508
   0.49840  -4.76052
   0.46471  -4.79804
   0.42938  -4.82373
   0.41365  -4.82630
   0.37386  -4.83046
   0.35836  -4.83856
   0.35416  -4.83913
   0.31198  -4.84098
   0.29366  -4.84196
   0.29031  -4.84206
   0.28873  -4.84033
   0.28646  -4.83783
   0.25022  -4.81426
   0.23846  -4.80382
   0.21706  -4.78613
   0.20684  -4.77691
   0.18673  -4.77054
   0.16941  -4.75958
   0.15442  -4.75760
   0.13118  -4.75322
   0.11271  -4.75397
   0.08928  -4.75765
   0.07492  -4.75825
   0.06405  -4.75837
   0.03730  -4.75966
   0.01081  -4.76313
  -0.00000  -4.76344
  -0.01113  -4.76347
  -0.03766  -4.76373
  -0.06024  -4.76403
  -0.07570  -4.76265
  -0.09320  -4.76041
  -0.11374  -4.75781
  -0.12910  -4.75743
  -0.15411  -4.75674
  -0.18273  -4.75404
  -0.19103  -4.75814
  -0.19841  -4.75883
  -0.22732  -4.78107
  -0.24322  -4.79170
  -0.27054  -4.80192
  -0.27188  -4.80236
  -0.29809  -4.82176
  -0.31882  -4.82196
  -0.34151  -4.82106
  -0.36278  -4.82572
  -0.39860  -4.80837
  -0.40657  -4.80409
  -0.43326  -4.80797
  -0.45985  -4.79318
  -0.49150  -4.76242
  -0.50096  -4.75369
  -0.50750  -4.74745
  -0.53805  -4.71008
  -0.55253  -4.69611
  -0.57293  -4.67481
  -0.57898  -4.66761
  -0.58920  -4.65497
  -0.61554  -4.62036
  -0.63036  -4.61017
  -0.64447  -4.60082
  -0.68144  -4.59164
  -0.68717  -4.59179
  -0.69102  -4.59186
  -0.69685  -4.58697
  -0.73821  -4.54821
  -0.74690  -4.55403
  -0.76753  -4.56754
                    
  -0.52942  -4.93639
  -0.52245  -4.93322
  -0.49828  -4.92716
  -0.49088  -4.92508
  -0.45946  -4.92563
  -0.42429  -4.93928
  -0.41108  -4.94162
  -0.38032  -4.94590
  -0.35996  -4.95679
  -0.33545  -4.96882
  -0.30065  -4.97807
  -0.28421  -4.98128
  -0.24053  -4.99419
  -0.18403  -5.00640
  -0.18159  -5.00632
  -0.18039  -5.00655
  -0.17893  -5.00687
  -0.11972  -5.01230
  -0.08140  -5.01302
  -0.05959  -5.01440
  -0.03715  -5.01645
  -0.00000  -5.01783
   0.03844  -5.01714
   0.05973  -5.01602
   0.08000  -5.01412
   0.11954  -5.01128
   0.17000  -5.00428
   0.17917  -5.00199
   0.18826  -4.99938
   0.23607  -4.98996
   0.23869  -4.98912
   0.29265  -4.96909
   0.29598  -4.96807
   0.30346  -4.96664
   0.35350  -4.94562
   0.38986  -4.92735
   0.41628  -4.92784
   0.44196  -4.91957
   0.46589  -4.91078
   0.48479  -4.91108
   0.50789  -4.91055
   0.52363  -4.93049
   0.52848  -4.93721
                    
  -0.52848  -3.72946
  -0.52298  -3.73466
  -0.50484  -3.75346
  -0.48744  -3.75242
  -0.46422  -3.75190
  -0.43228  -3.73992
  -0.41869  -3.73538
  -0.38844  -3.73645
  -0.35406  -3.72009
  -0.30349  -3.70002
  -0.29595  -3.69867
  -0.29292  -3.69798
  -0.27213  -3.69081
  -0.23563  -3.68596
  -0.20286  -3.68341
  -0.17578  -3.67730
  -0.14447  -3.67075
  -0.11749  -3.66700
  -0.09495  -3.66471
  -0.05876  -3.66165
  -0.01854  -3.66077
  -0.00000  -3.66125
   0.01633  -3.66209
   0.05839  -3.66593
   0.10322  -3.67186
   0.11626  -3.67398
   0.12940  -3.67639
   0.17317  -3.68705
   0.21303  -3.69550
   0.23140  -3.69757
   0.27062  -3.70382
   0.29064  -3.71005
   0.30541  -3.71683
   0.32812  -3.71752
   0.35085  -3.72564
   0.39138  -3.74245
   0.41341  -3.74293
   0.45703  -3.75876
   0.46912  -3.76379
   0.47769  -3.76404
   0.52035  -3.76733
   0.52592  -3.74161
   0.52942  -3.73028
                    
   2.59136  -0.00000
   2.59250  -0.00873
   2.59703  -0.05871
   2.58041  -0.09249
   2.57298  -0.10597
   2.56926  -0.11344
   2.55894  -0.13286
   2.53917  -0.16432
   2.53335  -0.17880
   2.51224  -0.21340
   2.50765  -0.22026
   2.48244  -0.22825
   2.45530  -0.24685
   2.45005  -0.28359
   2.44248  -0.29823
   2.43376  -0.31399
   2.42020  -0.34609
   2.41053  -0.36526
   2.39076  -0.39004
   2.36980  -0.41366
   2.35664  -0.43072
   2.31116  -0.44647
   2.30240  -0.44866
   2.30049  -0.44911
   2.29674  -0.45044
   2.25087  -0.46407
   2.23176  -0.46413
   2.20061  -0.46739
   2.19474  -0.46560
   2.16973  -0.45677
   2.13956  -0.45814
   2.13571  -0.45622
   2.11074  -0.44230
   2.08638  -0.44085
   2.06246  -0.43788
   2.05075  -0.43227
   2.04117  -0.43011
   2.02299  -0.40630
   2.01076  -0.38802
   1.99326  -0.38185
   1.96685  -0.37006
   1.96144  -0.36639
   1.95793  -0.36578
   1.95373  -0.36610
   1.92593  -0.36547
   1.90094  -0.36307
   1.89421  -0.36252
   1.88863  -0.36368
   1.87968  -0.36943
   1.85954  -0.37647
   1.83843  -0.38220
   1.81945  -0.40394
   1.81701  -0.40648
   1.79307  -0.41640
   1.77526  -0.43322
   1.76715  -0.43622
   1.74182  -0.44411
   1.72071  -0.45829
   1.70893  -0.46534
   1.68438  -0.46277
   1.65652  -0.46663
   1.65087  -0.46717
   1.61978  -0.46301
   1.60334  -0.46069
   1.57360  -0.44710
   1.55931  -0.43692
   1.54732  -0.42784
   1.51361  -0.41232
   1.51145  -0.41063
   1.47935  -0.38343
   1.47283  -0.38019
   1.44977  -0.36776
   1.42754  -0.34897
   1.43626  -0.31723
   1.44224  -0.29974
   1.45817  -0.27405
   1.48965  -0.25721
   1.49335  -0.25499
   1.49704  -0.25278
   1.53137  -0.23390
   1.55913  -0.22421
   1.57010  -0.21884
   1.58413  -0.21180
   1.61147  -0.19933
   1.62755  -0.19269
   1.64968  -0.18241
   1.68583  -0.16390
   1.69193  -0.16062
   1.69420  -0.16091
   1.69627  -0.16081
   1.70584  -0.16207
   1.72963  -0.16471
   1.73598  -0.16490
   1.74466  -0.16217
   1.77784  -0.14808
   1.78450  -0.14538
   1.79187  -0.14068
   1.80804  -0.14049
   1.81866  -0.13927
   1.83067  -0.13604
   1.84396  -0.13365
   1.84825  -0.13252
   1.84969  -0.13204
   1.85267  -0.13097
   1.86807  -0.12407
   1.87474  -0.12304
   1.88185  -0.12110
   1.89145  -0.11746
   1.89485  -0.11599
   1.89723  -0.11545
   1.90669  -0.10908
   1.91073  -0.10570
   1.91648  -0.10468
   1.91677  -0.10470
   1.91705  -0.10473
   1.92593  -0.10494
   1.93472  -0.10441
   1.93506  -0.10438
   1.93540  -0.10435
   1.94437  -0.10462
   1.94786  -0.10451
   1.95399  -0.10722
   1.95473  -0.10752
   1.95603  -0.10861
   1.96825  -0.11629
   1.97660  -0.12007
   1.98326  -0.12295
   2.00253  -0.13680
   2.00479  -0.13809
   2.00614  -0.13893
   2.01217  -0.14244
   2.03150  -0.15077
   2.03626  -0.15253
   2.04286  -0.15520
   2.07143  -0.17340
   2.07989  -0.17772
   2.08905  -0.18041
   2.11076  -0.18483
   2.12346  -0.18755
   2.13964  -0.18676
   2.15763  -0.19442
   2.17564  -0.20091
   2.18684  -0.20374
   2.22596  -0.21009
   2.23032  -0.21141
   2.23233  -0.21151
   2.23840  -0.21358
   2.27526  -0.22906
   2.29617  -0.23675
   2.31944  -0.23565
   2.33353  -0.23533
   2.35614  -0.23367
   2.37447  -0.22573
   2.39163  -0.21716
   2.40342  -0.18548
   2.40477  -0.17429
   2.40543  -0.16781
   2.41552  -0.13119
   2.43618  -0.11332
   2.43989  -0.09063
   2.44242  -0.06956
   2.45122  -0.04596
   2.45254  -0.02864
   2.45287  -0.00000
   2.45171   0.02757
   2.45052   0.04590
   2.44878   0.06391
   2.45473   0.09324
   2.45707   0.10857
   2.48652   0.11333
   2.49832   0.11302
   2.50636   0.11271
   2.53675   0.11749
   2.54532   0.10922
   2.56476   0.08874
   2.58032   0.05725
   2.58621   0.03034
   2.59056   0.00565
   2.59136  -0.00000
                    
   1.24460   0.05961
   1.27282   0.10176
   1.27780   0.10836
   1.28072   0.11377
   1.28999   0.13005
   1.31389   0.16400
   1.31851   0.17880
   1.33648   0.21454
   1.35407   0.24473
   1.36372   0.25423
   1.36836   0.26000
   1.36858   0.26657
   1.36777   0.27454
   1.37845   0.31609
   1.38833   0.34636
   1.39936   0.36870
   1.41660   0.38720
   1.44099   0.40691
   1.48179   0.43549
   1.48555   0.43684
   1.48768   0.43824
   1.52925   0.44565
   1.55032   0.44763
   1.55105   0.44768
   1.55219   0.44803
   1.60340   0.46061
   1.61855   0.45851
   1.62927   0.45376
   1.66995   0.44336
   1.67677   0.44112
   1.68753   0.44194
   1.71949   0.44269
   1.73729   0.43191
   1.75783   0.42676
   1.77598   0.41199
   1.78681   0.40216
   1.80041   0.39843
   1.82104   0.39145
   1.83663   0.37805
   1.85988   0.37457
   1.88180   0.36969
   1.88973   0.36537
   1.89401   0.36476
   1.89891   0.36526
   1.92593   0.36853
   1.95727   0.36978
   1.95827   0.36972
   1.95911   0.36984
   1.96073   0.37068
   1.99234   0.37663
   2.01482   0.37899
   2.03012   0.38886
   2.05706   0.39662
   2.06643   0.39871
   2.07241   0.40246
   2.10777   0.42109
   2.11752   0.42306
   2.12523   0.42740
   2.15065   0.42744
   2.17032   0.42331
   2.18087   0.42070
   2.19584   0.42342
   2.22482   0.42686
   2.24293   0.41980
   2.26862   0.42008
   2.27792   0.41949
   2.30624   0.41638
   2.33545   0.40952
   2.36440   0.38490
   2.37279   0.37711
   2.37425   0.37619
   2.37768   0.37398
   2.41318   0.34118
   2.41243   0.32205
   2.41043   0.29946
   2.40008   0.27375
   2.39734   0.26771
   2.39040   0.26816
   2.36458   0.26881
   2.35309   0.26396
   2.33745   0.25712
   2.31079   0.24952
   2.29896   0.24878
   2.27126   0.24180
   2.26682   0.24143
   2.23896   0.23771
   2.21987   0.22851
   2.20159   0.21437
   2.18769   0.20265
   2.17098   0.18876
   2.15074   0.17323
   2.12139   0.15845
   2.11425   0.15391
   2.10975   0.15099
   2.09971   0.14582
   2.07123   0.12903
   2.05618   0.11946
   2.04021   0.10734
   2.00744   0.07980
   2.00198   0.07496
   2.00117   0.07513
   2.00112   0.07519
   2.00106   0.07525
   1.99186   0.07858
   1.98379   0.08056
   1.98282   0.08125
   1.98184   0.08193
   1.97433   0.08384
   1.96751   0.08495
   1.96590   0.08572
   1.96427   0.08647
   1.95783   0.08765
   1.95174   0.08832
   1.94974   0.08888
   1.94773   0.08940
   1.94182   0.09016
   1.93603   0.09052
   1.93386   0.09074
   1.93169   0.09090
   1.92593   0.09134
   1.92006   0.09141
   1.91794   0.09125
   1.91583   0.09104
   1.90987   0.09106
   1.90364   0.09065
   1.90176   0.09017
   1.89990   0.08965
   1.89354   0.08899
   1.88676   0.08777
   1.88531   0.08711
   1.88386   0.08642
   1.87658   0.08547
   1.86842   0.08363
   1.86771   0.08314
   1.86701   0.08265
   1.85757   0.08146
   1.85668   0.08129
   1.83054   0.10800
   1.82181   0.11722
   1.81167   0.12772
   1.79461   0.14324
   1.78145   0.15199
   1.77052   0.15541
   1.74289   0.16017
   1.73776   0.16056
   1.73475   0.16042
   1.72472   0.15956
   1.70265   0.15634
   1.69583   0.15702
   1.69026   0.15815
   1.68269   0.16428
   1.65229   0.18630
   1.62236   0.20852
   1.61931   0.21120
   1.60834   0.21349
   1.57269   0.22300
   1.55863   0.22591
   1.54496   0.21995
   1.51526   0.20430
   1.50615   0.20356
   1.49791   0.19959
   1.48402   0.18496
   1.46323   0.16841
   1.45773   0.16361
   1.44130   0.12985
   1.44076   0.12943
   1.41759   0.10986
   1.41210   0.09060
   1.40645   0.06694
   1.39768   0.04622
   1.39636   0.03252
   1.39318  -0.00000
   1.39201  -0.03845
   1.39247  -0.04667
   1.39553  -0.05687
   1.39818  -0.09306
   1.40447  -0.13549
   1.40737  -0.13895
   1.40847  -0.14470
   1.40537  -0.15141
   1.39817  -0.14854
   1.39073  -0.14340
   1.35551  -0.12258
   1.34439  -0.11496
   1.31559  -0.11999
   1.30462  -0.10955
   1.28624  -0.09043
   1.26926  -0.07541
   1.25238  -0.05893
   1.24767  -0.02836
   1.24567   0.00000
   1.24485   0.03341
   1.24460   0.05961
                    
   2.35084  -0.68074
   2.34492  -0.66801
   2.33638  -0.65012
   2.29648  -0.64181
   2.29032  -0.64024
   2.28268  -0.64166
   2.22855  -0.64899
   2.20143  -0.65981
   2.17025  -0.67127
   2.13632  -0.68191
   2.11039  -0.68841
   2.08973  -0.69093
   2.04764  -0.69027
   2.03344  -0.68944
   1.99180  -0.69147
   1.98651  -0.69248
   1.98236  -0.69301
   1.92593  -0.69484
   1.87111  -0.69222
   1.86539  -0.69194
   1.85956  -0.69111
   1.81192  -0.68840
   1.80441  -0.68917
   1.76307  -0.69184
   1.74111  -0.68975
   1.71202  -0.68272
   1.68118  -0.67243
   1.65126  -0.66092
   1.62277  -0.65012
   1.56320  -0.63831
   1.55984  -0.63747
   1.55800  -0.63727
   1.54129  -0.63523
   1.48860  -0.62456
   1.48213  -0.62451
   1.48009  -0.62638
   1.47926  -0.62899
   1.46271  -0.65528
                    
   2.38914   0.65528
   2.36881   0.62954
   2.36813   0.62895
   2.36816   0.62748
   2.35039   0.59903
   2.33270   0.57114
   2.33636   0.56430
   2.33025   0.56237
   2.32277   0.56675
   2.31569   0.57231
   2.27028   0.59644
   2.23363   0.61286
   2.21610   0.62227
   2.20166   0.63021
   2.16038   0.64416
   2.12543   0.65374
   2.10316   0.66143
   2.08574   0.66779
   2.04462   0.67314
   2.01249   0.67556
   1.98543   0.68018
   1.96260   0.68285
   1.92593   0.68506
   1.88489   0.68519
   1.86603   0.68463
   1.84856   0.68283
   1.80574   0.68160
   1.75589   0.67674
   1.74838   0.67719
   1.74457   0.67685
   1.73923   0.67577
   1.68572   0.65997
   1.63719   0.64150
   1.62831   0.63823
   1.56226   0.63777
   1.55993   0.63762
   1.55697   0.63905
   1.52216   0.65429
   1.50885   0.67108
   1.50102   0.68074
                    
   2.55125  -2.05641
   2.56643  -2.07458
   2.57789  -2.10963
   2.58279  -2.16049
   2.58313  -2.16667
   2.58338  -2.17198
   2.58334  -2.22418
   2.56869  -2.26342
   2.56270  -2.27895
   2.55033  -2.30758
   2.53842  -2.33078
   2.53272  -2.34366
   2.51070  -2.37951
   2.51003  -2.38052
   2.48027  -2.38661
   2.45508  -2.41342
   2.44815  -2.45113
   2.44108  -2.46409
   2.43344  -2.47728
   2.41835  -2.51146
   2.40163  -2.53456
   2.38726  -2.55378
   2.37051  -2.57433
   2.35261  -2.59335
   2.31835  -2.61266
   2.30517  -2.61864
   2.29928  -2.62117
   2.27921  -2.63099
   2.25766  -2.64043
   2.23046  -2.63527
   2.21008  -2.62836
   2.18714  -2.61911
   2.17347  -2.61275
   2.15701  -2.61247
   2.13303  -2.61080
   2.11430  -2.59933
   2.08392  -2.59727
   2.08238  -2.59652
   2.05857  -2.58351
   2.03494  -2.57353
   2.03198  -2.57071
   2.01268  -2.55053
   1.99284  -2.54614
   1.96349  -2.53708
   1.95974  -2.53558
   1.95819  -2.53550
   1.95631  -2.53546
   1.92593  -2.52984
   1.90565  -2.52445
   1.89478  -2.52269
   1.88467  -2.52403
   1.86181  -2.53342
   1.86122  -2.53363
   1.83536  -2.54167
   1.82055  -2.55995
   1.80749  -2.56726
   1.78979  -2.57585
   1.77070  -2.59314
   1.76641  -2.59671
   1.73821  -2.60119
   1.72003  -2.60820
   1.68991  -2.60988
   1.67745  -2.60989
   1.66873  -2.61214
   1.62822  -2.61974
   1.61763  -2.62171
   1.60770  -2.62114
   1.58096  -2.61354
   1.56015  -2.60258
   1.54745  -2.59531
   1.52817  -2.59351
   1.50281  -2.58979
   1.49148  -2.55611
   1.48795  -2.54349
   1.48578  -2.53599
   1.47915  -2.50923
   1.47447  -2.48278
   1.46618  -2.47371
   1.44489  -2.44439
   1.42833  -2.41841
   1.41780  -2.40361
   1.41017  -2.38451
   1.40038  -2.35795
   1.39156  -2.32959
   1.38699  -2.31107
   1.36287  -2.27796
   1.37403  -2.26398
   1.38968  -2.24633
   1.39368  -2.26052
   1.40639  -2.29809
   1.40932  -2.30509
   1.41255  -2.31415
   1.42438  -2.34921
   1.43820  -2.38247
   1.44337  -2.39169
   1.46247  -2.40794
   1.47141  -2.42908
   1.48411  -2.45533
   1.50233  -2.43631
   1.51490  -2.42390
   1.54252  -2.41842
   1.55404  -2.41023
   1.57653  -2.39563
   1.60081  -2.37985
   1.61432  -2.37043
   1.62473  -2.36753
   1.65200  -2.35255
   1.69066  -2.32989
   1.69292  -2.32872
   1.69376  -2.32865
   1.69493  -2.32841
   1.69945  -2.32920
   1.72884  -2.33204
   1.73579  -2.33204
   1.74647  -2.33084
   1.76551  -2.32708
   1.77889  -2.32469
   1.80000  -2.31466
   1.80187  -2.31451
   1.81705  -2.31231
   1.82440  -2.31167
   1.83331  -2.31396
   1.84082  -2.31407
   1.84549  -2.31392
   1.85643  -2.31571
   1.87169  -2.31378
   1.87231  -2.31365
   1.87244  -2.31363
   1.87262  -2.31358
   1.88770  -2.30933
   1.89729  -2.30740
   1.90141  -2.30573
   1.90707  -2.30309
   1.91426  -2.30000
   1.91960  -2.29810
   1.92593  -2.29108
   1.93490  -2.27765
   1.93558  -2.27699
   1.93650  -2.27803
   1.94774  -2.29036
   1.95497  -2.29631
   1.96150  -2.29943
   1.96970  -2.30012
   1.97394  -2.29858
   1.97816  -2.29689
   1.98678  -2.29717
   1.99913  -2.30532
   2.00554  -2.30875
   2.00892  -2.31042
   2.02008  -2.31507
   2.03245  -2.31880
   2.03653  -2.32067
   2.04193  -2.32256
   2.07900  -2.35148
   2.08184  -2.35334
   2.08246  -2.35374
   2.08341  -2.35435
   2.11988  -2.37387
   2.13122  -2.38208
   2.14611  -2.38685
   2.16789  -2.39258
   2.18374  -2.39552
   2.19850  -2.39539
   2.22116  -2.39350
   2.23763  -2.39986
   2.25928  -2.40008
   2.27189  -2.40078
   2.29549  -2.40078
   2.31241  -2.38981
   2.33604  -2.37208
   2.34548  -2.36967
   2.35599  -2.36721
   2.38822  -2.36268
   2.40598  -2.35897
   2.41247  -2.34375
   2.41899  -2.32693
   2.43601  -2.30334
   2.44300  -2.29306
   2.44965  -2.25901
   2.45395  -2.22579
   2.45765  -2.21319
   2.45784  -2.20237
   2.46085  -2.16667
   2.46135  -2.12611
   2.46035  -2.11991
   2.45822  -2.11164
   2.45285  -2.07376
   2.44483  -2.03654
   2.44055  -2.02877
   2.44143  -2.02062
   2.43411  -1.98170
   2.43164  -1.97134
   2.43874  -1.98002
   2.45883  -2.00707
   2.47488  -2.01958
   2.49370  -2.03238
   2.51057  -2.04520
   2.53457  -2.03835
   2.55125  -2.05641
                    
   1.25064  -2.10759
   1.27377  -2.05319
   1.27453  -2.05181
   1.27477  -2.05138
   1.27532  -2.05000
   1.29891  -1.99866
   1.31401  -1.97425
   1.33304  -1.95087
   1.34970  -1.93241
   1.36780  -1.93177
   1.37966  -1.91194
   1.38471  -1.89139
   1.38824  -1.85623
   1.38865  -1.85323
   1.40360  -1.81438
   1.40918  -1.80484
   1.41625  -1.79500
   1.44545  -1.76350
   1.48501  -1.72699
   1.48563  -1.72637
   1.48622  -1.72596
   1.48674  -1.72618
   1.49300  -1.72561
   1.54351  -1.72603
   1.54952  -1.72649
   1.55527  -1.72494
   1.57763  -1.71967
   1.61047  -1.71615
   1.61633  -1.71681
   1.62027  -1.71892
   1.65269  -1.72721
   1.67078  -1.73418
   1.67380  -1.73545
   1.67703  -1.73557
   1.69245  -1.73651
   1.72858  -1.74345
   1.73326  -1.74702
   1.73794  -1.74829
   1.75760  -1.76118
   1.77500  -1.77715
   1.78016  -1.78230
   1.78674  -1.78426
   1.81335  -1.79396
   1.82835  -1.80253
   1.83074  -1.80368
   1.84799  -1.80260
   1.86181  -1.80303
   1.88717  -1.80528
   1.89428  -1.80494
   1.90148  -1.80419
   1.92593  -1.80261
   1.95170  -1.80273
   1.95774  -1.80305
   1.96293  -1.80254
   1.97631  -1.79778
   1.99135  -1.79564
   2.01726  -1.79356
   2.02753  -1.78746
   2.06549  -1.77604
   2.06816  -1.77589
   2.06942  -1.77582
   2.07081  -1.77486
   2.08584  -1.76513
   2.11708  -1.74972
   2.11924  -1.74918
   2.12097  -1.74840
   2.12747  -1.74771
   2.16528  -1.75209
   2.18311  -1.75541
   2.20341  -1.74816
   2.22298  -1.74243
   2.24345  -1.74934
   2.26893  -1.74685
   2.27851  -1.74647
   2.30574  -1.74669
   2.32890  -1.74475
   2.34847  -1.74412
   2.35774  -1.77431
   2.36155  -1.78940
   2.36495  -1.79828
   2.37282  -1.82115
   2.37936  -1.84917
   2.38327  -1.85898
   2.39606  -1.89523
   2.39705  -1.89844
   2.39503  -1.89583
   2.36920  -1.86522
   2.35448  -1.86659
   2.32841  -1.86642
   2.30834  -1.86753
   2.28590  -1.88241
   2.26694  -1.89901
   2.25503  -1.90939
   2.24097  -1.92150
   2.22038  -1.93881
   2.19895  -1.95238
   2.18623  -1.96215
   2.17329  -1.97212
   2.14742  -1.98921
   2.12898  -1.99628
   2.11569  -2.00222
   2.10871  -2.00621
   2.09167  -2.01666
   2.06703  -2.03306
   2.06071  -2.03657
   2.05145  -2.04115
   2.03193  -2.05115
   2.02187  -2.05750
   2.01687  -2.05829
   2.00722  -2.06055
   1.99531  -2.06758
   1.99150  -2.06999
   1.98330  -2.07660
   1.97737  -2.07757
   1.96802  -2.08014
   1.96659  -2.07946
   1.96515  -2.07880
   1.95777  -2.07917
   1.95147  -2.08008
   1.94929  -2.07946
   1.94710  -2.07891
   1.94164  -2.07756
   1.93604  -2.07655
   1.93383  -2.07633
   1.93162  -2.07616
   1.92593  -2.07469
   1.91972  -2.07354
   1.91779  -2.07369
   1.91587  -2.07387
   1.90914  -2.07146
   1.90093  -2.06943
   1.89994  -2.06968
   1.89895  -2.06995
   1.89061  -2.06589
   1.88821  -2.06305
   1.87612  -2.05115
   1.87037  -2.04752
   1.86157  -2.04495
   1.85589  -2.04535
   1.85138  -2.04588
   1.83955  -2.04331
   1.83299  -2.04040
   1.82137  -2.03631
   1.81477  -2.03419
   1.78877  -2.02935
   1.78859  -2.02933
   1.78854  -2.02932
   1.78848  -2.02930
   1.78822  -2.02910
   1.74663  -2.00232
   1.73355  -1.99540
   1.71030  -1.98212
   1.68742  -1.96654
   1.67345  -1.95751
   1.67013  -1.95654
   1.65414  -1.95243
   1.62780  -1.94364
   1.61746  -1.94352
   1.60949  -1.94510
   1.57496  -1.94011
   1.55811  -1.93894
   1.53636  -1.94175
   1.52502  -1.94382
   1.49912  -1.94388
   1.47912  -1.95832
   1.46438  -1.96890
   1.44855  -1.98148
   1.44122  -1.99025
   1.42531  -2.01094
   1.41151  -2.02883
   1.40754  -2.03761
   1.39939  -2.07382
   1.39365  -2.11162
   1.39180  -2.11994
   1.39074  -2.12644
   1.38508  -2.16667
   1.38394  -2.17923
   1.37641  -2.20486
   1.37180  -2.21515
   1.34945  -2.25658
   1.34632  -2.26339
   1.31118  -2.26155
   1.29266  -2.24464
   1.27170  -2.22390
   1.26603  -2.20454
   1.25891  -2.17610
   1.25759  -2.16667
   1.25584  -2.15225
   1.25064  -2.10759
                    
   2.33029  -2.85981
   2.32986  -2.85771
   2.31930  -2.82726
   2.30675  -2.82628
   2.27992  -2.82323
   2.24276  -2.82895
   2.23517  -2.82985
   2.19028  -2.84075
   2.17207  -2.84294
   2.12665  -2.84621
   2.10830  -2.84729
   2.09801  -2.84943
   2.04797  -2.85880
   1.99295  -2.86484
   1.98703  -2.86510
   1.98177  -2.86542
   1.92593  -2.86700
   1.86803  -2.86393
   1.86495  -2.86360
   1.86030  -2.86416
   1.80142  -2.87276
   1.78046  -2.87450
   1.73745  -2.87006
   1.68583  -2.85471
   1.67693  -2.85077
   1.66539  -2.84543
   1.61838  -2.82621
   1.59314  -2.82108
   1.56627  -2.81450
   1.55296  -2.81267
   1.49020  -2.80012
   1.48861  -2.80331
   1.48141  -2.83477
                    
   2.37044  -1.49856
   2.35255  -1.51120
   2.34414  -1.52151
   2.31975  -1.53195
   2.31303  -1.54284
   2.30617  -1.55397
   2.28117  -1.55136
   2.25189  -1.54971
   2.22712  -1.54365
   2.21840  -1.53946
   2.21149  -1.53524
   2.16141  -1.51967
   2.12334  -1.51058
   2.10362  -1.50351
   2.08849  -1.49800
   2.04512  -1.49067
   2.00676  -1.48653
   1.98574  -1.48293
   1.96907  -1.48037
   1.92593  -1.47704
   1.87543  -1.47660
   1.86556  -1.47670
   1.85564  -1.47845
   1.80561  -1.48430
   1.75230  -1.49465
   1.74648  -1.49695
   1.73843  -1.49981
   1.68802  -1.51304
   1.64988  -1.52582
   1.63327  -1.53091
   1.62982  -1.53167
   1.57468  -1.52197
   1.56498  -1.52088
   1.54372  -1.49955
   1.53399  -1.48781
   1.52274  -1.47453
   1.52157  -1.47352
                    
   2.58821  -4.33134
   2.58679  -4.32076
   2.57883  -4.27621
   2.56370  -4.24669
   2.53871  -4.22528
   2.53845  -4.22508
   2.50168  -4.22980
   2.50009  -4.22969
   2.49771  -4.22953
   2.45894  -4.23435
   2.45798  -4.23952
   2.45072  -4.27120
   2.45172  -4.28733
   2.45199  -4.30540
   2.45109  -4.33333
   2.44910  -4.35757
   2.44648  -4.37888
   2.43870  -4.40608
   2.43725  -4.42349
   2.43477  -4.44411
   2.42092  -4.46597
   2.40661  -4.50052
   2.40478  -4.50762
   2.40242  -4.51625
   2.38364  -4.54677
   2.37877  -4.55030
   2.35570  -4.56554
   2.33726  -4.57081
   2.31538  -4.57562
   2.29805  -4.57794
   2.27158  -4.56790
   2.24407  -4.55610
   2.23251  -4.55116
   2.22923  -4.54926
   2.21254  -4.54779
   2.18240  -4.54263
   2.17813  -4.54162
   2.17233  -4.54009
   2.13382  -4.52655
   2.12480  -4.52603
   2.11444  -4.52184
   2.08854  -4.51420
   2.07980  -4.51075
   2.06998  -4.50501
   2.04458  -4.48723
   2.03593  -4.48414
   2.03156  -4.48419
   2.02100  -4.48239
   2.01000  -4.47895
   2.00586  -4.47736
   1.99548  -4.47385
   1.99046  -4.47173
   1.97841  -4.46562
   1.97247  -4.46121
   1.95939  -4.44883
   1.95579  -4.44478
   1.95427  -4.44379
   1.94754  -4.43791
   1.94434  -4.43779
   1.93546  -4.43691
   1.93499  -4.43695
   1.93453  -4.43699
   1.92593  -4.43768
   1.91716  -4.43765
   1.91680  -4.43762
   1.91645  -4.43758
   1.90836  -4.43866
   1.90714  -4.43987
   1.89728  -4.44799
   1.89499  -4.44877
   1.89011  -4.45331
   1.87854  -4.46352
   1.87325  -4.46729
   1.86156  -4.47136
   1.85546  -4.47339
   1.84626  -4.47574
   1.84353  -4.47604
   1.83888  -4.47642
   1.82523  -4.47715
   1.81804  -4.47494
   1.80689  -4.47519
   1.79193  -4.47406
   1.78470  -4.47829
   1.77819  -4.48107
   1.74629  -4.49731
   1.73450  -4.50204
   1.72310  -4.50353
   1.69955  -4.50452
   1.68631  -4.50988
   1.66192  -4.51819
   1.65358  -4.52152
   1.62566  -4.53141
   1.61319  -4.53536
   1.59360  -4.54604
   1.57418  -4.55866
   1.55549  -4.57084
   1.53851  -4.57887
   1.49852  -4.58652
   1.49307  -4.58785
   1.49009  -4.58856
   1.48405  -4.58845
   1.44611  -4.58568
   1.44274  -4.61230
   1.44134  -4.63276
   1.44221  -4.65956
   1.44311  -4.67141
   1.47365  -4.70720
   1.47696  -4.71006
   1.47912  -4.71191
   1.51325  -4.74601
   1.51376  -4.74628
   1.54753  -4.76249
   1.55936  -4.77019
   1.57607  -4.78037
   1.60441  -4.79251
   1.61891  -4.79318
   1.64140  -4.79480
   1.66064  -4.79282
   1.68189  -4.78949
   1.71191  -4.79229
   1.71669  -4.78980
   1.74110  -4.77558
   1.76856  -4.76569
   1.77052  -4.76488
   1.79062  -4.74439
   1.80862  -4.73426
   1.82055  -4.72659
   1.83581  -4.70941
   1.86079  -4.69990
   1.86133  -4.69966
   1.88342  -4.68862
   1.89501  -4.68665
   1.90849  -4.68779
   1.92593  -4.68958
   1.94572  -4.69056
   1.95712  -4.68994
   1.96686  -4.69123
   1.98512  -4.70091
   1.99137  -4.70448
   2.01347  -4.71543
   2.02901  -4.73815
   2.03732  -4.74907
   2.05498  -4.75752
   2.07266  -4.76790
   2.08489  -4.77009
   2.11159  -4.77339
   2.13767  -4.78742
   2.14028  -4.78742
   2.17116  -4.78614
   2.19163  -4.79355
   2.20549  -4.79782
   2.23199  -4.79664
   2.25111  -4.79774
   2.29741  -4.78323
   2.30058  -4.78205
   2.30202  -4.78155
   2.30613  -4.78007
   2.35265  -4.76006
   2.37096  -4.73666
   2.38528  -4.71878
   2.39746  -4.70239
   2.41337  -4.67465
   2.43247  -4.63481
   2.43617  -4.62792
   2.43945  -4.62163
   2.44926  -4.59126
   2.45270  -4.57897
   2.45746  -4.57391
   2.47910  -4.54905
   2.49375  -4.54000
   2.51835  -4.52292
   2.53055  -4.50431
   2.53384  -4.49622
   2.54577  -4.47834
   2.56467  -4.44596
   2.57073  -4.43441
   2.58224  -4.41180
   2.59150  -4.39156
   2.58842  -4.33566
   2.58831  -4.33333
   2.58821  -4.33134
                    
   1.24925  -4.27413
   1.27263  -4.23284
   1.27773  -4.22482
   1.28087  -4.21959
   1.29337  -4.20002
   1.31561  -4.16980
   1.32008  -4.15900
   1.33951  -4.12592
   1.34359  -4.12138
   1.36745  -4.09691
   1.37987  -4.07870
   1.38345  -4.05871
   1.39144  -4.02475
   1.39664  -4.00658
   1.40806  -3.97944
   1.41176  -3.97331
   1.41625  -3.96749
   1.43873  -3.94661
   1.45232  -3.93593
   1.48276  -3.91424
   1.49618  -3.90359
   1.54711  -3.88959
   1.55037  -3.88890
   1.55248  -3.88828
   1.55981  -3.88618
   1.60633  -3.87690
   1.61731  -3.87957
   1.62427  -3.88288
   1.67289  -3.89506
   1.67561  -3.89596
   1.67969  -3.89571
   1.72183  -3.89565
   1.73632  -3.90424
   1.75250  -3.90871
   1.77898  -3.92959
   1.78521  -3.93514
   1.79211  -3.93762
   1.82361  -3.95150
   1.83420  -3.96120
   1.86006  -3.96689
   1.86141  -3.96744
   1.88361  -3.97773
   1.89493  -3.97899
   1.90737  -3.97755
   1.92593  -3.97456
   1.94912  -3.97224
   1.95750  -3.97245
   1.96450  -3.97165
   1.97989  -3.96495
   1.99129  -3.96263
   2.01674  -3.95895
   2.02846  -3.95069
   2.06245  -3.93854
   2.06742  -3.93714
   2.07101  -3.93473
   2.10946  -3.91298
   2.11778  -3.91108
   2.12458  -3.90732
   2.14587  -3.90749
   2.16881  -3.91264
   2.18173  -3.91612
   2.20114  -3.91333
   2.22125  -3.91157
   2.24430  -3.92024
   2.27370  -3.91887
   2.27537  -3.91886
   2.30660  -3.91970
   2.33341  -3.92585
   2.36499  -3.95671
   2.36926  -3.96133
   2.37305  -3.96553
   2.40204  -3.99995
   2.40778  -4.03298
   2.40530  -4.05657
   2.40241  -4.07475
   2.38306  -4.06941
   2.36443  -4.06530
   2.35200  -4.06763
   2.32522  -4.07373
   2.30622  -4.07689
   2.30048  -4.07693
   2.28857  -4.07941
   2.26022  -4.08284
   2.24141  -4.08643
   2.21656  -4.10064
   2.19382  -4.11930
   2.18546  -4.12784
   2.17260  -4.14056
   2.14976  -4.15884
   2.12115  -4.17494
   2.11408  -4.17921
   2.11006  -4.18170
   2.09465  -4.19176
   2.07330  -4.20668
   2.04974  -4.22634
   2.04369  -4.22983
   2.01938  -4.24585
   2.00360  -4.26005
   2.00113  -4.25825
   2.00107  -4.25819
   2.00101  -4.25813
   1.99329  -4.25305
   1.98569  -4.24897
   1.98522  -4.24865
   1.98476  -4.24832
   1.97658  -4.24560
   1.96897  -4.24380
   1.96791  -4.24330
   1.96684  -4.24281
   1.95942  -4.24130
   1.95241  -4.24043
   1.95093  -4.24002
   1.94944  -4.23963
   1.94263  -4.23860
   1.93591  -4.23807
   1.93427  -4.23791
   1.93264  -4.23778
   1.92593  -4.23771
   1.91928  -4.23810
   1.91761  -4.23824
   1.91593  -4.23840
   1.90923  -4.23863
   1.90231  -4.23937
   1.90085  -4.23975
   1.89940  -4.24015
   1.89232  -4.24101
   1.88482  -4.24252
   1.88380  -4.24299
   1.88278  -4.24347
   1.87511  -4.24531
   1.86686  -4.24808
   1.86643  -4.24837
   1.86601  -4.24867
   1.85776  -4.25209
   1.85517  -4.25335
   1.83881  -4.24049
   1.81584  -4.22170
   1.80988  -4.21729
   1.79100  -4.20285
   1.78583  -4.19867
   1.75417  -4.18124
   1.74111  -4.17522
   1.73830  -4.17403
   1.73472  -4.17289
   1.69770  -4.16462
   1.68682  -4.15783
   1.65807  -4.13881
   1.62753  -4.11931
   1.62306  -4.11680
   1.61937  -4.11557
   1.61465  -4.11537
   1.57489  -4.10690
   1.55781  -4.10457
   1.54352  -4.11255
   1.51363  -4.13235
   1.50762  -4.13338
   1.50255  -4.13591
   1.48382  -4.14845
   1.45934  -4.16351
   1.45594  -4.16583
   1.44877  -4.17692
   1.43433  -4.20161
   1.41683  -4.22212
   1.41258  -4.24282
   1.40911  -4.26406
   1.40087  -4.28740
   1.39904  -4.30434
   1.39659  -4.33333
   1.39575  -4.36668
   1.39624  -4.37968
   1.39977  -4.39421
   1.40006  -4.42606
   1.40373  -4.47044
   1.40522  -4.47286
   1.40646  -4.47663
   1.40731  -4.49125
   1.39935  -4.47945
   1.39507  -4.47558
   1.35503  -4.45368
   1.34493  -4.44719
   1.31455  -4.44792
   1.30855  -4.44219
   1.28779  -4.42068
   1.26812  -4.39805
   1.26274  -4.39135
   1.25528  -4.34867
   1.25337  -4.33333
   1.25124  -4.31120
   1.24925  -4.27413
                    
   2.34767  -5.01604
   2.34204  -5.00593
   2.33197  -4.98621
   2.29990  -4.98108
   2.28726  -4.97851
   2.26939  -4.98221
   2.23138  -4.98837
   2.19464  -5.00195
   2.17185  -5.00899
   2.14292  -5.01675
   2.11102  -5.02411
   2.08731  -5.02659
   2.04813  -5.02636
   2.01984  -5.02476
   1.99014  -5.02601
   1.98659  -5.02669
   1.98382  -5.02705
   1.92593  -5.02950
   1.86790  -5.02711
   1.86524  -5.02699
   1.86250  -5.02658
   1.83833  -5.02559
   1.80336  -5.02843
   1.76751  -5.02940
   1.74017  -5.02657
   1.70335  -5.01796
   1.67935  -5.01081
   1.65879  -5.00395
   1.61978  -4.98986
   1.57918  -4.98046
   1.56301  -4.97597
   1.55537  -4.97515
   1.48664  -4.96338
   1.48506  -4.96296
   1.48483  -4.96294
   1.48476  -4.96301
   1.48473  -4.96311
   1.48135  -4.96826
   1.46699  -4.99162
                    
   2.38486  -3.67505
   2.36512  -3.70017
   2.36430  -3.70171
   2.36059  -3.70265
   2.34071  -3.72756
   2.32171  -3.75180
   2.29749  -3.74271
   2.27340  -3.73149
   2.22942  -3.71383
   2.21780  -3.70740
   2.20885  -3.70222
   2.16083  -3.68793
   2.12567  -3.67986
   2.10313  -3.67201
   2.08568  -3.66557
   2.04477  -3.65936
   2.01039  -3.65608
   1.98556  -3.65174
   1.96486  -3.64927
   1.92593  -3.64673
   1.88182  -3.64654
   1.86588  -3.64703
   1.85059  -3.64894
   1.80570  -3.65148
   1.74589  -3.65949
   1.74541  -3.65964
   1.74482  -3.65986
   1.73916  -3.66102
   1.68506  -3.67157
   1.64360  -3.68277
   1.62518  -3.68838
   1.56754  -3.69258
   1.56137  -3.69336
   1.55472  -3.69039
   1.52392  -3.67796
   1.51043  -3.65978
   1.50418  -3.65063
                    
   4.41306  -0.57359
   4.39227  -0.55342
   4.38949  -0.54961
   4.39070  -0.54521
   4.39299  -0.54114
   4.40162  -0.52393
   4.42330  -0.47950
   4.42913  -0.46596
   4.43209  -0.44981
   4.43738  -0.40999
   4.44472  -0.39042
   4.44480  -0.36782
   4.45081  -0.34581
   4.45848  -0.31155
   4.45459  -0.28106
   4.46676  -0.24247
   4.47072  -0.22774
   4.47075  -0.22526
   4.47078  -0.21711
   4.47558  -0.16713
   4.48824  -0.12960
   4.48197  -0.11111
   4.46889  -0.07860
   4.46115  -0.06632
   4.43187  -0.06310
   4.40099  -0.05972
   4.39118  -0.05501
   4.37455  -0.06405
   4.34833  -0.07519
   4.34021  -0.07821
   4.32853  -0.08405
   4.30036  -0.09606
   4.28338  -0.09979
   4.26329  -0.11024
   4.25477  -0.11026
   4.22195  -0.10914
   4.20631  -0.11393
   4.17162  -0.11639
   4.16529  -0.11645
   4.16114  -0.11801
   4.12594  -0.12781
   4.11419  -0.12644
   4.10477  -0.12878
   4.07412  -0.12833
   4.06639  -0.12756
   4.05717  -0.13040
   4.04282  -0.13372
   4.02631  -0.13370
   4.01859  -0.13991
   4.00913  -0.14673
   3.99966  -0.14781
   3.99450  -0.14795
   3.98195  -0.15505
   3.96698  -0.16198
   3.96528  -0.16199
   3.96435  -0.16248
   3.95044  -0.17075
   3.93566  -0.17796
   3.93495  -0.17819
   3.93432  -0.17875
   3.91964  -0.18626
   3.90508  -0.19226
   3.90363  -0.19324
   3.90183  -0.19389
   3.88665  -0.19737
   3.87135  -0.19965
   3.86935  -0.20002
   3.86737  -0.19977
   3.85185  -0.19920
   3.83575  -0.19730
   3.83462  -0.19698
   3.83365  -0.19664
   3.81781  -0.19309
   3.80157  -0.18795
   3.80150  -0.18791
   3.80143  -0.18790
   3.79053  -0.18439
   3.80097  -0.18470
   3.80372  -0.17963
   3.81732  -0.15294
   3.82310  -0.13882
   3.83305  -0.10663
   3.83343  -0.10518
   3.84250  -0.10584
   3.84259  -0.10585
   3.84268  -0.10586
   3.85185  -0.10569
   3.86073  -0.10476
   3.86102  -0.10474
   3.86130  -0.10472
   3.87016  -0.10384
   3.87905  -0.10220
   3.87922  -0.10215
   3.87940  -0.10211
   3.88823  -0.09995
   3.89422  -0.09802
   3.89994  -0.10782
   3.90644  -0.11706
   3.92910  -0.13643
   3.93059  -0.13744
   3.93092  -0.13694
   3.93115  -0.13659
   3.94747  -0.13655
   3.95050  -0.12186
   3.95086  -0.11899
   3.95148  -0.11874
   3.95199  -0.11853
   3.95686  -0.10501
   3.97129  -0.10157
   3.97226  -0.10127
   3.97230  -0.10107
   3.97232  -0.10093
   3.98411  -0.09261
   3.99532  -0.08754
   3.99655  -0.08354
   3.99748  -0.08019
   4.00619  -0.07197
   4.01164  -0.06434
   4.01372  -0.05891
   4.01561  -0.05343
   4.01985  -0.04501
   4.02027  -0.03554
   4.02174  -0.02996
   4.02308  -0.02402
   4.02193  -0.01488
   4.02358  -0.00562
   4.02427  -0.00000
   4.02481   0.00615
   4.02526   0.01517
   4.02297   0.02404
   4.02156   0.02992
   4.02005   0.03539
   4.01651   0.04412
   4.01028   0.05366
   4.00945   0.05736
   4.00844   0.06139
   4.00023   0.06919
   3.99141   0.07915
   3.99172   0.08075
   3.99223   0.08371
   3.98098   0.08892
   3.97962   0.08946
   3.97173   0.10042
   3.97144   0.10034
   3.96993   0.09995
   3.96305   0.11053
   3.96277   0.11092
   3.96642   0.12788
   3.98378   0.14267
   3.99004   0.13890
   3.99052   0.13867
   3.99158   0.13862
   4.00636   0.12965
   4.01809   0.12103
   4.02470   0.12103
   4.04205   0.11911
   4.05002   0.11441
   4.05495   0.11122
   4.06736   0.11275
   4.09587   0.11379
   4.10281   0.11037
   4.11335   0.11031
   4.13885   0.10446
   4.15241   0.10003
   4.16669   0.10228
   4.18975   0.10525
   4.20943   0.10371
   4.21666   0.10249
   4.22765   0.10069
   4.26144   0.08209
   4.26765   0.07799
   4.27927   0.07536
   4.30544   0.06810
   4.32586   0.05933
   4.35127   0.05215
   4.37118   0.04544
   4.37726   0.02709
   4.38830  -0.00000
   4.39376  -0.01556
   4.42316  -0.01480
   4.43510  -0.01507
   4.44676  -0.01534
   4.47371  -0.01412
   4.50592  -0.01027
   4.51269  -0.01381
   4.52591  -0.02107
   4.54954  -0.01103
   4.54824  -0.05909
   4.54799  -0.06090
   4.55208  -0.07134
   4.56343  -0.12547
   4.56546  -0.13881
   4.57290  -0.13817
   4.57826  -0.13767
   4.60374  -0.16060
   4.62399  -0.16383
   4.63668  -0.16733
                    
   3.32898   0.02387
   3.32129   0.00000
   3.31125  -0.04070
   3.30719  -0.04292
   3.29614  -0.04862
   3.31049  -0.04897
   3.31191  -0.04867
   3.31580  -0.05132
   3.35514  -0.07361
   3.36383  -0.07774
   3.37516  -0.08405
   3.40369  -0.09764
   3.42013  -0.10008
   3.43875  -0.11069
   3.44927  -0.11149
   3.47923  -0.11246
   3.50025  -0.12245
   3.50971  -0.12453
   3.53063  -0.12794
   3.54974  -0.13534
   3.55678  -0.13759
   3.57981  -0.14014
   3.60167  -0.14444
   3.60802  -0.14525
   3.62943  -0.14109
   3.64673  -0.14363
   3.65537  -0.14336
   3.67287  -0.14158
   3.67902  -0.14502
   3.68773  -0.14941
   3.70191  -0.14994
   3.70866  -0.14914
   3.72120  -0.15570
   3.73648  -0.16216
   3.73842  -0.16200
   3.73947  -0.16211
   3.75406  -0.16938
   3.76526  -0.17396
   3.75732  -0.16373
   3.75049  -0.15325
   3.74557  -0.15179
   3.74236  -0.14837
   3.73734  -0.13647
   3.73486  -0.12908
   3.72962  -0.12223
   3.72308  -0.11637
   3.72107  -0.10974
   3.71988  -0.10508
   3.71318  -0.09710
   3.70390  -0.09351
   3.70159  -0.08676
   3.69988  -0.08105
   3.69251  -0.07430
   3.68902  -0.06728
   3.68772  -0.05974
   3.68690  -0.05335
   3.68406  -0.04496
   3.68502  -0.03451
   3.68453  -0.02950
   3.68422  -0.02485
   3.68747  -0.01438
   3.68707  -0.00281
   3.68707  -0.00000
   3.68711   0.00280
   3.68792   0.01434
   3.68681   0.02539
   3.68731   0.02901
   3.68790   0.03269
   3.68836   0.04381
   3.69140   0.05359
   3.69221   0.05810
   3.69329   0.06319
   3.69724   0.07210
   3.70449   0.08045
   3.70521   0.08466
   3.70636   0.09017
   3.71491   0.09589
   3.72519   0.10328
   3.72590   0.10568
   3.72694   0.10895
   3.73929   0.11256
   3.75007   0.12072
   3.75017   0.12118
   3.75034   0.12194
   3.75982   0.12693
   3.76219   0.12805
   3.77374   0.13446
   3.77441   0.13413
   3.77630   0.13317
   3.78803   0.13687
   3.79847   0.14239
   3.81305   0.09949
   3.81541   0.10011
   3.82432   0.10196
   3.82452   0.10202
   3.82471   0.10207
   3.83362   0.10338
   3.84235   0.10390
   3.84276   0.10394
   3.84317   0.10398
   3.85185   0.10420
   3.86046   0.10371
   3.86092   0.10367
   3.86138   0.10363
   3.87000   0.10290
   3.87870   0.10142
   3.87901   0.10134
   3.87931   0.10126
   3.88785   0.09891
   3.89630   0.09580
   3.89648   0.09571
   3.89667   0.09563
   3.90482   0.09175
   3.91274   0.08711
   3.91282   0.08707
   3.91289   0.08702
   3.92048   0.08178
   3.92082   0.08152
   3.92347   0.08535
   3.93937   0.11100
   3.92830   0.10919
   3.92233   0.10870
   3.91988   0.11782
   3.91784   0.12351
   3.90991   0.12451
   3.90370   0.12732
   3.89989   0.13198
   3.89686   0.13535
   3.88879   0.13785
   3.88010   0.14564
   3.87785   0.14747
   3.87619   0.14875
   3.86548   0.15577
   3.86262   0.15642
   3.85234   0.15827
   3.85185   0.15851
   3.85117   0.15883
   3.83781   0.16052
   3.82508   0.15741
   3.82398   0.15806
   3.82197   0.15921
   3.81065   0.15377
   3.79814   0.15065
   3.79091   0.16743
   3.78422   0.18217
   3.76932   0.17925
   3.76844   0.17887
   3.76747   0.17857
   3.75214   0.17270
   3.73829   0.16606
   3.73629   0.16504
   3.73326   0.16451
   3.71997   0.15717
   3.70843   0.14964
   3.70349   0.14836
   3.69395   0.14698
   3.68467   0.14028
   3.67710   0.13418
   3.66140   0.13336
   3.64709   0.13126
   3.63648   0.12889
   3.62640   0.13017
   3.60032   0.13148
   3.58832   0.12802
   3.57822   0.12760
   3.54083   0.11335
   3.54072   0.11330
   3.54060   0.11329
   3.49469   0.10515
   3.48735   0.10212
   3.47416   0.10120
   3.44250   0.08327
   3.43556   0.07861
   3.42247   0.07571
   3.39843   0.06919
   3.37773   0.05947
   3.35234   0.05127
   3.33610   0.04512
   3.32898   0.02387
                    
   3.63595   0.62473
   3.63074   0.61993
   3.62713   0.61742
   3.61876   0.61147
   3.58179   0.57915
   3.57496   0.56637
   3.56801   0.55348
   3.55335   0.51702
   3.54985   0.50660
   3.53797   0.49182
   3.52239   0.47053
   3.51327   0.44658
   3.49755   0.42224
   3.48392   0.39816
   3.50773   0.38533
   3.52075   0.37751
   3.52795   0.37300
   3.55181   0.35757
   3.55873   0.35279
   3.58614   0.35949
   3.59894   0.36119
   3.61637   0.36992
   3.63099   0.38255
   3.65221   0.39895
   3.66453   0.40170
   3.68963   0.40266
   3.70525   0.40278
   3.71291   0.40260
   3.73239   0.40029
   3.74517   0.39814
   3.76871   0.39155
   3.78347   0.38779
   3.81382   0.37758
   3.81902   0.37522
   3.82183   0.37519
   3.84607   0.37227
   3.85185   0.37189
   3.88188   0.36843
   3.88406   0.36808
   3.88615   0.36820
   3.89901   0.36931
   3.91836   0.37718
   3.93864   0.38377
   3.95925   0.40081
   3.96244   0.40283
   3.98507   0.41563
   4.00690   0.42600
   4.01415   0.42900
   4.03974   0.43402
   4.05405   0.43361
   4.06660   0.42403
   4.08045   0.39765
   4.08100   0.39690
   4.09757   0.37238
   4.10780   0.36554
   4.11731   0.36130
   4.13911   0.34234
   4.15771   0.32401
   4.16815   0.31630
   4.17611   0.31271
   4.18825   0.31180
   4.19466   0.32500
   4.21233   0.34957
   4.23365   0.38180
   4.23343   0.38352
   4.23432   0.38421
   4.20759   0.42395
   4.18981   0.44654
   4.18064   0.46956
   4.16202   0.49417
   4.15187   0.50637
   4.14974   0.51595
   4.13981   0.55136
   4.12732   0.56612
   4.12013   0.57531
   4.09066   0.60324
   4.07523   0.61373
   4.06770   0.61860
   4.06239   0.62656
   4.03082   0.66793
   4.02318   0.67134
   4.01407   0.67866
   3.97393   0.69234
   3.93125   0.70395
   3.91343   0.70382
   3.89749   0.70595
   3.85185   0.70593
   3.80114   0.70242
   3.79040   0.70242
   3.77425   0.70313
   3.73052   0.68813
   3.72571   0.68628
   3.69455   0.66697
   3.67564   0.65765
   3.63595   0.62473
                    
   4.08071  -0.62878
   4.04222  -0.67130
   4.03996  -0.67616
   4.03459  -0.68199
   4.02682  -0.67984
   3.97489  -0.69780
   3.93933  -0.70752
   3.91366  -0.70651
   3.89582  -0.70709
   3.85185  -0.71000
   3.81260  -0.71028
   3.78992  -0.70791
   3.76071  -0.70909
   3.72803  -0.70225
   3.68915  -0.69199
   3.66555  -0.69530
   3.64070  -0.68209
   3.61142  -0.66057
   3.59838  -0.65011
   3.58475  -0.62899
   3.56542  -0.61426
   3.54921  -0.58763
   3.54020  -0.57099
   3.52833  -0.56036
   3.50591  -0.53863
   3.48980  -0.51706
   3.48569  -0.50968
   3.48361  -0.50130
   3.47781  -0.45149
   3.47798  -0.44791
   3.47803  -0.44698
   3.47754  -0.44609
   3.47609  -0.44340
   3.45873  -0.39312
   3.45699  -0.38260
   3.45894  -0.37353
   3.46726  -0.36825
   3.49441  -0.35744
   3.49969  -0.35794
   3.52712  -0.35928
   3.54875  -0.36122
   3.56992  -0.36179
   3.58770  -0.36972
   3.59136  -0.37202
   3.59484  -0.37467
   3.62259  -0.39710
   3.62357  -0.39783
   3.64447  -0.42128
   3.65231  -0.42792
   3.66164  -0.42731
   3.67307  -0.42240
   3.69718  -0.42496
   3.72378  -0.42612
   3.73734  -0.42736
   3.75761  -0.42780
   3.77647  -0.42754
   3.78902  -0.42688
   3.81477  -0.42380
   3.84656  -0.42380
   3.85185  -0.42382
   3.85713  -0.42379
   3.88864  -0.42047
   3.91572  -0.42532
   3.92714  -0.42698
   3.94804  -0.42913
   3.96705  -0.42992
   3.97764  -0.43047
   4.00750  -0.42765
   4.02388  -0.42519
   4.04165  -0.42853
   4.05136  -0.42785
   4.06411  -0.42312
   4.08931  -0.41129
   4.11145  -0.39934
   4.12601  -0.39154
   4.15739  -0.39849
   4.17241  -0.40077
   4.19187  -0.40521
   4.20862  -0.40819
   4.20455  -0.42033
   4.19425  -0.44677
   4.18613  -0.47739
   4.18497  -0.47900
   4.16272  -0.50754
   4.15666  -0.52794
   4.15049  -0.54565
   4.13690  -0.56769
   4.12513  -0.58604
   4.09494  -0.61466
   4.08545  -0.62283
   4.08071  -0.62878
                    
   3.23965  -0.51881
   3.24065  -0.51743
   3.25019  -0.50486
   3.26061  -0.49148
   3.24978  -0.45496
   3.24381  -0.42576
   3.23146  -0.39259
   3.22485  -0.37227
   3.22467  -0.36210
   3.22670  -0.30996
   3.22645  -0.29963
   3.22548  -0.29208
   3.22164  -0.27570
   3.20813  -0.23429
   3.19922  -0.20049
   3.20190  -0.17415
   3.19707  -0.12397
   3.19389  -0.11602
   3.18808  -0.10061
   3.19602  -0.08238
   3.20897  -0.05624
   3.19187  -0.03629
   3.17878  -0.01940
   3.16311   0.00000
   3.15418   0.01200
   3.15258  -0.00000
   3.14823  -0.04900
   3.14447  -0.06189
   3.12508  -0.10397
   3.12012  -0.11645
   3.09323  -0.12497
   3.07807  -0.13644
   3.06624  -0.14588
   3.06298  -0.14708
                    
   4.46405   0.51881
   4.46214   0.51785
   4.43360   0.50269
   4.43781   0.49167
   4.44963   0.45696
   4.45250   0.42217
   4.45257   0.42063
   4.46726   0.37878
   4.46609   0.35463
   4.46426   0.33443
   4.47027   0.30419
   4.47114   0.28878
   4.47885   0.25478
   4.48733   0.23129
   4.49445   0.20909
   4.48961   0.17367
   4.48910   0.17075
   4.49549   0.15043
   4.50419   0.11807
   4.50670   0.11547
   4.54622   0.06881
   4.56936   0.12652
   4.57118   0.13200
   4.57415   0.13152
   4.57613   0.13119
   4.60535   0.15284
   4.63664   0.14701
   4.64073   0.14708
                    
   3.06702   0.16733
   3.08080   0.16523
   3.09984   0.16001
   3.12274   0.14624
   3.13396   0.15376
   3.17489   0.17777
   3.17379   0.16469
   3.17855   0.17811
   3.17869   0.18037
   3.17865   0.18138
   3.19740   0.23820
   3.21985   0.29090
   3.22084   0.29425
   3.22136   0.29619
   3.22275   0.30185
   3.23001   0.35902
   3.23346   0.37714
   3.25205   0.41999
   3.25306   0.42480
   3.26184   0.46048
   3.27453   0.48443
   3.30550   0.53524
   3.30965   0.54221
   3.31156   0.54475
   3.31409   0.54949
   3.31088   0.55178
   3.29064   0.57359
                    
   3.32876  -2.21243
   3.34972  -2.16796
   3.35016  -2.16714
   3.35023  -2.16667
   3.35032  -2.16603
   3.36595  -2.12416
   3.38730  -2.11843
   3.39592  -2.11661
   3.41488  -2.11089
   3.43811  -2.10907
   3.45300  -2.10830
   3.47050  -2.09942
   3.48703  -2.09235
   3.50430  -2.08612
   3.51576  -2.07661
   3.53603  -2.06748
   3.54826  -2.06301
   3.55415  -2.05831
   3.56771  -2.04858
   3.58359  -2.04157
   3.58976  -2.04055
   3.59810  -2.03954
   3.63273  -2.04460
   3.64005  -2.04710
   3.64348  -2.04831
   3.64555  -2.04756
   3.65035  -2.04593
   3.67952  -2.04600
   3.68518  -2.04501
   3.70049  -2.03966
   3.70610  -2.03815
   3.70496  -2.04341
   3.70292  -2.05706
   3.69943  -2.05994
   3.69953  -2.06675
   3.69860  -2.07818
   3.69849  -2.08546
   3.70317  -2.09734
   3.69649  -2.10637
   3.69618  -2.11001
   3.69600  -2.11295
   3.69075  -2.12350
   3.69533  -2.13829
   3.69544  -2.13909
   3.69553  -2.13972
   3.69696  -2.14237
   3.70423  -2.15375
   3.69980  -2.16520
   3.69969  -2.16667
   3.69959  -2.16807
   3.69570  -2.18033
   3.69566  -2.18035
   3.68202  -2.19101
   3.67850  -2.19723
   3.67263  -2.20993
   3.66970  -2.21548
   3.67088  -2.21819
   3.67809  -2.22991
   3.68442  -2.23870
   3.68734  -2.24338
   3.69316  -2.24836
   3.69722  -2.25594
   3.70167  -2.26338
   3.70956  -2.26630
   3.71000  -2.27462
   3.71000  -2.28569
   3.71153  -2.30109
   3.69431  -2.29886
   3.68041  -2.29550
   3.66158  -2.29989
   3.64704  -2.29785
   3.63648  -2.29555
   3.62106  -2.29991
   3.60346  -2.30397
   3.58210  -2.30340
   3.56763  -2.29920
   3.54417  -2.28880
   3.53707  -2.28501
   3.53149  -2.28327
   3.49339  -2.26728
   3.49001  -2.26560
   3.48558  -2.26481
   3.44113  -2.24289
   3.43867  -2.24139
   3.43359  -2.24042
   3.39782  -2.23176
   3.37800  -2.22580
   3.35251  -2.21955
   3.32876  -2.21243
                    
   4.47365  -2.15015
   4.46007  -2.16667
   4.44650  -2.18165
   4.43496  -2.18655
   4.40993  -2.19611
   4.39267  -2.20434
   4.35875  -2.16667
   4.35624  -2.16427
   4.35397  -2.16241
   4.33440  -2.14758
   4.30915  -2.13110
   4.30577  -2.13031
   4.30006  -2.12745
   4.26633  -2.11461
   4.24950  -2.10956
   4.24453  -2.09743
   4.23664  -2.08034
   4.22266  -2.06731
   4.21612  -2.06483
   4.20954  -2.06333
   4.19723  -2.06422
   4.16971  -2.07418
   4.13329  -2.08665
   4.12393  -2.08588
   4.08599  -2.08145
   4.08246  -2.08134
   4.07978  -2.08178
   4.07337  -2.08289
   4.03085  -2.09102
   4.01963  -2.10560
   4.01261  -2.11309
   4.00354  -2.12602
   4.01093  -2.13686
   4.01057  -2.13868
   4.01028  -2.14006
   4.01489  -2.15240
   4.01407  -2.16480
   4.01442  -2.16667
   4.01480  -2.16880
   4.01245  -2.18072
   4.00700  -2.18928
   4.00438  -2.19291
   4.00345  -2.19340
   4.00122  -2.19453
   3.98906  -2.20343
   4.00056  -2.21634
   4.00352  -2.22039
   4.00341  -2.22183
   4.00326  -2.22357
   4.00733  -2.23917
   4.00348  -2.24768
   4.00381  -2.25440
   4.00360  -2.26570
   4.00056  -2.27079
   3.99912  -2.27592
   3.99704  -2.28849
   3.99456  -2.29855
   4.00354  -2.29395
   4.01677  -2.28583
   4.02181  -2.28567
   4.04246  -2.28584
   4.05218  -2.28233
   4.05685  -2.28039
   4.06544  -2.28301
   4.08711  -2.28867
   4.10735  -2.29026
   4.11213  -2.29044
   4.11960  -2.29152
   4.16199  -2.28241
   4.16425  -2.28169
   4.16774  -2.28164
   4.20695  -2.27857
   4.21988  -2.27316
   4.23560  -2.26949
   4.26026  -2.25444
   4.26993  -2.24757
   4.28947  -2.24383
   4.30458  -2.24029
   4.33504  -2.23776
   4.34951  -2.23355
   4.38485  -2.22101
   4.39145  -2.21900
   4.40087  -2.22621
   4.43078  -2.23910
   4.44792  -2.24726
   4.45069  -2.27226
   4.45282  -2.32715
   4.48538  -2.27838
   4.49430  -2.26275
   4.49273  -2.22274
   4.49429  -2.19301
   4.48220  -2.16667
   4.47365  -2.15015
                    
   3.86301  -2.01028
   3.85471  -2.01955
   3.85185  -2.02139
   3.84782  -2.02420
   3.84023  -2.03382
   3.83479  -2.03485
   3.83170  -2.05238
   3.83095  -2.06195
   3.83375  -2.06401
   3.84187  -2.07134
   3.84350  -2.07118
   3.84513  -2.07105
   3.85185  -2.07380
   3.85744  -2.07670
   3.85971  -2.07687
   3.86197  -2.07709
   3.86847  -2.07243
   3.87767  -2.06755
   3.87836  -2.06773
   3.87906  -2.06792
   3.88764  -2.06835
   3.89632  -2.06958
   3.89266  -2.05456
   3.88866  -2.04487
   3.88501  -2.04291
   3.88074  -2.03071
   3.87765  -2.02036
   3.87652  -2.01725
   3.86974  -2.01090
   3.86577  -2.00763
   3.86301  -2.01028
                    
   3.96318  -2.32497
   3.96709  -2.32313
   3.96366  -2.32611
   3.96358  -2.32623
   3.96345  -2.32627
   3.96288  -2.32615
   3.96250  -2.32540
   3.96262  -2.32486
   3.96318  -2.32497
                    
   3.67817  -1.51847
   3.70907  -1.50468
   3.73318  -1.49362
   3.79044  -1.47197
   3.79106  -1.47179
   3.79148  -1.47176
   3.79555  -1.47117
   3.85185  -1.46767
   3.90886  -1.46875
   3.91286  -1.46938
   3.91633  -1.46974
   3.92767  -1.47302
   3.96994  -1.49695
   3.98652  -1.50768
   4.02394  -1.52443
   4.02986  -1.53010
   4.05154  -1.55254
   4.07118  -1.56406
   4.10549  -1.58670
   4.11728  -1.59746
   4.12174  -1.60155
   4.12737  -1.60899
   4.14166  -1.65672
   4.14207  -1.66052
   4.14218  -1.66159
   4.14297  -1.66244
   4.14476  -1.66437
   4.17218  -1.70920
   4.17694  -1.72106
   4.20152  -1.74995
   4.20708  -1.75714
   4.19370  -1.75926
   4.17206  -1.76375
   4.14404  -1.75830
   4.13839  -1.75744
   4.10944  -1.75729
   4.08813  -1.75741
   4.06256  -1.75926
   4.04836  -1.75830
   4.04052  -1.76208
   4.02445  -1.75928
   3.99952  -1.76094
   3.98996  -1.76206
   3.96131  -1.75815
   3.94771  -1.76008
   3.92909  -1.76362
   3.92275  -1.76456
   3.91163  -1.76650
   3.88625  -1.77346
   3.87041  -1.77325
   3.85185  -1.77271
   3.83344  -1.77305
   3.81758  -1.77490
   3.79057  -1.76511
   3.78051  -1.76207
   3.77613  -1.76086
   3.76466  -1.75814
   3.74124  -1.75385
   3.71806  -1.75228
   3.70261  -1.75663
   3.68562  -1.76213
   3.66501  -1.76599
   3.65103  -1.77155
   3.62874  -1.78022
   3.60081  -1.79316
   3.59333  -1.79746
   3.58763  -1.79732
   3.57987  -1.79733
   3.56561  -1.78618
   3.54451  -1.76957
   3.53220  -1.76049
   3.50857  -1.74708
   3.52046  -1.72055
   3.52253  -1.69635
   3.53721  -1.67533
   3.54902  -1.65997
   3.55443  -1.65152
   3.58474  -1.61028
   3.58974  -1.60457
   3.59108  -1.60328
   3.59190  -1.60157
   3.63073  -1.55914
   3.64097  -1.54938
   3.65761  -1.53487
   3.67817  -1.51847
                    
   4.06908  -2.79094
   4.07203  -2.78636
   4.07628  -2.78327
   4.08707  -2.77512
   4.12015  -2.74204
   4.13007  -2.73326
   4.16295  -2.70551
   4.16359  -2.70493
   4.17575  -2.67526
   4.18916  -2.64839
   4.18858  -2.64313
   4.18409  -2.61285
   4.18294  -2.59595
   4.16827  -2.58914
   4.14685  -2.58796
   4.11212  -2.59609
   4.10407  -2.59755
   4.10093  -2.59808
   4.09376  -2.59920
   4.05534  -2.60305
   4.03967  -2.60088
   4.02256  -2.59239
   4.00725  -2.59362
   3.97911  -2.59436
   3.96615  -2.59325
   3.95033  -2.59733
   3.92847  -2.60118
   3.90750  -2.60382
   3.89027  -2.60582
   3.87275  -2.60664
   3.85185  -2.60595
   3.83317  -2.60448
   3.81369  -2.60284
   3.79328  -2.59974
   3.77545  -2.59994
   3.75085  -2.59899
   3.73716  -2.59470
   3.72378  -2.59278
   3.69724  -2.59146
   3.67199  -2.58861
   3.66095  -2.59188
   3.65359  -2.59185
   3.64509  -2.58771
   3.61683  -2.57373
   3.59100  -2.55879
   3.58176  -2.55239
   3.53777  -2.55845
   3.53003  -2.55893
   3.52062  -2.56141
   3.48755  -2.56814
   3.49008  -2.59781
   3.49239  -2.61385
   3.49510  -2.62833
   3.50393  -2.66354
   3.51419  -2.67594
   3.51697  -2.69085
   3.53423  -2.71681
   3.54909  -2.73673
   3.56287  -2.76113
   3.56960  -2.77197
   3.59535  -2.79396
   3.61605  -2.81451
   3.63183  -2.82884
   3.65810  -2.84438
   3.66902  -2.84902
   3.68054  -2.85022
   3.72945  -2.86084
   3.77837  -2.86790
   3.79051  -2.86785
   3.80094  -2.86894
   3.85185  -2.87166
   3.90006  -2.87084
   3.91340  -2.87012
   3.93004  -2.87007
   3.97400  -2.85940
   4.02951  -2.84144
   4.03156  -2.84042
   4.03229  -2.84007
   4.06908  -2.79094
                    
   4.63730  -2.33108
   4.63080  -2.32159
   4.60766  -2.30763
   4.57951  -2.30824
   4.57083  -2.31526
   4.52643  -2.34671
   4.52597  -2.34682
   4.52540  -2.34567
   4.49041  -2.33739
   4.47729  -2.33425
   4.49026  -2.33794
   4.52518  -2.34792
   4.49157  -2.39950
   4.47812  -2.41737
   4.46892  -2.45441
   4.47040  -2.47077
   4.46621  -2.49749
   4.46406  -2.52012
   4.45995  -2.54936
   4.44763  -2.58384
   4.44502  -2.59928
   4.43895  -2.62844
   4.42917  -2.65109
   4.40320  -2.70252
   4.40835  -2.70602
   4.43667  -2.71616
                    
   3.06043  -2.29936
   3.06407  -2.29708
   3.09168  -2.28183
   3.11917  -2.28187
   3.12503  -2.27028
   3.14952  -2.22811
   3.15197  -2.22095
   3.15543  -2.21006
   3.16491  -2.21105
   3.17351  -2.22601
   3.16591  -2.23997
   3.17503  -2.28601
   3.18499  -2.32364
   3.18635  -2.34499
   3.18535  -2.35449
   3.19340  -2.39760
   3.19497  -2.40575
   3.20590  -2.45229
   3.21123  -2.46539
   3.21597  -2.51894
   3.21755  -2.53288
   3.21780  -2.53480
   3.21894  -2.53872
   3.23859  -2.59607
   3.24412  -2.61892
   3.25375  -2.64978
   3.23449  -2.67218
   3.23189  -2.67618
                    
   4.47182  -1.65716
   4.46855  -1.65847
   4.44221  -1.67412
   4.45442  -1.71194
   4.45993  -1.74089
   4.47068  -1.77163
   4.47735  -1.79353
   4.47756  -1.80541
   4.47577  -1.85424
   4.47711  -1.86695
   4.47719  -1.87507
   4.48192  -1.89203
   4.49676  -1.93194
   4.50824  -1.96952
   4.50827  -1.99078
   4.51441  -2.02229
   4.53887  -2.04553
   4.53906  -2.04573
   4.54038  -2.04526
   4.57071  -2.03411
   4.57426  -2.03576
   4.57579  -2.03648
   4.60811  -2.02812
   4.62399  -2.03052
   4.64047  -2.03333
   4.64327  -2.03398
                    
   3.06641  -2.00225
   3.09305  -1.98628
   3.10536  -1.98260
   3.11348  -1.98662
   3.13106  -1.97353
   3.14642  -1.96328
   3.16848  -1.94988
   3.18180  -1.92279
   3.20488  -1.88176
   3.21521  -1.86980
   3.21806  -1.85800
   3.22982  -1.80754
   3.23539  -1.78846
   3.25418  -1.74817
   3.25552  -1.73842
   3.26109  -1.70652
   3.27117  -1.67942
   3.28488  -1.64737
   3.27454  -1.63496
   3.26704  -1.61717
                    
   3.34488  -4.28898
   3.35190  -4.28650
   3.38081  -4.27759
   3.39757  -4.27000
   3.42910  -4.25879
   3.43696  -4.25649
   3.44201  -4.25251
   3.47278  -4.23176
   3.48604  -4.22961
   3.49599  -4.22389
   3.53155  -4.21675
   3.53777  -4.21598
   3.54330  -4.21341
   3.57190  -4.20279
   3.58562  -4.20164
   3.60446  -4.19423
   3.61196  -4.19483
   3.63241  -4.19764
   3.65183  -4.19328
   3.65310  -4.19313
   3.67308  -4.19213
   3.67785  -4.18733
   3.68317  -4.18228
   3.69770  -4.17919
   3.70560  -4.17720
   3.71586  -4.17127
   3.72808  -4.16521
   3.73350  -4.16431
   3.73739  -4.16405
   3.75025  -4.15735
   3.76421  -4.15133
   3.76697  -4.15129
   3.76890  -4.15055
   3.78416  -4.14735
   3.80133  -4.14527
   3.80146  -4.14525
   3.80158  -4.14516
   3.80235  -4.14542
   3.82292  -4.16927
   3.82554  -4.17317
   3.83810  -4.17611
   3.84064  -4.17695
   3.85054  -4.18076
   3.85185  -4.18077
   3.85318  -4.18080
   3.86477  -4.18563
   3.87428  -4.18863
   3.87683  -4.19168
   3.88072  -4.19687
   3.88737  -4.20076
   3.89306  -4.20397
   3.89144  -4.22457
   3.88999  -4.23359
   3.88762  -4.23505
   3.87807  -4.24233
   3.87636  -4.24186
   3.87465  -4.24141
   3.86746  -4.24482
   3.86198  -4.24821
   3.85932  -4.24793
   3.85666  -4.24774
   3.85185  -4.24767
   3.84707  -4.24786
   3.84439  -4.24806
   3.84172  -4.24833
   3.83630  -4.24514
   3.82928  -4.24198
   3.82750  -4.24244
   3.82572  -4.24293
   3.81586  -4.23280
   3.81021  -4.21891
   3.79855  -4.19231
   3.79125  -4.18873
   3.78287  -4.18540
   3.77001  -4.17248
   3.76239  -4.17839
   3.75611  -4.18381
   3.74687  -4.18341
   3.74213  -4.18389
   3.73390  -4.19277
   3.72734  -4.20082
   3.72191  -4.20339
   3.71879  -4.20752
   3.71197  -4.21596
   3.70593  -4.22439
   3.70331  -4.22932
   3.70109  -4.23576
   3.69725  -4.24407
   3.69417  -4.25172
   3.69307  -4.25929
   3.69255  -4.26946
   3.69245  -4.27531
   3.69252  -4.27970
   3.69368  -4.29095
   3.69623  -4.30546
   3.69627  -4.30590
   3.69631  -4.30627
   3.69702  -4.30864
   3.70125  -4.32016
   3.69921  -4.33204
   3.69914  -4.33333
   3.69908  -4.33459
   3.69813  -4.34678
   3.69591  -4.34959
   3.68930  -4.35922
   3.68853  -4.36213
   3.68756  -4.36624
   3.68326  -4.37851
   3.68507  -4.38655
   3.68647  -4.39353
   3.68837  -4.40126
   3.69096  -4.40836
   3.69369  -4.41499
   3.69792  -4.42221
   3.70236  -4.42904
   3.70608  -4.43540
   3.70771  -4.44185
   3.71197  -4.45071
   3.71792  -4.46128
   3.71989  -4.46530
   3.72314  -4.46757
   3.72909  -4.47963
   3.73379  -4.48767
   3.72259  -4.48738
   3.70726  -4.48558
   3.69758  -4.48760
   3.67536  -4.48693
   3.67082  -4.48524
   3.66811  -4.48416
   3.66171  -4.48500
   3.63364  -4.48613
   3.62484  -4.48354
   3.61324  -4.48700
   3.59280  -4.48290
   3.57679  -4.47817
   3.55282  -4.47535
   3.54882  -4.47464
   3.52850  -4.46467
   3.50336  -4.46017
   3.50167  -4.45979
   3.47748  -4.44816
   3.44902  -4.44392
   3.44334  -4.44279
   3.42336  -4.42859
   3.40206  -4.42318
   3.38634  -4.41542
   3.36815  -4.40512
   3.35404  -4.39907
   3.31734  -4.38010
   3.31941  -4.36976
   3.32965  -4.33333
   3.33526  -4.31715
   3.34488  -4.28898
                    
   3.89274  -4.48592
   3.88093  -4.49113
   3.87964  -4.49090
   3.87863  -4.49072
   3.86592  -4.49411
   3.85221  -4.49122
   3.85185  -4.49114
   3.85154  -4.49107
   3.84808  -4.49007
   3.83843  -4.48678
   3.82964  -4.48854
   3.82485  -4.48925
   3.82419  -4.49019
   3.82001  -4.49588
   3.80611  -4.50406
   3.80556  -4.48313
   3.80639  -4.46937
   3.81865  -4.43483
   3.82496  -4.42938
   3.82604  -4.42967
   3.82712  -4.42995
   3.83517  -4.42795
   3.84178  -4.42558
   3.84376  -4.42577
   3.84575  -4.42592
   3.85185  -4.42490
   3.85749  -4.42355
   3.85973  -4.42338
   3.86197  -4.42316
   3.86796  -4.42468
   3.87487  -4.42582
   3.87652  -4.42539
   3.87816  -4.42494
   3.88685  -4.43422
   3.89714  -4.46911
   3.89319  -4.48457
   3.89274  -4.48592
                    
   4.43358  -4.37807
   4.40379  -4.36910
   4.39286  -4.36807
   4.37791  -4.33333
   4.36918  -4.31627
   4.36027  -4.28885
   4.35173  -4.28580
   4.32340  -4.27699
   4.30592  -4.26851
   4.27172  -4.25930
   4.26555  -4.25797
   4.26238  -4.25610
   4.21836  -4.23513
   4.21352  -4.23460
   4.21066  -4.23397
   4.19879  -4.23150
   4.16663  -4.23086
   4.15409  -4.23132
   4.14609  -4.22624
   4.12283  -4.21397
   4.11295  -4.21158
   4.11076  -4.21130
   4.10778  -4.21064
   4.08068  -4.21115
   4.06399  -4.21436
   4.06002  -4.21526
   4.05888  -4.21381
   4.05756  -4.21215
   4.03325  -4.20632
   4.02225  -4.20612
   4.01211  -4.19886
   3.99919  -4.19097
   3.99457  -4.19062
   3.99221  -4.19016
   3.97821  -4.18275
   3.97014  -4.17916
   3.97522  -4.18631
   3.98261  -4.19830
   3.98545  -4.19973
   3.98686  -4.20263
   3.99362  -4.21437
   3.99841  -4.22424
   3.99973  -4.22979
   4.00123  -4.23779
   4.00478  -4.24504
   4.00776  -4.25187
   4.00666  -4.26114
   4.00949  -4.27099
   4.01091  -4.27544
   4.01215  -4.27974
   4.01374  -4.28995
   4.00947  -4.30436
   4.00915  -4.30560
   4.00890  -4.30650
   4.00699  -4.31064
   4.00173  -4.32022
   3.99786  -4.33019
   3.99797  -4.33333
   3.99801  -4.33644
   3.99395  -4.34577
   4.00656  -4.35878
   4.00781  -4.36033
   4.00780  -4.36083
   4.00779  -4.36138
   4.01353  -4.37666
   4.01150  -4.38695
   4.01181  -4.39155
   4.01199  -4.39800
   4.00934  -4.40677
   4.00765  -4.41478
   4.00469  -4.42157
   4.00117  -4.42878
   3.99836  -4.43592
   3.99590  -4.44183
   3.98835  -4.44787
   3.98195  -4.45246
   3.97752  -4.45901
   3.97148  -4.46367
   3.96716  -4.47076
   3.96091  -4.47976
   3.95612  -4.48224
   3.94843  -4.48342
   3.94525  -4.49510
   3.94127  -4.50586
   3.95061  -4.50439
   3.96583  -4.50085
   3.96856  -4.50001
   3.97361  -4.50008
   3.98694  -4.49433
   3.99779  -4.48872
   4.00744  -4.48892
   4.02057  -4.48440
   4.02367  -4.47750
   4.02722  -4.46857
   4.04400  -4.46788
   4.05646  -4.46484
   4.06680  -4.46154
   4.07586  -4.46267
   4.10384  -4.46393
   4.11449  -4.46017
   4.12631  -4.46132
   4.16050  -4.45302
   4.16621  -4.45108
   4.17540  -4.45110
   4.20560  -4.44944
   4.22210  -4.44267
   4.25357  -4.44097
   4.25581  -4.43973
   4.27835  -4.42570
   4.30298  -4.41618
   4.30905  -4.41395
   4.33424  -4.40336
   4.34967  -4.39906
   4.38596  -4.38658
   4.39162  -4.38388
   4.39556  -4.38547
   4.43289  -4.38620
   4.45821  -4.38638
   4.43358  -4.37807
                    
   3.67612  -3.67748
   3.69683  -3.66711
   3.72989  -3.64630
   3.73066  -3.64600
   3.77464  -3.63038
   3.79040  -3.63094
   3.80153  -3.63064
   3.85185  -3.62730
   3.89751  -3.62739
   3.91345  -3.62926
   3.93090  -3.62954
   3.97401  -3.64052
   4.02450  -3.65726
   4.02863  -3.66041
   4.03181  -3.66172
   4.06440  -3.70746
   4.06873  -3.71447
   4.07548  -3.71892
   4.08975  -3.72876
   4.12013  -3.75800
   4.12688  -3.76729
   4.13729  -3.78067
   4.14683  -3.82241
   4.14770  -3.82749
   4.15243  -3.83328
   4.17786  -3.86774
   4.18721  -3.88695
   4.20641  -3.91078
   4.23037  -3.94523
   4.22123  -3.94882
   4.19796  -3.96953
   4.17686  -3.98882
   4.15574  -3.98978
   4.14581  -3.98300
   4.11624  -3.96501
   4.11132  -3.96277
   4.10455  -3.95949
   4.07827  -3.94117
   4.04770  -3.92311
   4.04354  -3.92226
   4.03565  -3.92135
   4.00340  -3.91696
   3.98406  -3.91558
   3.96307  -3.91827
   3.93888  -3.92477
   3.92803  -3.92834
   3.92331  -3.92809
   3.91750  -3.92785
   3.88673  -3.93464
   3.86576  -3.93331
   3.85185  -3.93311
   3.83788  -3.93341
   3.81697  -3.93463
   3.78984  -3.93111
   3.78097  -3.93132
   3.77389  -3.93162
   3.74451  -3.92963
   3.74367  -3.92961
   3.71473  -3.92642
   3.70430  -3.92794
   3.68945  -3.93059
   3.66539  -3.93347
   3.65184  -3.93556
   3.62833  -3.94618
   3.60205  -3.96008
   3.59310  -3.96380
   3.58749  -3.96485
   3.57683  -3.96626
   3.54881  -3.95044
   3.53507  -3.94373
   3.52999  -3.94139
   3.51862  -3.93620
   3.49389  -3.92619
   3.49983  -3.91381
   3.51444  -3.88682
   3.52300  -3.86368
   3.54060  -3.83985
   3.55113  -3.82688
   3.55435  -3.81805
   3.57189  -3.77787
   3.57756  -3.76742
   3.58291  -3.75659
   3.61559  -3.72638
   3.62754  -3.71704
   3.63197  -3.71371
   3.63874  -3.70765
   3.67612  -3.67748
                    
   4.08128  -4.96369
   4.04294  -5.00443
   4.03992  -5.00949
   4.03427  -5.01413
   4.02692  -5.01307
   3.97483  -5.03080
   3.93853  -5.04051
   3.91367  -5.03991
   3.89529  -5.04079
   3.85185  -5.04359
   3.81292  -5.04383
   3.78988  -5.04168
   3.76079  -5.04239
   3.72795  -5.03601
   3.69071  -5.02681
   3.66576  -5.02783
   3.64026  -5.01552
   3.61121  -4.99449
   3.59621  -4.98259
   3.58428  -4.96240
   3.56536  -4.94772
   3.54807  -4.92037
   3.53909  -4.90443
   3.52810  -4.89409
   3.50559  -4.87117
   3.49010  -4.84996
   3.48657  -4.84301
   3.48387  -4.83483
   3.47922  -4.79093
   3.47959  -4.78258
   3.47971  -4.78037
   3.47873  -4.77801
   3.47415  -4.76650
   3.46273  -4.72246
   3.46215  -4.71631
   3.46347  -4.71157
   3.46780  -4.70901
   3.47850  -4.70668
   3.52154  -4.71153
   3.52844  -4.71184
   3.53380  -4.71237
   3.56508  -4.71391
   3.58592  -4.71312
   3.58965  -4.71632
   3.61933  -4.73608
   3.64906  -4.75280
   3.65462  -4.75630
   3.66006  -4.75577
   3.66658  -4.75292
   3.69740  -4.75770
   3.72404  -4.75996
   3.73710  -4.76160
   3.75323  -4.76409
   3.77570  -4.76519
   3.79245  -4.76523
   3.81401  -4.76587
   3.83812  -4.76617
   3.85185  -4.76644
   3.86567  -4.76626
   3.88949  -4.76359
   3.91195  -4.76423
   3.92802  -4.76533
   3.95307  -4.76580
   3.96738  -4.76449
   3.97727  -4.76450
   4.00752  -4.76102
   4.02529  -4.75795
   4.04190  -4.76112
   4.05111  -4.76064
   4.06804  -4.75788
   4.09457  -4.75374
   4.10753  -4.75108
   4.13683  -4.74033
   4.14425  -4.74156
   4.17057  -4.74464
   4.19842  -4.74636
   4.20291  -4.74644
   4.20185  -4.75045
   4.19262  -4.78002
   4.18456  -4.80849
   4.17930  -4.81623
   4.16118  -4.84073
   4.15616  -4.86042
   4.15052  -4.87896
   4.13712  -4.90106
   4.12578  -4.92078
   4.09888  -4.94642
   4.08721  -4.95655
   4.08128  -4.96369
                    
   4.63649  -4.50156
   4.62338  -4.49795
   4.60328  -4.49608
   4.57885  -4.47283
   4.57262  -4.47297
   4.56463  -4.47311
   4.56244  -4.45863
   4.54998  -4.40027
   4.54759  -4.39420
   4.54771  -4.39314
   4.54900  -4.36280
   4.54028  -4.38061
   4.51065  -4.38701
   4.49631  -4.38972
   4.47675  -4.39632
   4.49624  -4.44696
   4.49815  -4.45298
   4.48406  -4.50273
   4.48190  -4.53319
   4.47949  -4.55445
   4.47671  -4.56076
   4.47443  -4.56579
   4.45922  -4.61655
   4.46149  -4.64304
   4.45354  -4.68072
   4.45092  -4.69112
   4.45064  -4.72082
   4.44129  -4.74606
   4.43642  -4.77750
   4.43230  -4.79797
   4.42502  -4.81428
   4.39970  -4.86374
   4.39371  -4.87519
   4.39195  -4.87815
   4.39072  -4.88173
   4.39290  -4.88490
   4.41322  -4.90676
                    
   3.06343  -4.48282
   3.06748  -4.48093
   3.08115  -4.46923
   3.09340  -4.45931
   3.12208  -4.45230
   3.12597  -4.44334
   3.15064  -4.39468
   3.15196  -4.38759
   3.15414  -4.34221
   3.16653  -4.37462
   3.17608  -4.39246
   3.17000  -4.41197
   3.18365  -4.45116
   3.19171  -4.47110
   3.19642  -4.50896
   3.19401  -4.52917
   3.20472  -4.56887
   3.22079  -4.61584
   3.22333  -4.62642
   3.22410  -4.63139
   3.22394  -4.63767
   3.22160  -4.69721
   3.22174  -4.70380
   3.22589  -4.71696
   3.24175  -4.76053
   3.24776  -4.78733
   3.26019  -4.82431
   3.24586  -4.84182
   3.23923  -4.85012
   3.23861  -4.85092
                    
   4.46509  -3.81575
   4.46401  -3.81634
   4.43522  -3.83253
   4.43863  -3.84097
   4.45188  -3.87741
   4.45508  -3.91095
   4.45825  -3.91947
   4.47047  -3.95632
   4.46959  -3.97668
   4.46716  -4.00426
   4.47205  -4.03029
   4.47325  -4.04357
   4.47984  -4.07265
   4.49021  -4.10099
   4.49876  -4.12788
   4.49310  -4.16151
   4.50627  -4.21026
   4.51189  -4.21695
   4.54610  -4.26333
   4.56589  -4.20743
   4.56855  -4.19818
   4.57356  -4.19864
   4.57718  -4.19898
   4.60458  -4.17675
   4.63457  -4.18348
   4.64027  -4.18384
                    
   3.06721  -4.16510
   3.08143  -4.16731
   3.09969  -4.17404
   3.12257  -4.18654
   3.13446  -4.17729
   3.17231  -4.15125
   3.17584  -4.14579
   3.19396  -4.09388
   3.21820  -4.03928
   3.21894  -4.03820
   3.21923  -4.03644
   3.22883  -3.97363
   3.23256  -3.95669
   3.25183  -3.91319
   3.25257  -3.90923
   3.26052  -3.87344
   3.27408  -3.84852
   3.30537  -3.79849
   3.30973  -3.79121
   3.31195  -3.78846
   3.31521  -3.78275
   3.31135  -3.78016
   3.29048  -3.75991
                    
