    0.0000    0.8346
    0.0000    0.0000
    0.8346    0.0000
    0.0000    0.0000
    0.8025    0.0000
    0.8023    0.0140
    0.8020    0.0280
    0.8014    0.0420
    0.8005    0.0560
    0.7994    0.0699
    0.7981    0.0839
    0.7965    0.0978
    0.7947    0.1117
    0.7926    0.1255
    0.7903    0.1393
    0.7877    0.1531
    0.7849    0.1668
    0.7819    0.1805
    0.7786    0.1941
    0.7751    0.2077
    0.7714    0.2212
    0.7674    0.2346
    0.7632    0.2480
    0.7587    0.2613
    0.7541    0.2745
    0.7492    0.2876
    0.7440    0.3006
    0.7387    0.3135
    0.7331    0.3264
    0.7273    0.3391
    0.7213    0.3518
    0.7150    0.3643
    0.7085    0.3767
    0.7019    0.3890
    0.6950    0.4012
    0.6879    0.4133
    0.6805    0.4252
    0.6730    0.4371
    0.6653    0.4487
    0.6573    0.4603
    0.6492    0.4717
    0.6409    0.4829
    0.6324    0.4940
    0.6236    0.5050
    0.6147    0.5158
    0.6056    0.5265
    0.5964    0.5370
    0.5869    0.5473
    0.5772    0.5574
    0.5674    0.5674
    0.5574    0.5772
    0.5473    0.5869
    0.5370    0.5964
    0.5265    0.6056
    0.5158    0.6147
    0.5050    0.6236
    0.4940    0.6324
    0.4829    0.6409
    0.4717    0.6492
    0.4603    0.6573
    0.4487    0.6653
    0.4371    0.6730
    0.4252    0.6805
    0.4133    0.6879
    0.4012    0.6950
    0.3890    0.7019
    0.3767    0.7085
    0.3643    0.7150
    0.3518    0.7213
    0.3391    0.7273
    0.3264    0.7331
    0.3135    0.7387
    0.3006    0.7440
    0.2876    0.7492
    0.2745    0.7541
    0.2613    0.7587
    0.2480    0.7632
    0.2346    0.7674
    0.2212    0.7714
    0.2077    0.7751
    0.1941    0.7786
    0.1805    0.7819
    0.1668    0.7849
    0.1531    0.7877
    0.1393    0.7903
    0.1255    0.7926
    0.1117    0.7947
    0.0978    0.7965
    0.0839    0.7981
    0.0699    0.7994
    0.0560    0.8005
    0.0420    0.8014
    0.0280    0.8020
    0.0140    0.8023
   -0.0000    0.8025
   -0.0140    0.8023
   -0.0280    0.8020
   -0.0420    0.8014
   -0.0560    0.8005
   -0.0699    0.7994
   -0.0839    0.7981
   -0.0978    0.7965
   -0.1117    0.7947
   -0.1255    0.7926
   -0.1393    0.7903
   -0.1531    0.7877
   -0.1668    0.7849
   -0.1805    0.7819
   -0.1941    0.7786
   -0.2077    0.7751
   -0.2212    0.7714
   -0.2346    0.7674
   -0.2480    0.7632
   -0.2613    0.7587
   -0.2745    0.7541
   -0.2876    0.7492
   -0.3006    0.7440
   -0.3135    0.7387
   -0.3264    0.7331
   -0.3391    0.7273
   -0.3518    0.7213
   -0.3643    0.7150
   -0.3767    0.7085
   -0.3890    0.7019
   -0.4012    0.6950
   -0.4133    0.6879
   -0.4252    0.6805
   -0.4371    0.6730
   -0.4487    0.6653
   -0.4603    0.6573
   -0.4717    0.6492
   -0.4829    0.6409
   -0.4940    0.6324
   -0.5050    0.6236
   -0.5158    0.6147
   -0.5265    0.6056
   -0.5370    0.5964
   -0.5473    0.5869
   -0.5574    0.5772
   -0.5674    0.5674
   -0.5772    0.5574
   -0.5869    0.5473
   -0.5964    0.5370
   -0.6056    0.5265
   -0.6147    0.5158
   -0.6236    0.5050
   -0.6324    0.4940
   -0.6409    0.4829
   -0.6492    0.4717
   -0.6573    0.4603
   -0.6653    0.4487
   -0.6730    0.4371
   -0.6805    0.4252
   -0.6879    0.4133
   -0.6950    0.4012
   -0.7019    0.3890
   -0.7085    0.3767
   -0.7150    0.3643
   -0.7213    0.3518
   -0.7273    0.3391
   -0.7331    0.3264
   -0.7387    0.3135
   -0.7440    0.3006
   -0.7492    0.2876
   -0.7541    0.2745
   -0.7587    0.2613
   -0.7632    0.2480
   -0.7674    0.2346
   -0.7714    0.2212
   -0.7751    0.2077
   -0.7786    0.1941
   -0.7819    0.1805
   -0.7849    0.1668
   -0.7877    0.1531
   -0.7903    0.1393
   -0.7926    0.1255
   -0.7947    0.1117
   -0.7965    0.0978
   -0.7981    0.0839
   -0.7994    0.0699
   -0.8005    0.0560
   -0.8014    0.0420
   -0.8020    0.0280
   -0.8023    0.0140
   -0.8025   -0.0000
   -0.8023   -0.0140
   -0.8020   -0.0280
   -0.8014   -0.0420
   -0.8005   -0.0560
   -0.7994   -0.0699
   -0.7981   -0.0839
   -0.7965   -0.0978
   -0.7947   -0.1117
   -0.7926   -0.1255
   -0.7903   -0.1393
   -0.7877   -0.1531
   -0.7849   -0.1668
   -0.7819   -0.1805
   -0.7786   -0.1941
   -0.7751   -0.2077
   -0.7714   -0.2212
   -0.7674   -0.2346
   -0.7632   -0.2480
   -0.7587   -0.2613
   -0.7541   -0.2745
   -0.7492   -0.2876
   -0.7440   -0.3006
   -0.7387   -0.3135
   -0.7331   -0.3264
   -0.7273   -0.3391
   -0.7213   -0.3518
   -0.7150   -0.3643
   -0.7085   -0.3767
   -0.7019   -0.3890
   -0.6950   -0.4012
   -0.6879   -0.4133
   -0.6805   -0.4252
   -0.6730   -0.4371
   -0.6653   -0.4487
   -0.6573   -0.4603
   -0.6492   -0.4717
   -0.6409   -0.4829
   -0.6324   -0.4940
   -0.6236   -0.5050
   -0.6147   -0.5158
   -0.6056   -0.5265
   -0.5964   -0.5370
   -0.5869   -0.5473
   -0.5772   -0.5574
   -0.5674   -0.5674
   -0.5574   -0.5772
   -0.5473   -0.5869
   -0.5370   -0.5964
   -0.5265   -0.6056
   -0.5158   -0.6147
   -0.5050   -0.6236
   -0.4940   -0.6324
   -0.4829   -0.6409
   -0.4717   -0.6492
   -0.4603   -0.6573
   -0.4487   -0.6653
   -0.4371   -0.6730
   -0.4252   -0.6805
   -0.4133   -0.6879
   -0.4012   -0.6950
   -0.3890   -0.7019
   -0.3767   -0.7085
   -0.3643   -0.7150
   -0.3518   -0.7213
   -0.3391   -0.7273
   -0.3264   -0.7331
   -0.3135   -0.7387
   -0.3006   -0.7440
   -0.2876   -0.7492
   -0.2745   -0.7541
   -0.2613   -0.7587
   -0.2480   -0.7632
   -0.2346   -0.7674
   -0.2212   -0.7714
   -0.2077   -0.7751
   -0.1941   -0.7786
   -0.1805   -0.7819
   -0.1668   -0.7849
   -0.1531   -0.7877
   -0.1393   -0.7903
   -0.1255   -0.7926
   -0.1117   -0.7947
   -0.0978   -0.7965
   -0.0839   -0.7981
   -0.0699   -0.7994
   -0.0560   -0.8005
   -0.0420   -0.8014
   -0.0280   -0.8020
   -0.0140   -0.8023
    0.0000   -0.8025
    0.0140   -0.8023
    0.0280   -0.8020
    0.0420   -0.8014
    0.0560   -0.8005
    0.0699   -0.7994
    0.0839   -0.7981
    0.0978   -0.7965
    0.1117   -0.7947
    0.1255   -0.7926
    0.1393   -0.7903
    0.1531   -0.7877
    0.1668   -0.7849
    0.1805   -0.7819
    0.1941   -0.7786
    0.2077   -0.7751
    0.2212   -0.7714
    0.2346   -0.7674
    0.2480   -0.7632
    0.2613   -0.7587
    0.2745   -0.7541
    0.2876   -0.7492
    0.3006   -0.7440
    0.3135   -0.7387
    0.3264   -0.7331
    0.3391   -0.7273
    0.3518   -0.7213
    0.3643   -0.7150
    0.3767   -0.7085
    0.3890   -0.7019
    0.4012   -0.6950
    0.4133   -0.6879
    0.4252   -0.6805
    0.4371   -0.6730
    0.4487   -0.6653
    0.4603   -0.6573
    0.4717   -0.6492
    0.4829   -0.6409
    0.4940   -0.6324
    0.5050   -0.6236
    0.5158   -0.6147
    0.5265   -0.6056
    0.5370   -0.5964
    0.5473   -0.5869
    0.5574   -0.5772
    0.5674   -0.5674
    0.5772   -0.5574
    0.5869   -0.5473
    0.5964   -0.5370
    0.6056   -0.5265
    0.6147   -0.5158
    0.6236   -0.5050
    0.6324   -0.4940
    0.6409   -0.4829
    0.6492   -0.4717
    0.6573   -0.4603
    0.6653   -0.4487
    0.6730   -0.4371
    0.6805   -0.4252
    0.6879   -0.4133
    0.6950   -0.4012
    0.7019   -0.3890
    0.7085   -0.3767
    0.7150   -0.3643
    0.7213   -0.3518
    0.7273   -0.3391
    0.7331   -0.3264
    0.7387   -0.3135
    0.7440   -0.3006
    0.7492   -0.2876
    0.7541   -0.2745
    0.7587   -0.2613
    0.7632   -0.2480
    0.7674   -0.2346
    0.7714   -0.2212
    0.7751   -0.2077
    0.7786   -0.1941
    0.7819   -0.1805
    0.7849   -0.1668
    0.7877   -0.1531
    0.7903   -0.1393
    0.7926   -0.1255
    0.7947   -0.1117
    0.7965   -0.0978
    0.7981   -0.0839
    0.7994   -0.0699
    0.8005   -0.0560
    0.8014   -0.0420
    0.8020   -0.0280
    0.8023   -0.0140
    0.8025    0.0000
    0.0000    0.0000
                    
    0.0000   -1.3321
    0.0000   -2.1667
    0.8346   -2.1667
    0.0000   -2.1667
    0.8025   -2.1667
    0.8023   -2.1527
    0.8020   -2.1387
    0.8014   -2.1247
    0.8005   -2.1107
    0.7994   -2.0967
    0.7981   -2.0828
    0.7965   -2.0689
    0.7947   -2.0550
    0.7926   -2.0411
    0.7903   -2.0273
    0.7877   -2.0135
    0.7849   -1.9998
    0.7819   -1.9862
    0.7786   -1.9725
    0.7751   -1.9590
    0.7714   -1.9455
    0.7674   -1.9320
    0.7632   -1.9187
    0.7587   -1.9054
    0.7541   -1.8922
    0.7492   -1.8791
    0.7440   -1.8661
    0.7387   -1.8531
    0.7331   -1.8403
    0.7273   -1.8275
    0.7213   -1.8149
    0.7150   -1.8024
    0.7085   -1.7899
    0.7019   -1.7776
    0.6950   -1.7654
    0.6879   -1.7534
    0.6805   -1.7414
    0.6730   -1.7296
    0.6653   -1.7179
    0.6573   -1.7064
    0.6492   -1.6950
    0.6409   -1.6837
    0.6324   -1.6726
    0.6236   -1.6617
    0.6147   -1.6508
    0.6056   -1.6402
    0.5964   -1.6297
    0.5869   -1.6194
    0.5772   -1.6092
    0.5674   -1.5992
    0.5574   -1.5894
    0.5473   -1.5798
    0.5370   -1.5703
    0.5265   -1.5610
    0.5158   -1.5519
    0.5050   -1.5430
    0.4940   -1.5343
    0.4829   -1.5258
    0.4717   -1.5175
    0.4603   -1.5093
    0.4487   -1.5014
    0.4371   -1.4937
    0.4252   -1.4861
    0.4133   -1.4788
    0.4012   -1.4717
    0.3890   -1.4648
    0.3767   -1.4581
    0.3643   -1.4517
    0.3518   -1.4454
    0.3391   -1.4394
    0.3264   -1.4336
    0.3135   -1.4280
    0.3006   -1.4226
    0.2876   -1.4175
    0.2745   -1.4126
    0.2613   -1.4079
    0.2480   -1.4035
    0.2346   -1.3993
    0.2212   -1.3953
    0.2077   -1.3915
    0.1941   -1.3880
    0.1805   -1.3848
    0.1668   -1.3817
    0.1531   -1.3789
    0.1393   -1.3764
    0.1255   -1.3741
    0.1117   -1.3720
    0.0978   -1.3702
    0.0839   -1.3686
    0.0699   -1.3673
    0.0560   -1.3662
    0.0420   -1.3653
    0.0280   -1.3647
    0.0140   -1.3643
   -0.0000   -1.3642
   -0.0140   -1.3643
   -0.0280   -1.3647
   -0.0420   -1.3653
   -0.0560   -1.3662
   -0.0699   -1.3673
   -0.0839   -1.3686
   -0.0978   -1.3702
   -0.1117   -1.3720
   -0.1255   -1.3741
   -0.1393   -1.3764
   -0.1531   -1.3789
   -0.1668   -1.3817
   -0.1805   -1.3848
   -0.1941   -1.3880
   -0.2077   -1.3915
   -0.2212   -1.3953
   -0.2346   -1.3993
   -0.2480   -1.4035
   -0.2613   -1.4079
   -0.2745   -1.4126
   -0.2876   -1.4175
   -0.3006   -1.4226
   -0.3135   -1.4280
   -0.3264   -1.4336
   -0.3391   -1.4394
   -0.3518   -1.4454
   -0.3643   -1.4517
   -0.3767   -1.4581
   -0.3890   -1.4648
   -0.4012   -1.4717
   -0.4133   -1.4788
   -0.4252   -1.4861
   -0.4371   -1.4937
   -0.4487   -1.5014
   -0.4603   -1.5093
   -0.4717   -1.5175
   -0.4829   -1.5258
   -0.4940   -1.5343
   -0.5050   -1.5430
   -0.5158   -1.5519
   -0.5265   -1.5610
   -0.5370   -1.5703
   -0.5473   -1.5798
   -0.5574   -1.5894
   -0.5674   -1.5992
   -0.5772   -1.6092
   -0.5869   -1.6194
   -0.5964   -1.6297
   -0.6056   -1.6402
   -0.6147   -1.6508
   -0.6236   -1.6617
   -0.6324   -1.6726
   -0.6409   -1.6837
   -0.6492   -1.6950
   -0.6573   -1.7064
   -0.6653   -1.7179
   -0.6730   -1.7296
   -0.6805   -1.7414
   -0.6879   -1.7534
   -0.6950   -1.7654
   -0.7019   -1.7776
   -0.7085   -1.7899
   -0.7150   -1.8024
   -0.7213   -1.8149
   -0.7273   -1.8275
   -0.7331   -1.8403
   -0.7387   -1.8531
   -0.7440   -1.8661
   -0.7492   -1.8791
   -0.7541   -1.8922
   -0.7587   -1.9054
   -0.7632   -1.9187
   -0.7674   -1.9320
   -0.7714   -1.9455
   -0.7751   -1.9590
   -0.7786   -1.9725
   -0.7819   -1.9862
   -0.7849   -1.9998
   -0.7877   -2.0135
   -0.7903   -2.0273
   -0.7926   -2.0411
   -0.7947   -2.0550
   -0.7965   -2.0689
   -0.7981   -2.0828
   -0.7994   -2.0967
   -0.8005   -2.1107
   -0.8014   -2.1247
   -0.8020   -2.1387
   -0.8023   -2.1527
   -0.8025   -2.1667
   -0.8023   -2.1807
   -0.8020   -2.1947
   -0.8014   -2.2087
   -0.8005   -2.2226
   -0.7994   -2.2366
   -0.7981   -2.2505
   -0.7965   -2.2645
   -0.7947   -2.2783
   -0.7926   -2.2922
   -0.7903   -2.3060
   -0.7877   -2.3198
   -0.7849   -2.3335
   -0.7819   -2.3472
   -0.7786   -2.3608
   -0.7751   -2.3744
   -0.7714   -2.3879
   -0.7674   -2.4013
   -0.7632   -2.4146
   -0.7587   -2.4279
   -0.7541   -2.4411
   -0.7492   -2.4542
   -0.7440   -2.4673
   -0.7387   -2.4802
   -0.7331   -2.4931
   -0.7273   -2.5058
   -0.7213   -2.5184
   -0.7150   -2.5310
   -0.7085   -2.5434
   -0.7019   -2.5557
   -0.6950   -2.5679
   -0.6879   -2.5800
   -0.6805   -2.5919
   -0.6730   -2.6037
   -0.6653   -2.6154
   -0.6573   -2.6269
   -0.6492   -2.6383
   -0.6409   -2.6496
   -0.6324   -2.6607
   -0.6236   -2.6717
   -0.6147   -2.6825
   -0.6056   -2.6931
   -0.5964   -2.7036
   -0.5869   -2.7139
   -0.5772   -2.7241
   -0.5674   -2.7341
   -0.5574   -2.7439
   -0.5473   -2.7536
   -0.5370   -2.7630
   -0.5265   -2.7723
   -0.5158   -2.7814
   -0.5050   -2.7903
   -0.4940   -2.7990
   -0.4829   -2.8075
   -0.4717   -2.8159
   -0.4603   -2.8240
   -0.4487   -2.8319
   -0.4371   -2.8397
   -0.4252   -2.8472
   -0.4133   -2.8545
   -0.4012   -2.8616
   -0.3890   -2.8685
   -0.3767   -2.8752
   -0.3643   -2.8817
   -0.3518   -2.8879
   -0.3391   -2.8940
   -0.3264   -2.8998
   -0.3135   -2.9053
   -0.3006   -2.9107
   -0.2876   -2.9158
   -0.2745   -2.9207
   -0.2613   -2.9254
   -0.2480   -2.9299
   -0.2346   -2.9341
   -0.2212   -2.9380
   -0.2077   -2.9418
   -0.1941   -2.9453
   -0.1805   -2.9486
   -0.1668   -2.9516
   -0.1531   -2.9544
   -0.1393   -2.9569
   -0.1255   -2.9593
   -0.1117   -2.9613
   -0.0978   -2.9632
   -0.0839   -2.9647
   -0.0699   -2.9661
   -0.0560   -2.9672
   -0.0420   -2.9680
   -0.0280   -2.9686
   -0.0140   -2.9690
    0.0000   -2.9691
    0.0140   -2.9690
    0.0280   -2.9686
    0.0420   -2.9680
    0.0560   -2.9672
    0.0699   -2.9661
    0.0839   -2.9647
    0.0978   -2.9632
    0.1117   -2.9613
    0.1255   -2.9593
    0.1393   -2.9569
    0.1531   -2.9544
    0.1668   -2.9516
    0.1805   -2.9486
    0.1941   -2.9453
    0.2077   -2.9418
    0.2212   -2.9380
    0.2346   -2.9341
    0.2480   -2.9299
    0.2613   -2.9254
    0.2745   -2.9207
    0.2876   -2.9158
    0.3006   -2.9107
    0.3135   -2.9053
    0.3264   -2.8998
    0.3391   -2.8940
    0.3518   -2.8879
    0.3643   -2.8817
    0.3767   -2.8752
    0.3890   -2.8685
    0.4012   -2.8616
    0.4133   -2.8545
    0.4252   -2.8472
    0.4371   -2.8397
    0.4487   -2.8319
    0.4603   -2.8240
    0.4717   -2.8159
    0.4829   -2.8075
    0.4940   -2.7990
    0.5050   -2.7903
    0.5158   -2.7814
    0.5265   -2.7723
    0.5370   -2.7630
    0.5473   -2.7536
    0.5574   -2.7439
    0.5674   -2.7341
    0.5772   -2.7241
    0.5869   -2.7139
    0.5964   -2.7036
    0.6056   -2.6931
    0.6147   -2.6825
    0.6236   -2.6717
    0.6324   -2.6607
    0.6409   -2.6496
    0.6492   -2.6383
    0.6573   -2.6269
    0.6653   -2.6154
    0.6730   -2.6037
    0.6805   -2.5919
    0.6879   -2.5800
    0.6950   -2.5679
    0.7019   -2.5557
    0.7085   -2.5434
    0.7150   -2.5310
    0.7213   -2.5184
    0.7273   -2.5058
    0.7331   -2.4931
    0.7387   -2.4802
    0.7440   -2.4673
    0.7492   -2.4542
    0.7541   -2.4411
    0.7587   -2.4279
    0.7632   -2.4146
    0.7674   -2.4013
    0.7714   -2.3879
    0.7751   -2.3744
    0.7786   -2.3608
    0.7819   -2.3472
    0.7849   -2.3335
    0.7877   -2.3198
    0.7903   -2.3060
    0.7926   -2.2922
    0.7947   -2.2783
    0.7965   -2.2645
    0.7981   -2.2505
    0.7994   -2.2366
    0.8005   -2.2226
    0.8014   -2.2087
    0.8020   -2.1947
    0.8023   -2.1807
    0.8025   -2.1667
    0.0000   -2.1667
                    
    0.0000   -3.4988
    0.0000   -4.3333
    0.8346   -4.3333
    0.0000   -4.3333
    0.8025   -4.3333
    0.8023   -4.3193
    0.8020   -4.3053
    0.8014   -4.2913
    0.8005   -4.2774
    0.7994   -4.2634
    0.7981   -4.2495
    0.7965   -4.2355
    0.7947   -4.2217
    0.7926   -4.2078
    0.7903   -4.1940
    0.7877   -4.1802
    0.7849   -4.1665
    0.7819   -4.1528
    0.7786   -4.1392
    0.7751   -4.1256
    0.7714   -4.1121
    0.7674   -4.0987
    0.7632   -4.0854
    0.7587   -4.0721
    0.7541   -4.0589
    0.7492   -4.0458
    0.7440   -4.0327
    0.7387   -4.0198
    0.7331   -4.0069
    0.7273   -3.9942
    0.7213   -3.9816
    0.7150   -3.9690
    0.7085   -3.9566
    0.7019   -3.9443
    0.6950   -3.9321
    0.6879   -3.9200
    0.6805   -3.9081
    0.6730   -3.8963
    0.6653   -3.8846
    0.6573   -3.8731
    0.6492   -3.8617
    0.6409   -3.8504
    0.6324   -3.8393
    0.6236   -3.8283
    0.6147   -3.8175
    0.6056   -3.8069
    0.5964   -3.7964
    0.5869   -3.7861
    0.5772   -3.7759
    0.5674   -3.7659
    0.5574   -3.7561
    0.5473   -3.7464
    0.5370   -3.7370
    0.5265   -3.7277
    0.5158   -3.7186
    0.5050   -3.7097
    0.4940   -3.7010
    0.4829   -3.6925
    0.4717   -3.6841
    0.4603   -3.6760
    0.4487   -3.6681
    0.4371   -3.6603
    0.4252   -3.6528
    0.4133   -3.6455
    0.4012   -3.6384
    0.3890   -3.6315
    0.3767   -3.6248
    0.3643   -3.6183
    0.3518   -3.6121
    0.3391   -3.6060
    0.3264   -3.6002
    0.3135   -3.5947
    0.3006   -3.5893
    0.2876   -3.5842
    0.2745   -3.5793
    0.2613   -3.5746
    0.2480   -3.5701
    0.2346   -3.5659
    0.2212   -3.5620
    0.2077   -3.5582
    0.1941   -3.5547
    0.1805   -3.5514
    0.1668   -3.5484
    0.1531   -3.5456
    0.1393   -3.5431
    0.1255   -3.5407
    0.1117   -3.5387
    0.0978   -3.5368
    0.0839   -3.5353
    0.0699   -3.5339
    0.0560   -3.5328
    0.0420   -3.5320
    0.0280   -3.5314
    0.0140   -3.5310
   -0.0000   -3.5309
   -0.0140   -3.5310
   -0.0280   -3.5314
   -0.0420   -3.5320
   -0.0560   -3.5328
   -0.0699   -3.5339
   -0.0839   -3.5353
   -0.0978   -3.5368
   -0.1117   -3.5387
   -0.1255   -3.5407
   -0.1393   -3.5431
   -0.1531   -3.5456
   -0.1668   -3.5484
   -0.1805   -3.5514
   -0.1941   -3.5547
   -0.2077   -3.5582
   -0.2212   -3.5620
   -0.2346   -3.5659
   -0.2480   -3.5701
   -0.2613   -3.5746
   -0.2745   -3.5793
   -0.2876   -3.5842
   -0.3006   -3.5893
   -0.3135   -3.5947
   -0.3264   -3.6002
   -0.3391   -3.6060
   -0.3518   -3.6121
   -0.3643   -3.6183
   -0.3767   -3.6248
   -0.3890   -3.6315
   -0.4012   -3.6384
   -0.4133   -3.6455
   -0.4252   -3.6528
   -0.4371   -3.6603
   -0.4487   -3.6681
   -0.4603   -3.6760
   -0.4717   -3.6841
   -0.4829   -3.6925
   -0.4940   -3.7010
   -0.5050   -3.7097
   -0.5158   -3.7186
   -0.5265   -3.7277
   -0.5370   -3.7370
   -0.5473   -3.7464
   -0.5574   -3.7561
   -0.5674   -3.7659
   -0.5772   -3.7759
   -0.5869   -3.7861
   -0.5964   -3.7964
   -0.6056   -3.8069
   -0.6147   -3.8175
   -0.6236   -3.8283
   -0.6324   -3.8393
   -0.6409   -3.8504
   -0.6492   -3.8617
   -0.6573   -3.8731
   -0.6653   -3.8846
   -0.6730   -3.8963
   -0.6805   -3.9081
   -0.6879   -3.9200
   -0.6950   -3.9321
   -0.7019   -3.9443
   -0.7085   -3.9566
   -0.7150   -3.9690
   -0.7213   -3.9816
   -0.7273   -3.9942
   -0.7331   -4.0069
   -0.7387   -4.0198
   -0.7440   -4.0327
   -0.7492   -4.0458
   -0.7541   -4.0589
   -0.7587   -4.0721
   -0.7632   -4.0854
   -0.7674   -4.0987
   -0.7714   -4.1121
   -0.7751   -4.1256
   -0.7786   -4.1392
   -0.7819   -4.1528
   -0.7849   -4.1665
   -0.7877   -4.1802
   -0.7903   -4.1940
   -0.7926   -4.2078
   -0.7947   -4.2217
   -0.7965   -4.2355
   -0.7981   -4.2495
   -0.7994   -4.2634
   -0.8005   -4.2774
   -0.8014   -4.2913
   -0.8020   -4.3053
   -0.8023   -4.3193
   -0.8025   -4.3333
   -0.8023   -4.3473
   -0.8020   -4.3613
   -0.8014   -4.3753
   -0.8005   -4.3893
   -0.7994   -4.4033
   -0.7981   -4.4172
   -0.7965   -4.4311
   -0.7947   -4.4450
   -0.7926   -4.4589
   -0.7903   -4.4727
   -0.7877   -4.4865
   -0.7849   -4.5002
   -0.7819   -4.5138
   -0.7786   -4.5275
   -0.7751   -4.5410
   -0.7714   -4.5545
   -0.7674   -4.5680
   -0.7632   -4.5813
   -0.7587   -4.5946
   -0.7541   -4.6078
   -0.7492   -4.6209
   -0.7440   -4.6339
   -0.7387   -4.6469
   -0.7331   -4.6597
   -0.7273   -4.6725
   -0.7213   -4.6851
   -0.7150   -4.6976
   -0.7085   -4.7101
   -0.7019   -4.7224
   -0.6950   -4.7346
   -0.6879   -4.7466
   -0.6805   -4.7586
   -0.6730   -4.7704
   -0.6653   -4.7821
   -0.6573   -4.7936
   -0.6492   -4.8050
   -0.6409   -4.8163
   -0.6324   -4.8274
   -0.6236   -4.8383
   -0.6147   -4.8492
   -0.6056   -4.8598
   -0.5964   -4.8703
   -0.5869   -4.8806
   -0.5772   -4.8908
   -0.5674   -4.9008
   -0.5574   -4.9106
   -0.5473   -4.9202
   -0.5370   -4.9297
   -0.5265   -4.9390
   -0.5158   -4.9481
   -0.5050   -4.9570
   -0.4940   -4.9657
   -0.4829   -4.9742
   -0.4717   -4.9825
   -0.4603   -4.9907
   -0.4487   -4.9986
   -0.4371   -5.0063
   -0.4252   -5.0139
   -0.4133   -5.0212
   -0.4012   -5.0283
   -0.3890   -5.0352
   -0.3767   -5.0419
   -0.3643   -5.0483
   -0.3518   -5.0546
   -0.3391   -5.0606
   -0.3264   -5.0664
   -0.3135   -5.0720
   -0.3006   -5.0774
   -0.2876   -5.0825
   -0.2745   -5.0874
   -0.2613   -5.0921
   -0.2480   -5.0965
   -0.2346   -5.1007
   -0.2212   -5.1047
   -0.2077   -5.1085
   -0.1941   -5.1120
   -0.1805   -5.1152
   -0.1668   -5.1183
   -0.1531   -5.1211
   -0.1393   -5.1236
   -0.1255   -5.1259
   -0.1117   -5.1280
   -0.0978   -5.1298
   -0.0839   -5.1314
   -0.0699   -5.1327
   -0.0560   -5.1338
   -0.0420   -5.1347
   -0.0280   -5.1353
   -0.0140   -5.1357
    0.0000   -5.1358
    0.0140   -5.1357
    0.0280   -5.1353
    0.0420   -5.1347
    0.0560   -5.1338
    0.0699   -5.1327
    0.0839   -5.1314
    0.0978   -5.1298
    0.1117   -5.1280
    0.1255   -5.1259
    0.1393   -5.1236
    0.1531   -5.1211
    0.1668   -5.1183
    0.1805   -5.1152
    0.1941   -5.1120
    0.2077   -5.1085
    0.2212   -5.1047
    0.2346   -5.1007
    0.2480   -5.0965
    0.2613   -5.0921
    0.2745   -5.0874
    0.2876   -5.0825
    0.3006   -5.0774
    0.3135   -5.0720
    0.3264   -5.0664
    0.3391   -5.0606
    0.3518   -5.0546
    0.3643   -5.0483
    0.3767   -5.0419
    0.3890   -5.0352
    0.4012   -5.0283
    0.4133   -5.0212
    0.4252   -5.0139
    0.4371   -5.0063
    0.4487   -4.9986
    0.4603   -4.9907
    0.4717   -4.9825
    0.4829   -4.9742
    0.4940   -4.9657
    0.5050   -4.9570
    0.5158   -4.9481
    0.5265   -4.9390
    0.5370   -4.9297
    0.5473   -4.9202
    0.5574   -4.9106
    0.5674   -4.9008
    0.5772   -4.8908
    0.5869   -4.8806
    0.5964   -4.8703
    0.6056   -4.8598
    0.6147   -4.8492
    0.6236   -4.8383
    0.6324   -4.8274
    0.6409   -4.8163
    0.6492   -4.8050
    0.6573   -4.7936
    0.6653   -4.7821
    0.6730   -4.7704
    0.6805   -4.7586
    0.6879   -4.7466
    0.6950   -4.7346
    0.7019   -4.7224
    0.7085   -4.7101
    0.7150   -4.6976
    0.7213   -4.6851
    0.7273   -4.6725
    0.7331   -4.6597
    0.7387   -4.6469
    0.7440   -4.6339
    0.7492   -4.6209
    0.7541   -4.6078
    0.7587   -4.5946
    0.7632   -4.5813
    0.7674   -4.5680
    0.7714   -4.5545
    0.7751   -4.5410
    0.7786   -4.5275
    0.7819   -4.5138
    0.7849   -4.5002
    0.7877   -4.4865
    0.7903   -4.4727
    0.7926   -4.4589
    0.7947   -4.4450
    0.7965   -4.4311
    0.7981   -4.4172
    0.7994   -4.4033
    0.8005   -4.3893
    0.8014   -4.3753
    0.8020   -4.3613
    0.8023   -4.3473
    0.8025   -4.3333
    0.0000   -4.3333
                    
    1.9259    0.8346
    1.9259    0.0000
    2.7605    0.0000
    1.9259    0.0000
    2.7284    0.0000
    2.7283    0.0140
    2.7279    0.0280
    2.7273    0.0420
    2.7264    0.0560
    2.7253    0.0699
    2.7240    0.0839
    2.7224    0.0978
    2.7206    0.1117
    2.7185    0.1255
    2.7162    0.1393
    2.7137    0.1531
    2.7109    0.1668
    2.7078    0.1805
    2.7046    0.1941
    2.7011    0.2077
    2.6973    0.2212
    2.6933    0.2346
    2.6891    0.2480
    2.6847    0.2613
    2.6800    0.2745
    2.6751    0.2876
    2.6700    0.3006
    2.6646    0.3135
    2.6590    0.3264
    2.6532    0.3391
    2.6472    0.3518
    2.6409    0.3643
    2.6345    0.3767
    2.6278    0.3890
    2.6209    0.4012
    2.6138    0.4133
    2.6065    0.4252
    2.5989    0.4371
    2.5912    0.4487
    2.5833    0.4603
    2.5751    0.4717
    2.5668    0.4829
    2.5583    0.4940
    2.5496    0.5050
    2.5407    0.5158
    2.5316    0.5265
    2.5223    0.5370
    2.5128    0.5473
    2.5032    0.5574
    2.4934    0.5674
    2.4834    0.5772
    2.4732    0.5869
    2.4629    0.5964
    2.4524    0.6056
    2.4417    0.6147
    2.4309    0.6236
    2.4200    0.6324
    2.4089    0.6409
    2.3976    0.6492
    2.3862    0.6573
    2.3747    0.6653
    2.3630    0.6730
    2.3512    0.6805
    2.3392    0.6879
    2.3272    0.6950
    2.3150    0.7019
    2.3027    0.7085
    2.2902    0.7150
    2.2777    0.7213
    2.2651    0.7273
    2.2523    0.7331
    2.2395    0.7387
    2.2265    0.7440
    2.2135    0.7492
    2.2004    0.7541
    2.1872    0.7587
    2.1739    0.7632
    2.1605    0.7674
    2.1471    0.7714
    2.1336    0.7751
    2.1201    0.7786
    2.1064    0.7819
    2.0928    0.7849
    2.0790    0.7877
    2.0653    0.7903
    2.0515    0.7926
    2.0376    0.7947
    2.0237    0.7965
    2.0098    0.7981
    1.9959    0.7994
    1.9819    0.8005
    1.9679    0.8014
    1.9539    0.8020
    1.9399    0.8023
    1.9259    0.8025
    1.9119    0.8023
    1.8979    0.8020
    1.8839    0.8014
    1.8699    0.8005
    1.8560    0.7994
    1.8420    0.7981
    1.8281    0.7965
    1.8142    0.7947
    1.8004    0.7926
    1.7866    0.7903
    1.7728    0.7877
    1.7591    0.7849
    1.7454    0.7819
    1.7318    0.7786
    1.7182    0.7751
    1.7047    0.7714
    1.6913    0.7674
    1.6779    0.7632
    1.6647    0.7587
    1.6515    0.7541
    1.6383    0.7492
    1.6253    0.7440
    1.6124    0.7387
    1.5995    0.7331
    1.5868    0.7273
    1.5741    0.7213
    1.5616    0.7150
    1.5492    0.7085
    1.5369    0.7019
    1.5247    0.6950
    1.5126    0.6879
    1.5007    0.6805
    1.4889    0.6730
    1.4772    0.6653
    1.4656    0.6573
    1.4542    0.6492
    1.4430    0.6409
    1.4319    0.6324
    1.4209    0.6236
    1.4101    0.6147
    1.3995    0.6056
    1.3890    0.5964
    1.3786    0.5869
    1.3685    0.5772
    1.3585    0.5674
    1.3487    0.5574
    1.3390    0.5473
    1.3296    0.5370
    1.3203    0.5265
    1.3112    0.5158
    1.3023    0.5050
    1.2936    0.4940
    1.2850    0.4829
    1.2767    0.4717
    1.2686    0.4603
    1.2606    0.4487
    1.2529    0.4371
    1.2454    0.4252
    1.2381    0.4133
    1.2310    0.4012
    1.2241    0.3890
    1.2174    0.3767
    1.2109    0.3643
    1.2047    0.3518
    1.1986    0.3391
    1.1928    0.3264
    1.1872    0.3135
    1.1819    0.3006
    1.1768    0.2876
    1.1719    0.2745
    1.1672    0.2613
    1.1627    0.2480
    1.1585    0.2346
    1.1545    0.2212
    1.1508    0.2077
    1.1473    0.1941
    1.1440    0.1805
    1.1410    0.1668
    1.1382    0.1531
    1.1356    0.1393
    1.1333    0.1255
    1.1313    0.1117
    1.1294    0.0978
    1.1279    0.0839
    1.1265    0.0699
    1.1254    0.0560
    1.1246    0.0420
    1.1239    0.0280
    1.1236    0.0140
    1.1235   -0.0000
    1.1236   -0.0140
    1.1239   -0.0280
    1.1246   -0.0420
    1.1254   -0.0560
    1.1265   -0.0699
    1.1279   -0.0839
    1.1294   -0.0978
    1.1313   -0.1117
    1.1333   -0.1255
    1.1356   -0.1393
    1.1382   -0.1531
    1.1410   -0.1668
    1.1440   -0.1805
    1.1473   -0.1941
    1.1508   -0.2077
    1.1545   -0.2212
    1.1585   -0.2346
    1.1627   -0.2480
    1.1672   -0.2613
    1.1719   -0.2745
    1.1768   -0.2876
    1.1819   -0.3006
    1.1872   -0.3135
    1.1928   -0.3264
    1.1986   -0.3391
    1.2047   -0.3518
    1.2109   -0.3643
    1.2174   -0.3767
    1.2241   -0.3890
    1.2310   -0.4012
    1.2381   -0.4133
    1.2454   -0.4252
    1.2529   -0.4371
    1.2606   -0.4487
    1.2686   -0.4603
    1.2767   -0.4717
    1.2850   -0.4829
    1.2936   -0.4940
    1.3023   -0.5050
    1.3112   -0.5158
    1.3203   -0.5265
    1.3296   -0.5370
    1.3390   -0.5473
    1.3487   -0.5574
    1.3585   -0.5674
    1.3685   -0.5772
    1.3786   -0.5869
    1.3890   -0.5964
    1.3995   -0.6056
    1.4101   -0.6147
    1.4209   -0.6236
    1.4319   -0.6324
    1.4430   -0.6409
    1.4542   -0.6492
    1.4656   -0.6573
    1.4772   -0.6653
    1.4889   -0.6730
    1.5007   -0.6805
    1.5126   -0.6879
    1.5247   -0.6950
    1.5369   -0.7019
    1.5492   -0.7085
    1.5616   -0.7150
    1.5741   -0.7213
    1.5868   -0.7273
    1.5995   -0.7331
    1.6124   -0.7387
    1.6253   -0.7440
    1.6383   -0.7492
    1.6515   -0.7541
    1.6647   -0.7587
    1.6779   -0.7632
    1.6913   -0.7674
    1.7047   -0.7714
    1.7182   -0.7751
    1.7318   -0.7786
    1.7454   -0.7819
    1.7591   -0.7849
    1.7728   -0.7877
    1.7866   -0.7903
    1.8004   -0.7926
    1.8142   -0.7947
    1.8281   -0.7965
    1.8420   -0.7981
    1.8560   -0.7994
    1.8699   -0.8005
    1.8839   -0.8014
    1.8979   -0.8020
    1.9119   -0.8023
    1.9259   -0.8025
    1.9399   -0.8023
    1.9539   -0.8020
    1.9679   -0.8014
    1.9819   -0.8005
    1.9959   -0.7994
    2.0098   -0.7981
    2.0237   -0.7965
    2.0376   -0.7947
    2.0515   -0.7926
    2.0653   -0.7903
    2.0790   -0.7877
    2.0928   -0.7849
    2.1064   -0.7819
    2.1201   -0.7786
    2.1336   -0.7751
    2.1471   -0.7714
    2.1605   -0.7674
    2.1739   -0.7632
    2.1872   -0.7587
    2.2004   -0.7541
    2.2135   -0.7492
    2.2265   -0.7440
    2.2395   -0.7387
    2.2523   -0.7331
    2.2651   -0.7273
    2.2777   -0.7213
    2.2902   -0.7150
    2.3027   -0.7085
    2.3150   -0.7019
    2.3272   -0.6950
    2.3392   -0.6879
    2.3512   -0.6805
    2.3630   -0.6730
    2.3747   -0.6653
    2.3862   -0.6573
    2.3976   -0.6492
    2.4089   -0.6409
    2.4200   -0.6324
    2.4309   -0.6236
    2.4417   -0.6147
    2.4524   -0.6056
    2.4629   -0.5964
    2.4732   -0.5869
    2.4834   -0.5772
    2.4934   -0.5674
    2.5032   -0.5574
    2.5128   -0.5473
    2.5223   -0.5370
    2.5316   -0.5265
    2.5407   -0.5158
    2.5496   -0.5050
    2.5583   -0.4940
    2.5668   -0.4829
    2.5751   -0.4717
    2.5833   -0.4603
    2.5912   -0.4487
    2.5989   -0.4371
    2.6065   -0.4252
    2.6138   -0.4133
    2.6209   -0.4012
    2.6278   -0.3890
    2.6345   -0.3767
    2.6409   -0.3643
    2.6472   -0.3518
    2.6532   -0.3391
    2.6590   -0.3264
    2.6646   -0.3135
    2.6700   -0.3006
    2.6751   -0.2876
    2.6800   -0.2745
    2.6847   -0.2613
    2.6891   -0.2480
    2.6933   -0.2346
    2.6973   -0.2212
    2.7011   -0.2077
    2.7046   -0.1941
    2.7078   -0.1805
    2.7109   -0.1668
    2.7137   -0.1531
    2.7162   -0.1393
    2.7185   -0.1255
    2.7206   -0.1117
    2.7224   -0.0978
    2.7240   -0.0839
    2.7253   -0.0699
    2.7264   -0.0560
    2.7273   -0.0420
    2.7279   -0.0280
    2.7283   -0.0140
    2.7284    0.0000
    1.9259    0.0000
                    
    1.9259   -1.3321
    1.9259   -2.1667
    2.7605   -2.1667
    1.9259   -2.1667
    2.7284   -2.1667
    2.7283   -2.1527
    2.7279   -2.1387
    2.7273   -2.1247
    2.7264   -2.1107
    2.7253   -2.0967
    2.7240   -2.0828
    2.7224   -2.0689
    2.7206   -2.0550
    2.7185   -2.0411
    2.7162   -2.0273
    2.7137   -2.0135
    2.7109   -1.9998
    2.7078   -1.9862
    2.7046   -1.9725
    2.7011   -1.9590
    2.6973   -1.9455
    2.6933   -1.9320
    2.6891   -1.9187
    2.6847   -1.9054
    2.6800   -1.8922
    2.6751   -1.8791
    2.6700   -1.8661
    2.6646   -1.8531
    2.6590   -1.8403
    2.6532   -1.8275
    2.6472   -1.8149
    2.6409   -1.8024
    2.6345   -1.7899
    2.6278   -1.7776
    2.6209   -1.7654
    2.6138   -1.7534
    2.6065   -1.7414
    2.5989   -1.7296
    2.5912   -1.7179
    2.5833   -1.7064
    2.5751   -1.6950
    2.5668   -1.6837
    2.5583   -1.6726
    2.5496   -1.6617
    2.5407   -1.6508
    2.5316   -1.6402
    2.5223   -1.6297
    2.5128   -1.6194
    2.5032   -1.6092
    2.4934   -1.5992
    2.4834   -1.5894
    2.4732   -1.5798
    2.4629   -1.5703
    2.4524   -1.5610
    2.4417   -1.5519
    2.4309   -1.5430
    2.4200   -1.5343
    2.4089   -1.5258
    2.3976   -1.5175
    2.3862   -1.5093
    2.3747   -1.5014
    2.3630   -1.4937
    2.3512   -1.4861
    2.3392   -1.4788
    2.3272   -1.4717
    2.3150   -1.4648
    2.3027   -1.4581
    2.2902   -1.4517
    2.2777   -1.4454
    2.2651   -1.4394
    2.2523   -1.4336
    2.2395   -1.4280
    2.2265   -1.4226
    2.2135   -1.4175
    2.2004   -1.4126
    2.1872   -1.4079
    2.1739   -1.4035
    2.1605   -1.3993
    2.1471   -1.3953
    2.1336   -1.3915
    2.1201   -1.3880
    2.1064   -1.3848
    2.0928   -1.3817
    2.0790   -1.3789
    2.0653   -1.3764
    2.0515   -1.3741
    2.0376   -1.3720
    2.0237   -1.3702
    2.0098   -1.3686
    1.9959   -1.3673
    1.9819   -1.3662
    1.9679   -1.3653
    1.9539   -1.3647
    1.9399   -1.3643
    1.9259   -1.3642
    1.9119   -1.3643
    1.8979   -1.3647
    1.8839   -1.3653
    1.8699   -1.3662
    1.8560   -1.3673
    1.8420   -1.3686
    1.8281   -1.3702
    1.8142   -1.3720
    1.8004   -1.3741
    1.7866   -1.3764
    1.7728   -1.3789
    1.7591   -1.3817
    1.7454   -1.3848
    1.7318   -1.3880
    1.7182   -1.3915
    1.7047   -1.3953
    1.6913   -1.3993
    1.6779   -1.4035
    1.6647   -1.4079
    1.6515   -1.4126
    1.6383   -1.4175
    1.6253   -1.4226
    1.6124   -1.4280
    1.5995   -1.4336
    1.5868   -1.4394
    1.5741   -1.4454
    1.5616   -1.4517
    1.5492   -1.4581
    1.5369   -1.4648
    1.5247   -1.4717
    1.5126   -1.4788
    1.5007   -1.4861
    1.4889   -1.4937
    1.4772   -1.5014
    1.4656   -1.5093
    1.4542   -1.5175
    1.4430   -1.5258
    1.4319   -1.5343
    1.4209   -1.5430
    1.4101   -1.5519
    1.3995   -1.5610
    1.3890   -1.5703
    1.3786   -1.5798
    1.3685   -1.5894
    1.3585   -1.5992
    1.3487   -1.6092
    1.3390   -1.6194
    1.3296   -1.6297
    1.3203   -1.6402
    1.3112   -1.6508
    1.3023   -1.6617
    1.2936   -1.6726
    1.2850   -1.6837
    1.2767   -1.6950
    1.2686   -1.7064
    1.2606   -1.7179
    1.2529   -1.7296
    1.2454   -1.7414
    1.2381   -1.7534
    1.2310   -1.7654
    1.2241   -1.7776
    1.2174   -1.7899
    1.2109   -1.8024
    1.2047   -1.8149
    1.1986   -1.8275
    1.1928   -1.8403
    1.1872   -1.8531
    1.1819   -1.8661
    1.1768   -1.8791
    1.1719   -1.8922
    1.1672   -1.9054
    1.1627   -1.9187
    1.1585   -1.9320
    1.1545   -1.9455
    1.1508   -1.9590
    1.1473   -1.9725
    1.1440   -1.9862
    1.1410   -1.9998
    1.1382   -2.0135
    1.1356   -2.0273
    1.1333   -2.0411
    1.1313   -2.0550
    1.1294   -2.0689
    1.1279   -2.0828
    1.1265   -2.0967
    1.1254   -2.1107
    1.1246   -2.1247
    1.1239   -2.1387
    1.1236   -2.1527
    1.1235   -2.1667
    1.1236   -2.1807
    1.1239   -2.1947
    1.1246   -2.2087
    1.1254   -2.2226
    1.1265   -2.2366
    1.1279   -2.2505
    1.1294   -2.2645
    1.1313   -2.2783
    1.1333   -2.2922
    1.1356   -2.3060
    1.1382   -2.3198
    1.1410   -2.3335
    1.1440   -2.3472
    1.1473   -2.3608
    1.1508   -2.3744
    1.1545   -2.3879
    1.1585   -2.4013
    1.1627   -2.4146
    1.1672   -2.4279
    1.1719   -2.4411
    1.1768   -2.4542
    1.1819   -2.4673
    1.1872   -2.4802
    1.1928   -2.4931
    1.1986   -2.5058
    1.2047   -2.5184
    1.2109   -2.5310
    1.2174   -2.5434
    1.2241   -2.5557
    1.2310   -2.5679
    1.2381   -2.5800
    1.2454   -2.5919
    1.2529   -2.6037
    1.2606   -2.6154
    1.2686   -2.6269
    1.2767   -2.6383
    1.2850   -2.6496
    1.2936   -2.6607
    1.3023   -2.6717
    1.3112   -2.6825
    1.3203   -2.6931
    1.3296   -2.7036
    1.3390   -2.7139
    1.3487   -2.7241
    1.3585   -2.7341
    1.3685   -2.7439
    1.3786   -2.7536
    1.3890   -2.7630
    1.3995   -2.7723
    1.4101   -2.7814
    1.4209   -2.7903
    1.4319   -2.7990
    1.4430   -2.8075
    1.4542   -2.8159
    1.4656   -2.8240
    1.4772   -2.8319
    1.4889   -2.8397
    1.5007   -2.8472
    1.5126   -2.8545
    1.5247   -2.8616
    1.5369   -2.8685
    1.5492   -2.8752
    1.5616   -2.8817
    1.5741   -2.8879
    1.5868   -2.8940
    1.5995   -2.8998
    1.6124   -2.9053
    1.6253   -2.9107
    1.6383   -2.9158
    1.6515   -2.9207
    1.6647   -2.9254
    1.6779   -2.9299
    1.6913   -2.9341
    1.7047   -2.9380
    1.7182   -2.9418
    1.7318   -2.9453
    1.7454   -2.9486
    1.7591   -2.9516
    1.7728   -2.9544
    1.7866   -2.9569
    1.8004   -2.9593
    1.8142   -2.9613
    1.8281   -2.9632
    1.8420   -2.9647
    1.8560   -2.9661
    1.8699   -2.9672
    1.8839   -2.9680
    1.8979   -2.9686
    1.9119   -2.9690
    1.9259   -2.9691
    1.9399   -2.9690
    1.9539   -2.9686
    1.9679   -2.9680
    1.9819   -2.9672
    1.9959   -2.9661
    2.0098   -2.9647
    2.0237   -2.9632
    2.0376   -2.9613
    2.0515   -2.9593
    2.0653   -2.9569
    2.0790   -2.9544
    2.0928   -2.9516
    2.1064   -2.9486
    2.1201   -2.9453
    2.1336   -2.9418
    2.1471   -2.9380
    2.1605   -2.9341
    2.1739   -2.9299
    2.1872   -2.9254
    2.2004   -2.9207
    2.2135   -2.9158
    2.2265   -2.9107
    2.2395   -2.9053
    2.2523   -2.8998
    2.2651   -2.8940
    2.2777   -2.8879
    2.2902   -2.8817
    2.3027   -2.8752
    2.3150   -2.8685
    2.3272   -2.8616
    2.3392   -2.8545
    2.3512   -2.8472
    2.3630   -2.8397
    2.3747   -2.8319
    2.3862   -2.8240
    2.3976   -2.8159
    2.4089   -2.8075
    2.4200   -2.7990
    2.4309   -2.7903
    2.4417   -2.7814
    2.4524   -2.7723
    2.4629   -2.7630
    2.4732   -2.7536
    2.4834   -2.7439
    2.4934   -2.7341
    2.5032   -2.7241
    2.5128   -2.7139
    2.5223   -2.7036
    2.5316   -2.6931
    2.5407   -2.6825
    2.5496   -2.6717
    2.5583   -2.6607
    2.5668   -2.6496
    2.5751   -2.6383
    2.5833   -2.6269
    2.5912   -2.6154
    2.5989   -2.6037
    2.6065   -2.5919
    2.6138   -2.5800
    2.6209   -2.5679
    2.6278   -2.5557
    2.6345   -2.5434
    2.6409   -2.5310
    2.6472   -2.5184
    2.6532   -2.5058
    2.6590   -2.4931
    2.6646   -2.4802
    2.6700   -2.4673
    2.6751   -2.4542
    2.6800   -2.4411
    2.6847   -2.4279
    2.6891   -2.4146
    2.6933   -2.4013
    2.6973   -2.3879
    2.7011   -2.3744
    2.7046   -2.3608
    2.7078   -2.3472
    2.7109   -2.3335
    2.7137   -2.3198
    2.7162   -2.3060
    2.7185   -2.2922
    2.7206   -2.2783
    2.7224   -2.2645
    2.7240   -2.2505
    2.7253   -2.2366
    2.7264   -2.2226
    2.7273   -2.2087
    2.7279   -2.1947
    2.7283   -2.1807
    2.7284   -2.1667
    1.9259   -2.1667
                    
    1.9259   -3.4988
    1.9259   -4.3333
    2.7605   -4.3333
    1.9259   -4.3333
    2.7284   -4.3333
    2.7283   -4.3193
    2.7279   -4.3053
    2.7273   -4.2913
    2.7264   -4.2774
    2.7253   -4.2634
    2.7240   -4.2495
    2.7224   -4.2355
    2.7206   -4.2217
    2.7185   -4.2078
    2.7162   -4.1940
    2.7137   -4.1802
    2.7109   -4.1665
    2.7078   -4.1528
    2.7046   -4.1392
    2.7011   -4.1256
    2.6973   -4.1121
    2.6933   -4.0987
    2.6891   -4.0854
    2.6847   -4.0721
    2.6800   -4.0589
    2.6751   -4.0458
    2.6700   -4.0327
    2.6646   -4.0198
    2.6590   -4.0069
    2.6532   -3.9942
    2.6472   -3.9816
    2.6409   -3.9690
    2.6345   -3.9566
    2.6278   -3.9443
    2.6209   -3.9321
    2.6138   -3.9200
    2.6065   -3.9081
    2.5989   -3.8963
    2.5912   -3.8846
    2.5833   -3.8731
    2.5751   -3.8617
    2.5668   -3.8504
    2.5583   -3.8393
    2.5496   -3.8283
    2.5407   -3.8175
    2.5316   -3.8069
    2.5223   -3.7964
    2.5128   -3.7861
    2.5032   -3.7759
    2.4934   -3.7659
    2.4834   -3.7561
    2.4732   -3.7464
    2.4629   -3.7370
    2.4524   -3.7277
    2.4417   -3.7186
    2.4309   -3.7097
    2.4200   -3.7010
    2.4089   -3.6925
    2.3976   -3.6841
    2.3862   -3.6760
    2.3747   -3.6681
    2.3630   -3.6603
    2.3512   -3.6528
    2.3392   -3.6455
    2.3272   -3.6384
    2.3150   -3.6315
    2.3027   -3.6248
    2.2902   -3.6183
    2.2777   -3.6121
    2.2651   -3.6060
    2.2523   -3.6002
    2.2395   -3.5947
    2.2265   -3.5893
    2.2135   -3.5842
    2.2004   -3.5793
    2.1872   -3.5746
    2.1739   -3.5701
    2.1605   -3.5659
    2.1471   -3.5620
    2.1336   -3.5582
    2.1201   -3.5547
    2.1064   -3.5514
    2.0928   -3.5484
    2.0790   -3.5456
    2.0653   -3.5431
    2.0515   -3.5407
    2.0376   -3.5387
    2.0237   -3.5368
    2.0098   -3.5353
    1.9959   -3.5339
    1.9819   -3.5328
    1.9679   -3.5320
    1.9539   -3.5314
    1.9399   -3.5310
    1.9259   -3.5309
    1.9119   -3.5310
    1.8979   -3.5314
    1.8839   -3.5320
    1.8699   -3.5328
    1.8560   -3.5339
    1.8420   -3.5353
    1.8281   -3.5368
    1.8142   -3.5387
    1.8004   -3.5407
    1.7866   -3.5431
    1.7728   -3.5456
    1.7591   -3.5484
    1.7454   -3.5514
    1.7318   -3.5547
    1.7182   -3.5582
    1.7047   -3.5620
    1.6913   -3.5659
    1.6779   -3.5701
    1.6647   -3.5746
    1.6515   -3.5793
    1.6383   -3.5842
    1.6253   -3.5893
    1.6124   -3.5947
    1.5995   -3.6002
    1.5868   -3.6060
    1.5741   -3.6121
    1.5616   -3.6183
    1.5492   -3.6248
    1.5369   -3.6315
    1.5247   -3.6384
    1.5126   -3.6455
    1.5007   -3.6528
    1.4889   -3.6603
    1.4772   -3.6681
    1.4656   -3.6760
    1.4542   -3.6841
    1.4430   -3.6925
    1.4319   -3.7010
    1.4209   -3.7097
    1.4101   -3.7186
    1.3995   -3.7277
    1.3890   -3.7370
    1.3786   -3.7464
    1.3685   -3.7561
    1.3585   -3.7659
    1.3487   -3.7759
    1.3390   -3.7861
    1.3296   -3.7964
    1.3203   -3.8069
    1.3112   -3.8175
    1.3023   -3.8283
    1.2936   -3.8393
    1.2850   -3.8504
    1.2767   -3.8617
    1.2686   -3.8731
    1.2606   -3.8846
    1.2529   -3.8963
    1.2454   -3.9081
    1.2381   -3.9200
    1.2310   -3.9321
    1.2241   -3.9443
    1.2174   -3.9566
    1.2109   -3.9690
    1.2047   -3.9816
    1.1986   -3.9942
    1.1928   -4.0069
    1.1872   -4.0198
    1.1819   -4.0327
    1.1768   -4.0458
    1.1719   -4.0589
    1.1672   -4.0721
    1.1627   -4.0854
    1.1585   -4.0987
    1.1545   -4.1121
    1.1508   -4.1256
    1.1473   -4.1392
    1.1440   -4.1528
    1.1410   -4.1665
    1.1382   -4.1802
    1.1356   -4.1940
    1.1333   -4.2078
    1.1313   -4.2217
    1.1294   -4.2355
    1.1279   -4.2495
    1.1265   -4.2634
    1.1254   -4.2774
    1.1246   -4.2913
    1.1239   -4.3053
    1.1236   -4.3193
    1.1235   -4.3333
    1.1236   -4.3473
    1.1239   -4.3613
    1.1246   -4.3753
    1.1254   -4.3893
    1.1265   -4.4033
    1.1279   -4.4172
    1.1294   -4.4311
    1.1313   -4.4450
    1.1333   -4.4589
    1.1356   -4.4727
    1.1382   -4.4865
    1.1410   -4.5002
    1.1440   -4.5138
    1.1473   -4.5275
    1.1508   -4.5410
    1.1545   -4.5545
    1.1585   -4.5680
    1.1627   -4.5813
    1.1672   -4.5946
    1.1719   -4.6078
    1.1768   -4.6209
    1.1819   -4.6339
    1.1872   -4.6469
    1.1928   -4.6597
    1.1986   -4.6725
    1.2047   -4.6851
    1.2109   -4.6976
    1.2174   -4.7101
    1.2241   -4.7224
    1.2310   -4.7346
    1.2381   -4.7466
    1.2454   -4.7586
    1.2529   -4.7704
    1.2606   -4.7821
    1.2686   -4.7936
    1.2767   -4.8050
    1.2850   -4.8163
    1.2936   -4.8274
    1.3023   -4.8383
    1.3112   -4.8492
    1.3203   -4.8598
    1.3296   -4.8703
    1.3390   -4.8806
    1.3487   -4.8908
    1.3585   -4.9008
    1.3685   -4.9106
    1.3786   -4.9202
    1.3890   -4.9297
    1.3995   -4.9390
    1.4101   -4.9481
    1.4209   -4.9570
    1.4319   -4.9657
    1.4430   -4.9742
    1.4542   -4.9825
    1.4656   -4.9907
    1.4772   -4.9986
    1.4889   -5.0063
    1.5007   -5.0139
    1.5126   -5.0212
    1.5247   -5.0283
    1.5369   -5.0352
    1.5492   -5.0419
    1.5616   -5.0483
    1.5741   -5.0546
    1.5868   -5.0606
    1.5995   -5.0664
    1.6124   -5.0720
    1.6253   -5.0774
    1.6383   -5.0825
    1.6515   -5.0874
    1.6647   -5.0921
    1.6779   -5.0965
    1.6913   -5.1007
    1.7047   -5.1047
    1.7182   -5.1085
    1.7318   -5.1120
    1.7454   -5.1152
    1.7591   -5.1183
    1.7728   -5.1211
    1.7866   -5.1236
    1.8004   -5.1259
    1.8142   -5.1280
    1.8281   -5.1298
    1.8420   -5.1314
    1.8560   -5.1327
    1.8699   -5.1338
    1.8839   -5.1347
    1.8979   -5.1353
    1.9119   -5.1357
    1.9259   -5.1358
    1.9399   -5.1357
    1.9539   -5.1353
    1.9679   -5.1347
    1.9819   -5.1338
    1.9959   -5.1327
    2.0098   -5.1314
    2.0237   -5.1298
    2.0376   -5.1280
    2.0515   -5.1259
    2.0653   -5.1236
    2.0790   -5.1211
    2.0928   -5.1183
    2.1064   -5.1152
    2.1201   -5.1120
    2.1336   -5.1085
    2.1471   -5.1047
    2.1605   -5.1007
    2.1739   -5.0965
    2.1872   -5.0921
    2.2004   -5.0874
    2.2135   -5.0825
    2.2265   -5.0774
    2.2395   -5.0720
    2.2523   -5.0664
    2.2651   -5.0606
    2.2777   -5.0546
    2.2902   -5.0483
    2.3027   -5.0419
    2.3150   -5.0352
    2.3272   -5.0283
    2.3392   -5.0212
    2.3512   -5.0139
    2.3630   -5.0063
    2.3747   -4.9986
    2.3862   -4.9907
    2.3976   -4.9825
    2.4089   -4.9742
    2.4200   -4.9657
    2.4309   -4.9570
    2.4417   -4.9481
    2.4524   -4.9390
    2.4629   -4.9297
    2.4732   -4.9202
    2.4834   -4.9106
    2.4934   -4.9008
    2.5032   -4.8908
    2.5128   -4.8806
    2.5223   -4.8703
    2.5316   -4.8598
    2.5407   -4.8492
    2.5496   -4.8383
    2.5583   -4.8274
    2.5668   -4.8163
    2.5751   -4.8050
    2.5833   -4.7936
    2.5912   -4.7821
    2.5989   -4.7704
    2.6065   -4.7586
    2.6138   -4.7466
    2.6209   -4.7346
    2.6278   -4.7224
    2.6345   -4.7101
    2.6409   -4.6976
    2.6472   -4.6851
    2.6532   -4.6725
    2.6590   -4.6597
    2.6646   -4.6469
    2.6700   -4.6339
    2.6751   -4.6209
    2.6800   -4.6078
    2.6847   -4.5946
    2.6891   -4.5813
    2.6933   -4.5680
    2.6973   -4.5545
    2.7011   -4.5410
    2.7046   -4.5275
    2.7078   -4.5138
    2.7109   -4.5002
    2.7137   -4.4865
    2.7162   -4.4727
    2.7185   -4.4589
    2.7206   -4.4450
    2.7224   -4.4311
    2.7240   -4.4172
    2.7253   -4.4033
    2.7264   -4.3893
    2.7273   -4.3753
    2.7279   -4.3613
    2.7283   -4.3473
    2.7284   -4.3333
    1.9259   -4.3333
                    
    3.8519    0.8346
    3.8519    0.0000
    4.6864    0.0000
    3.8519    0.0000
    4.6543    0.0000
    4.6542    0.0140
    4.6538    0.0280
    4.6532    0.0420
    4.6524    0.0560
    4.6513    0.0699
    4.6499    0.0839
    4.6483    0.0978
    4.6465    0.1117
    4.6444    0.1255
    4.6421    0.1393
    4.6396    0.1531
    4.6368    0.1668
    4.6338    0.1805
    4.6305    0.1941
    4.6270    0.2077
    4.6232    0.2212
    4.6193    0.2346
    4.6150    0.2480
    4.6106    0.2613
    4.6059    0.2745
    4.6010    0.2876
    4.5959    0.3006
    4.5905    0.3135
    4.5849    0.3264
    4.5791    0.3391
    4.5731    0.3518
    4.5669    0.3643
    4.5604    0.3767
    4.5537    0.3890
    4.5468    0.4012
    4.5397    0.4133
    4.5324    0.4252
    4.5249    0.4371
    4.5171    0.4487
    4.5092    0.4603
    4.5011    0.4717
    4.4927    0.4829
    4.4842    0.4940
    4.4755    0.5050
    4.4666    0.5158
    4.4575    0.5265
    4.4482    0.5370
    4.4387    0.5473
    4.4291    0.5574
    4.4193    0.5674
    4.4093    0.5772
    4.3991    0.5869
    4.3888    0.5964
    4.3783    0.6056
    4.3677    0.6147
    4.3569    0.6236
    4.3459    0.6324
    4.3348    0.6409
    4.3235    0.6492
    4.3121    0.6573
    4.3006    0.6653
    4.2889    0.6730
    4.2771    0.6805
    4.2652    0.6879
    4.2531    0.6950
    4.2409    0.7019
    4.2286    0.7085
    4.2162    0.7150
    4.2036    0.7213
    4.1910    0.7273
    4.1782    0.7331
    4.1654    0.7387
    4.1525    0.7440
    4.1394    0.7492
    4.1263    0.7541
    4.1131    0.7587
    4.0998    0.7632
    4.0865    0.7674
    4.0730    0.7714
    4.0595    0.7751
    4.0460    0.7786
    4.0324    0.7819
    4.0187    0.7849
    4.0050    0.7877
    3.9912    0.7903
    3.9774    0.7926
    3.9635    0.7947
    3.9496    0.7965
    3.9357    0.7981
    3.9218    0.7994
    3.9078    0.8005
    3.8938    0.8014
    3.8799    0.8020
    3.8659    0.8023
    3.8519    0.8025
    3.8378    0.8023
    3.8238    0.8020
    3.8099    0.8014
    3.7959    0.8005
    3.7819    0.7994
    3.7680    0.7981
    3.7541    0.7965
    3.7402    0.7947
    3.7263    0.7926
    3.7125    0.7903
    3.6987    0.7877
    3.6850    0.7849
    3.6713    0.7819
    3.6577    0.7786
    3.6442    0.7751
    3.6307    0.7714
    3.6172    0.7674
    3.6039    0.7632
    3.5906    0.7587
    3.5774    0.7541
    3.5643    0.7492
    3.5512    0.7440
    3.5383    0.7387
    3.5255    0.7331
    3.5127    0.7273
    3.5001    0.7213
    3.4875    0.7150
    3.4751    0.7085
    3.4628    0.7019
    3.4506    0.6950
    3.4385    0.6879
    3.4266    0.6805
    3.4148    0.6730
    3.4031    0.6653
    3.3916    0.6573
    3.3802    0.6492
    3.3689    0.6409
    3.3578    0.6324
    3.3468    0.6236
    3.3360    0.6147
    3.3254    0.6056
    3.3149    0.5964
    3.3046    0.5869
    3.2944    0.5772
    3.2844    0.5674
    3.2746    0.5574
    3.2650    0.5473
    3.2555    0.5370
    3.2462    0.5265
    3.2371    0.5158
    3.2282    0.5050
    3.2195    0.4940
    3.2110    0.4829
    3.2026    0.4717
    3.1945    0.4603
    3.1866    0.4487
    3.1788    0.4371
    3.1713    0.4252
    3.1640    0.4133
    3.1569    0.4012
    3.1500    0.3890
    3.1433    0.3767
    3.1368    0.3643
    3.1306    0.3518
    3.1246    0.3391
    3.1188    0.3264
    3.1132    0.3135
    3.1078    0.3006
    3.1027    0.2876
    3.0978    0.2745
    3.0931    0.2613
    3.0887    0.2480
    3.0844    0.2346
    3.0805    0.2212
    3.0767    0.2077
    3.0732    0.1941
    3.0700    0.1805
    3.0669    0.1668
    3.0641    0.1531
    3.0616    0.1393
    3.0593    0.1255
    3.0572    0.1117
    3.0554    0.0978
    3.0538    0.0839
    3.0524    0.0699
    3.0513    0.0560
    3.0505    0.0420
    3.0499    0.0280
    3.0495    0.0140
    3.0494   -0.0000
    3.0495   -0.0140
    3.0499   -0.0280
    3.0505   -0.0420
    3.0513   -0.0560
    3.0524   -0.0699
    3.0538   -0.0839
    3.0554   -0.0978
    3.0572   -0.1117
    3.0593   -0.1255
    3.0616   -0.1393
    3.0641   -0.1531
    3.0669   -0.1668
    3.0700   -0.1805
    3.0732   -0.1941
    3.0767   -0.2077
    3.0805   -0.2212
    3.0844   -0.2346
    3.0887   -0.2480
    3.0931   -0.2613
    3.0978   -0.2745
    3.1027   -0.2876
    3.1078   -0.3006
    3.1132   -0.3135
    3.1188   -0.3264
    3.1246   -0.3391
    3.1306   -0.3518
    3.1368   -0.3643
    3.1433   -0.3767
    3.1500   -0.3890
    3.1569   -0.4012
    3.1640   -0.4133
    3.1713   -0.4252
    3.1788   -0.4371
    3.1866   -0.4487
    3.1945   -0.4603
    3.2026   -0.4717
    3.2110   -0.4829
    3.2195   -0.4940
    3.2282   -0.5050
    3.2371   -0.5158
    3.2462   -0.5265
    3.2555   -0.5370
    3.2650   -0.5473
    3.2746   -0.5574
    3.2844   -0.5674
    3.2944   -0.5772
    3.3046   -0.5869
    3.3149   -0.5964
    3.3254   -0.6056
    3.3360   -0.6147
    3.3468   -0.6236
    3.3578   -0.6324
    3.3689   -0.6409
    3.3802   -0.6492
    3.3916   -0.6573
    3.4031   -0.6653
    3.4148   -0.6730
    3.4266   -0.6805
    3.4385   -0.6879
    3.4506   -0.6950
    3.4628   -0.7019
    3.4751   -0.7085
    3.4875   -0.7150
    3.5001   -0.7213
    3.5127   -0.7273
    3.5255   -0.7331
    3.5383   -0.7387
    3.5512   -0.7440
    3.5643   -0.7492
    3.5774   -0.7541
    3.5906   -0.7587
    3.6039   -0.7632
    3.6172   -0.7674
    3.6307   -0.7714
    3.6442   -0.7751
    3.6577   -0.7786
    3.6713   -0.7819
    3.6850   -0.7849
    3.6987   -0.7877
    3.7125   -0.7903
    3.7263   -0.7926
    3.7402   -0.7947
    3.7541   -0.7965
    3.7680   -0.7981
    3.7819   -0.7994
    3.7959   -0.8005
    3.8099   -0.8014
    3.8238   -0.8020
    3.8378   -0.8023
    3.8519   -0.8025
    3.8659   -0.8023
    3.8799   -0.8020
    3.8939   -0.8014
    3.9078   -0.8005
    3.9218   -0.7994
    3.9357   -0.7981
    3.9496   -0.7965
    3.9635   -0.7947
    3.9774   -0.7926
    3.9912   -0.7903
    4.0050   -0.7877
    4.0187   -0.7849
    4.0324   -0.7819
    4.0460   -0.7786
    4.0595   -0.7751
    4.0730   -0.7714
    4.0865   -0.7674
    4.0998   -0.7632
    4.1131   -0.7587
    4.1263   -0.7541
    4.1394   -0.7492
    4.1525   -0.7440
    4.1654   -0.7387
    4.1782   -0.7331
    4.1910   -0.7273
    4.2036   -0.7213
    4.2162   -0.7150
    4.2286   -0.7085
    4.2409   -0.7019
    4.2531   -0.6950
    4.2652   -0.6879
    4.2771   -0.6805
    4.2889   -0.6730
    4.3006   -0.6653
    4.3121   -0.6573
    4.3235   -0.6492
    4.3348   -0.6409
    4.3459   -0.6324
    4.3569   -0.6236
    4.3677   -0.6147
    4.3783   -0.6056
    4.3888   -0.5964
    4.3991   -0.5869
    4.4093   -0.5772
    4.4193   -0.5674
    4.4291   -0.5574
    4.4387   -0.5473
    4.4482   -0.5370
    4.4575   -0.5265
    4.4666   -0.5158
    4.4755   -0.5050
    4.4842   -0.4940
    4.4927   -0.4829
    4.5011   -0.4717
    4.5092   -0.4603
    4.5171   -0.4487
    4.5249   -0.4371
    4.5324   -0.4252
    4.5397   -0.4133
    4.5468   -0.4012
    4.5537   -0.3890
    4.5604   -0.3767
    4.5669   -0.3643
    4.5731   -0.3518
    4.5791   -0.3391
    4.5849   -0.3264
    4.5905   -0.3135
    4.5959   -0.3006
    4.6010   -0.2876
    4.6059   -0.2745
    4.6106   -0.2613
    4.6150   -0.2480
    4.6193   -0.2346
    4.6232   -0.2212
    4.6270   -0.2077
    4.6305   -0.1941
    4.6338   -0.1805
    4.6368   -0.1668
    4.6396   -0.1531
    4.6421   -0.1393
    4.6444   -0.1255
    4.6465   -0.1117
    4.6483   -0.0978
    4.6499   -0.0839
    4.6513   -0.0699
    4.6524   -0.0560
    4.6532   -0.0420
    4.6538   -0.0280
    4.6542   -0.0140
    4.6543    0.0000
    3.8519    0.0000
                    
    3.8519   -1.3321
    3.8519   -2.1667
    4.6864   -2.1667
    3.8519   -2.1667
    4.6543   -2.1667
    4.6542   -2.1527
    4.6538   -2.1387
    4.6532   -2.1247
    4.6524   -2.1107
    4.6513   -2.0967
    4.6499   -2.0828
    4.6483   -2.0689
    4.6465   -2.0550
    4.6444   -2.0411
    4.6421   -2.0273
    4.6396   -2.0135
    4.6368   -1.9998
    4.6338   -1.9862
    4.6305   -1.9725
    4.6270   -1.9590
    4.6232   -1.9455
    4.6193   -1.9320
    4.6150   -1.9187
    4.6106   -1.9054
    4.6059   -1.8922
    4.6010   -1.8791
    4.5959   -1.8661
    4.5905   -1.8531
    4.5849   -1.8403
    4.5791   -1.8275
    4.5731   -1.8149
    4.5669   -1.8024
    4.5604   -1.7899
    4.5537   -1.7776
    4.5468   -1.7654
    4.5397   -1.7534
    4.5324   -1.7414
    4.5249   -1.7296
    4.5171   -1.7179
    4.5092   -1.7064
    4.5011   -1.6950
    4.4927   -1.6837
    4.4842   -1.6726
    4.4755   -1.6617
    4.4666   -1.6508
    4.4575   -1.6402
    4.4482   -1.6297
    4.4387   -1.6194
    4.4291   -1.6092
    4.4193   -1.5992
    4.4093   -1.5894
    4.3991   -1.5798
    4.3888   -1.5703
    4.3783   -1.5610
    4.3677   -1.5519
    4.3569   -1.5430
    4.3459   -1.5343
    4.3348   -1.5258
    4.3235   -1.5175
    4.3121   -1.5093
    4.3006   -1.5014
    4.2889   -1.4937
    4.2771   -1.4861
    4.2652   -1.4788
    4.2531   -1.4717
    4.2409   -1.4648
    4.2286   -1.4581
    4.2162   -1.4517
    4.2036   -1.4454
    4.1910   -1.4394
    4.1782   -1.4336
    4.1654   -1.4280
    4.1525   -1.4226
    4.1394   -1.4175
    4.1263   -1.4126
    4.1131   -1.4079
    4.0998   -1.4035
    4.0865   -1.3993
    4.0730   -1.3953
    4.0595   -1.3915
    4.0460   -1.3880
    4.0324   -1.3848
    4.0187   -1.3817
    4.0050   -1.3789
    3.9912   -1.3764
    3.9774   -1.3741
    3.9635   -1.3720
    3.9496   -1.3702
    3.9357   -1.3686
    3.9218   -1.3673
    3.9078   -1.3662
    3.8938   -1.3653
    3.8799   -1.3647
    3.8659   -1.3643
    3.8519   -1.3642
    3.8378   -1.3643
    3.8238   -1.3647
    3.8099   -1.3653
    3.7959   -1.3662
    3.7819   -1.3673
    3.7680   -1.3686
    3.7541   -1.3702
    3.7402   -1.3720
    3.7263   -1.3741
    3.7125   -1.3764
    3.6987   -1.3789
    3.6850   -1.3817
    3.6713   -1.3848
    3.6577   -1.3880
    3.6442   -1.3915
    3.6307   -1.3953
    3.6172   -1.3993
    3.6039   -1.4035
    3.5906   -1.4079
    3.5774   -1.4126
    3.5643   -1.4175
    3.5512   -1.4226
    3.5383   -1.4280
    3.5255   -1.4336
    3.5127   -1.4394
    3.5001   -1.4454
    3.4875   -1.4517
    3.4751   -1.4581
    3.4628   -1.4648
    3.4506   -1.4717
    3.4385   -1.4788
    3.4266   -1.4861
    3.4148   -1.4937
    3.4031   -1.5014
    3.3916   -1.5093
    3.3802   -1.5175
    3.3689   -1.5258
    3.3578   -1.5343
    3.3468   -1.5430
    3.3360   -1.5519
    3.3254   -1.5610
    3.3149   -1.5703
    3.3046   -1.5798
    3.2944   -1.5894
    3.2844   -1.5992
    3.2746   -1.6092
    3.2650   -1.6194
    3.2555   -1.6297
    3.2462   -1.6402
    3.2371   -1.6508
    3.2282   -1.6617
    3.2195   -1.6726
    3.2110   -1.6837
    3.2026   -1.6950
    3.1945   -1.7064
    3.1866   -1.7179
    3.1788   -1.7296
    3.1713   -1.7414
    3.1640   -1.7534
    3.1569   -1.7654
    3.1500   -1.7776
    3.1433   -1.7899
    3.1368   -1.8024
    3.1306   -1.8149
    3.1246   -1.8275
    3.1188   -1.8403
    3.1132   -1.8531
    3.1078   -1.8661
    3.1027   -1.8791
    3.0978   -1.8922
    3.0931   -1.9054
    3.0887   -1.9187
    3.0844   -1.9320
    3.0805   -1.9455
    3.0767   -1.9590
    3.0732   -1.9725
    3.0700   -1.9862
    3.0669   -1.9998
    3.0641   -2.0135
    3.0616   -2.0273
    3.0593   -2.0411
    3.0572   -2.0550
    3.0554   -2.0689
    3.0538   -2.0828
    3.0524   -2.0967
    3.0513   -2.1107
    3.0505   -2.1247
    3.0499   -2.1387
    3.0495   -2.1527
    3.0494   -2.1667
    3.0495   -2.1807
    3.0499   -2.1947
    3.0505   -2.2087
    3.0513   -2.2226
    3.0524   -2.2366
    3.0538   -2.2505
    3.0554   -2.2645
    3.0572   -2.2783
    3.0593   -2.2922
    3.0616   -2.3060
    3.0641   -2.3198
    3.0669   -2.3335
    3.0700   -2.3472
    3.0732   -2.3608
    3.0767   -2.3744
    3.0805   -2.3879
    3.0844   -2.4013
    3.0887   -2.4146
    3.0931   -2.4279
    3.0978   -2.4411
    3.1027   -2.4542
    3.1078   -2.4673
    3.1132   -2.4802
    3.1188   -2.4931
    3.1246   -2.5058
    3.1306   -2.5184
    3.1368   -2.5310
    3.1433   -2.5434
    3.1500   -2.5557
    3.1569   -2.5679
    3.1640   -2.5800
    3.1713   -2.5919
    3.1788   -2.6037
    3.1866   -2.6154
    3.1945   -2.6269
    3.2026   -2.6383
    3.2110   -2.6496
    3.2195   -2.6607
    3.2282   -2.6717
    3.2371   -2.6825
    3.2462   -2.6931
    3.2555   -2.7036
    3.2650   -2.7139
    3.2746   -2.7241
    3.2844   -2.7341
    3.2944   -2.7439
    3.3046   -2.7536
    3.3149   -2.7630
    3.3254   -2.7723
    3.3360   -2.7814
    3.3468   -2.7903
    3.3578   -2.7990
    3.3689   -2.8075
    3.3802   -2.8159
    3.3916   -2.8240
    3.4031   -2.8319
    3.4148   -2.8397
    3.4266   -2.8472
    3.4385   -2.8545
    3.4506   -2.8616
    3.4628   -2.8685
    3.4751   -2.8752
    3.4875   -2.8817
    3.5001   -2.8879
    3.5127   -2.8940
    3.5255   -2.8998
    3.5383   -2.9053
    3.5512   -2.9107
    3.5643   -2.9158
    3.5774   -2.9207
    3.5906   -2.9254
    3.6039   -2.9299
    3.6172   -2.9341
    3.6307   -2.9380
    3.6442   -2.9418
    3.6577   -2.9453
    3.6713   -2.9486
    3.6850   -2.9516
    3.6987   -2.9544
    3.7125   -2.9569
    3.7263   -2.9593
    3.7402   -2.9613
    3.7541   -2.9632
    3.7680   -2.9647
    3.7819   -2.9661
    3.7959   -2.9672
    3.8099   -2.9680
    3.8238   -2.9686
    3.8378   -2.9690
    3.8519   -2.9691
    3.8659   -2.9690
    3.8799   -2.9686
    3.8939   -2.9680
    3.9078   -2.9672
    3.9218   -2.9661
    3.9357   -2.9647
    3.9496   -2.9632
    3.9635   -2.9613
    3.9774   -2.9593
    3.9912   -2.9569
    4.0050   -2.9544
    4.0187   -2.9516
    4.0324   -2.9486
    4.0460   -2.9453
    4.0595   -2.9418
    4.0730   -2.9380
    4.0865   -2.9341
    4.0998   -2.9299
    4.1131   -2.9254
    4.1263   -2.9207
    4.1394   -2.9158
    4.1525   -2.9107
    4.1654   -2.9053
    4.1782   -2.8998
    4.1910   -2.8940
    4.2036   -2.8879
    4.2162   -2.8817
    4.2286   -2.8752
    4.2409   -2.8685
    4.2531   -2.8616
    4.2652   -2.8545
    4.2771   -2.8472
    4.2889   -2.8397
    4.3006   -2.8319
    4.3121   -2.8240
    4.3235   -2.8159
    4.3348   -2.8075
    4.3459   -2.7990
    4.3569   -2.7903
    4.3677   -2.7814
    4.3783   -2.7723
    4.3888   -2.7630
    4.3991   -2.7536
    4.4093   -2.7439
    4.4193   -2.7341
    4.4291   -2.7241
    4.4387   -2.7139
    4.4482   -2.7036
    4.4575   -2.6931
    4.4666   -2.6825
    4.4755   -2.6717
    4.4842   -2.6607
    4.4927   -2.6496
    4.5011   -2.6383
    4.5092   -2.6269
    4.5171   -2.6154
    4.5249   -2.6037
    4.5324   -2.5919
    4.5397   -2.5800
    4.5468   -2.5679
    4.5537   -2.5557
    4.5604   -2.5434
    4.5669   -2.5310
    4.5731   -2.5184
    4.5791   -2.5058
    4.5849   -2.4931
    4.5905   -2.4802
    4.5959   -2.4673
    4.6010   -2.4542
    4.6059   -2.4411
    4.6106   -2.4279
    4.6150   -2.4146
    4.6193   -2.4013
    4.6232   -2.3879
    4.6270   -2.3744
    4.6305   -2.3608
    4.6338   -2.3472
    4.6368   -2.3335
    4.6396   -2.3198
    4.6421   -2.3060
    4.6444   -2.2922
    4.6465   -2.2783
    4.6483   -2.2645
    4.6499   -2.2505
    4.6513   -2.2366
    4.6524   -2.2226
    4.6532   -2.2087
    4.6538   -2.1947
    4.6542   -2.1807
    4.6543   -2.1667
    3.8519   -2.1667
                    
    3.8519   -3.4988
    3.8519   -4.3333
    4.6864   -4.3333
    3.8519   -4.3333
    4.6543   -4.3333
    4.6542   -4.3193
    4.6538   -4.3053
    4.6532   -4.2913
    4.6524   -4.2774
    4.6513   -4.2634
    4.6499   -4.2495
    4.6483   -4.2355
    4.6465   -4.2217
    4.6444   -4.2078
    4.6421   -4.1940
    4.6396   -4.1802
    4.6368   -4.1665
    4.6338   -4.1528
    4.6305   -4.1392
    4.6270   -4.1256
    4.6232   -4.1121
    4.6193   -4.0987
    4.6150   -4.0854
    4.6106   -4.0721
    4.6059   -4.0589
    4.6010   -4.0458
    4.5959   -4.0327
    4.5905   -4.0198
    4.5849   -4.0069
    4.5791   -3.9942
    4.5731   -3.9816
    4.5669   -3.9690
    4.5604   -3.9566
    4.5537   -3.9443
    4.5468   -3.9321
    4.5397   -3.9200
    4.5324   -3.9081
    4.5249   -3.8963
    4.5171   -3.8846
    4.5092   -3.8731
    4.5011   -3.8617
    4.4927   -3.8504
    4.4842   -3.8393
    4.4755   -3.8283
    4.4666   -3.8175
    4.4575   -3.8069
    4.4482   -3.7964
    4.4387   -3.7861
    4.4291   -3.7759
    4.4193   -3.7659
    4.4093   -3.7561
    4.3991   -3.7464
    4.3888   -3.7370
    4.3783   -3.7277
    4.3677   -3.7186
    4.3569   -3.7097
    4.3459   -3.7010
    4.3348   -3.6925
    4.3235   -3.6841
    4.3121   -3.6760
    4.3006   -3.6681
    4.2889   -3.6603
    4.2771   -3.6528
    4.2652   -3.6455
    4.2531   -3.6384
    4.2409   -3.6315
    4.2286   -3.6248
    4.2162   -3.6183
    4.2036   -3.6121
    4.1910   -3.6060
    4.1782   -3.6002
    4.1654   -3.5947
    4.1525   -3.5893
    4.1394   -3.5842
    4.1263   -3.5793
    4.1131   -3.5746
    4.0998   -3.5701
    4.0865   -3.5659
    4.0730   -3.5620
    4.0595   -3.5582
    4.0460   -3.5547
    4.0324   -3.5514
    4.0187   -3.5484
    4.0050   -3.5456
    3.9912   -3.5431
    3.9774   -3.5407
    3.9635   -3.5387
    3.9496   -3.5368
    3.9357   -3.5353
    3.9218   -3.5339
    3.9078   -3.5328
    3.8938   -3.5320
    3.8799   -3.5314
    3.8659   -3.5310
    3.8519   -3.5309
    3.8378   -3.5310
    3.8238   -3.5314
    3.8099   -3.5320
    3.7959   -3.5328
    3.7819   -3.5339
    3.7680   -3.5353
    3.7541   -3.5368
    3.7402   -3.5387
    3.7263   -3.5407
    3.7125   -3.5431
    3.6987   -3.5456
    3.6850   -3.5484
    3.6713   -3.5514
    3.6577   -3.5547
    3.6442   -3.5582
    3.6307   -3.5620
    3.6172   -3.5659
    3.6039   -3.5701
    3.5906   -3.5746
    3.5774   -3.5793
    3.5643   -3.5842
    3.5512   -3.5893
    3.5383   -3.5947
    3.5255   -3.6002
    3.5127   -3.6060
    3.5001   -3.6121
    3.4875   -3.6183
    3.4751   -3.6248
    3.4628   -3.6315
    3.4506   -3.6384
    3.4385   -3.6455
    3.4266   -3.6528
    3.4148   -3.6603
    3.4031   -3.6681
    3.3916   -3.6760
    3.3802   -3.6841
    3.3689   -3.6925
    3.3578   -3.7010
    3.3468   -3.7097
    3.3360   -3.7186
    3.3254   -3.7277
    3.3149   -3.7370
    3.3046   -3.7464
    3.2944   -3.7561
    3.2844   -3.7659
    3.2746   -3.7759
    3.2650   -3.7861
    3.2555   -3.7964
    3.2462   -3.8069
    3.2371   -3.8175
    3.2282   -3.8283
    3.2195   -3.8393
    3.2110   -3.8504
    3.2026   -3.8617
    3.1945   -3.8731
    3.1866   -3.8846
    3.1788   -3.8963
    3.1713   -3.9081
    3.1640   -3.9200
    3.1569   -3.9321
    3.1500   -3.9443
    3.1433   -3.9566
    3.1368   -3.9690
    3.1306   -3.9816
    3.1246   -3.9942
    3.1188   -4.0069
    3.1132   -4.0198
    3.1078   -4.0327
    3.1027   -4.0458
    3.0978   -4.0589
    3.0931   -4.0721
    3.0887   -4.0854
    3.0844   -4.0987
    3.0805   -4.1121
    3.0767   -4.1256
    3.0732   -4.1392
    3.0700   -4.1528
    3.0669   -4.1665
    3.0641   -4.1802
    3.0616   -4.1940
    3.0593   -4.2078
    3.0572   -4.2217
    3.0554   -4.2355
    3.0538   -4.2495
    3.0524   -4.2634
    3.0513   -4.2774
    3.0505   -4.2913
    3.0499   -4.3053
    3.0495   -4.3193
    3.0494   -4.3333
    3.0495   -4.3473
    3.0499   -4.3613
    3.0505   -4.3753
    3.0513   -4.3893
    3.0524   -4.4033
    3.0538   -4.4172
    3.0554   -4.4311
    3.0572   -4.4450
    3.0593   -4.4589
    3.0616   -4.4727
    3.0641   -4.4865
    3.0669   -4.5002
    3.0700   -4.5138
    3.0732   -4.5275
    3.0767   -4.5410
    3.0805   -4.5545
    3.0844   -4.5680
    3.0887   -4.5813
    3.0931   -4.5946
    3.0978   -4.6078
    3.1027   -4.6209
    3.1078   -4.6339
    3.1132   -4.6469
    3.1188   -4.6597
    3.1246   -4.6725
    3.1306   -4.6851
    3.1368   -4.6976
    3.1433   -4.7101
    3.1500   -4.7224
    3.1569   -4.7346
    3.1640   -4.7466
    3.1713   -4.7586
    3.1788   -4.7704
    3.1866   -4.7821
    3.1945   -4.7936
    3.2026   -4.8050
    3.2110   -4.8163
    3.2195   -4.8274
    3.2282   -4.8383
    3.2371   -4.8492
    3.2462   -4.8598
    3.2555   -4.8703
    3.2650   -4.8806
    3.2746   -4.8908
    3.2844   -4.9008
    3.2944   -4.9106
    3.3046   -4.9202
    3.3149   -4.9297
    3.3254   -4.9390
    3.3360   -4.9481
    3.3468   -4.9570
    3.3578   -4.9657
    3.3689   -4.9742
    3.3802   -4.9825
    3.3916   -4.9907
    3.4031   -4.9986
    3.4148   -5.0063
    3.4266   -5.0139
    3.4385   -5.0212
    3.4506   -5.0283
    3.4628   -5.0352
    3.4751   -5.0419
    3.4875   -5.0483
    3.5001   -5.0546
    3.5127   -5.0606
    3.5255   -5.0664
    3.5383   -5.0720
    3.5512   -5.0774
    3.5643   -5.0825
    3.5774   -5.0874
    3.5906   -5.0921
    3.6039   -5.0965
    3.6172   -5.1007
    3.6307   -5.1047
    3.6442   -5.1085
    3.6577   -5.1120
    3.6713   -5.1152
    3.6850   -5.1183
    3.6987   -5.1211
    3.7125   -5.1236
    3.7263   -5.1259
    3.7402   -5.1280
    3.7541   -5.1298
    3.7680   -5.1314
    3.7819   -5.1327
    3.7959   -5.1338
    3.8099   -5.1347
    3.8238   -5.1353
    3.8378   -5.1357
    3.8519   -5.1358
    3.8659   -5.1357
    3.8799   -5.1353
    3.8939   -5.1347
    3.9078   -5.1338
    3.9218   -5.1327
    3.9357   -5.1314
    3.9496   -5.1298
    3.9635   -5.1280
    3.9774   -5.1259
    3.9912   -5.1236
    4.0050   -5.1211
    4.0187   -5.1183
    4.0324   -5.1152
    4.0460   -5.1120
    4.0595   -5.1085
    4.0730   -5.1047
    4.0865   -5.1007
    4.0998   -5.0965
    4.1131   -5.0921
    4.1263   -5.0874
    4.1394   -5.0825
    4.1525   -5.0774
    4.1654   -5.0720
    4.1782   -5.0664
    4.1910   -5.0606
    4.2036   -5.0546
    4.2162   -5.0483
    4.2286   -5.0419
    4.2409   -5.0352
    4.2531   -5.0283
    4.2652   -5.0212
    4.2771   -5.0139
    4.2889   -5.0063
    4.3006   -4.9986
    4.3121   -4.9907
    4.3235   -4.9825
    4.3348   -4.9742
    4.3459   -4.9657
    4.3569   -4.9570
    4.3677   -4.9481
    4.3783   -4.9390
    4.3888   -4.9297
    4.3991   -4.9202
    4.4093   -4.9106
    4.4193   -4.9008
    4.4291   -4.8908
    4.4387   -4.8806
    4.4482   -4.8703
    4.4575   -4.8598
    4.4666   -4.8492
    4.4755   -4.8383
    4.4842   -4.8274
    4.4927   -4.8163
    4.5011   -4.8050
    4.5092   -4.7936
    4.5171   -4.7821
    4.5249   -4.7704
    4.5324   -4.7586
    4.5397   -4.7466
    4.5468   -4.7346
    4.5537   -4.7224
    4.5604   -4.7101
    4.5669   -4.6976
    4.5731   -4.6851
    4.5791   -4.6725
    4.5849   -4.6597
    4.5905   -4.6469
    4.5959   -4.6339
    4.6010   -4.6209
    4.6059   -4.6078
    4.6106   -4.5946
    4.6150   -4.5813
    4.6193   -4.5680
    4.6232   -4.5545
    4.6270   -4.5410
    4.6305   -4.5275
    4.6338   -4.5138
    4.6368   -4.5002
    4.6396   -4.4865
    4.6421   -4.4727
    4.6444   -4.4589
    4.6465   -4.4450
    4.6483   -4.4311
    4.6499   -4.4172
    4.6513   -4.4033
    4.6524   -4.3893
    4.6532   -4.3753
    4.6538   -4.3613
    4.6542   -4.3473
    4.6543   -4.3333
    3.8519   -4.3333
                    
