   0.35408   0.42198
   0.37927   0.42365
   0.41053   0.41053
   0.44061   0.37632
   0.44346   0.37211
   0.44715   0.36656
   0.47253   0.33087
   0.48929   0.29779
   0.49098   0.28347
   0.49336   0.23587
   0.49438   0.23053
   0.49721   0.22658
   0.49527   0.22048
   0.49045   0.22568
   0.48750   0.22733
   0.44291   0.23659
   0.43148   0.23806
   0.40741   0.23522
   0.39494   0.23324
   0.37120   0.24061
   0.35402   0.24789
   0.33263   0.25269
   0.31740   0.25512
   0.30502   0.25594
   0.27096   0.25534
   0.26205   0.25241
   0.24910   0.24910
   0.22504   0.24278
   0.21043   0.23773
   0.18398   0.21611
   0.17653   0.21038
   0.15844   0.19541
   0.15093   0.19073
   0.11295   0.16131
   0.11179   0.16021
   0.11103   0.15948
   0.08575   0.14853
   0.08013   0.14520
   0.06650   0.14262
   0.06583   0.14230
   0.05278   0.13494
   0.04937   0.13565
   0.04566   0.13633
   0.03520   0.13135
   0.02906   0.12792
   0.02265   0.12847
   0.01592   0.12870
   0.01101   0.12581
   0.00724   0.12593
  -0.00000   0.12603
  -0.00727   0.12570
  -0.01096   0.12529
  -0.01587   0.12853
  -0.02263   0.12832
  -0.02906   0.12778
  -0.03535   0.13194
  -0.04758   0.13914
  -0.05044   0.13857
  -0.05306   0.13800
  -0.06063   0.14459
  -0.07091   0.15207
  -0.08141   0.15536
  -0.09629   0.16677
  -0.09790   0.16786
  -0.12060   0.20039
  -0.12585   0.20813
  -0.13225   0.21742
  -0.15019   0.24083
  -0.16595   0.27389
  -0.17491   0.28106
  -0.20718   0.30317
  -0.18650   0.32224
  -0.18622   0.32254
  -0.16635   0.34262
  -0.15820   0.33926
  -0.15709   0.33905
  -0.15283   0.33950
  -0.12574   0.34547
  -0.10099   0.34901
  -0.09461   0.35310
  -0.09037   0.35527
  -0.06330   0.35901
  -0.03926   0.36060
  -0.03171   0.36250
  -0.02472   0.36278
  -0.00000   0.36245
   0.02279   0.36064
   0.03147   0.35966
   0.04120   0.35746
   0.06267   0.35541
   0.08575   0.35174
   0.09336   0.34841
   0.10259   0.34502
   0.12549   0.34478
   0.14378   0.34343
   0.15599   0.34526
   0.16101   0.34529
   0.18920   0.35393
   0.20534   0.35566
   0.20986   0.35599
   0.21370   0.35893
   0.22458   0.36690
   0.25478   0.38141
   0.26163   0.38701
   0.27420   0.39159
   0.30011   0.40259
   0.31910   0.40928
   0.34205   0.42060
   0.35408   0.42198
                    
  -0.42483  -0.42483
  -0.44521  -0.40159
  -0.45993  -0.38592
  -0.47560  -0.36792
  -0.49139  -0.34408
  -0.50703  -0.30583
  -0.51408  -0.29681
  -0.52379  -0.28374
  -0.52083  -0.26295
  -0.51651  -0.24085
  -0.54215  -0.20329
  -0.50607  -0.19441
  -0.48708  -0.21360
  -0.47774  -0.22277
  -0.44618  -0.23036
  -0.43005  -0.23311
  -0.40772  -0.23540
  -0.39323  -0.23612
  -0.37056  -0.23800
  -0.35088  -0.24569
  -0.33574  -0.24855
  -0.31648  -0.25103
  -0.30300  -0.25425
  -0.26696  -0.25952
  -0.26278  -0.25837
  -0.25874  -0.25874
  -0.22524  -0.25696
  -0.21432  -0.25541
  -0.21297  -0.25518
  -0.21127  -0.25485
  -0.16977  -0.24245
  -0.16393  -0.24038
  -0.15923  -0.23494
  -0.13464  -0.21883
  -0.12385  -0.20933
  -0.12130  -0.20694
  -0.11915  -0.20637
  -0.11328  -0.20467
  -0.08871  -0.19023
  -0.08329  -0.18615
  -0.07229  -0.18037
  -0.06384  -0.17539
  -0.05314  -0.16780
  -0.04436  -0.16554
  -0.03272  -0.16399
  -0.02860  -0.16219
  -0.02616  -0.16105
  -0.01388  -0.15866
  -0.00164  -0.16159
  -0.00000  -0.16228
   0.00221  -0.16316
   0.01444  -0.16507
   0.02471  -0.16826
   0.03049  -0.17292
   0.04645  -0.18321
   0.04929  -0.18395
   0.05098  -0.18415
   0.05427  -0.18659
   0.07455  -0.20483
   0.08422  -0.21166
   0.09425  -0.22422
   0.11470  -0.24597
   0.12087  -0.25009
   0.12455  -0.25503
   0.13487  -0.26847
   0.15055  -0.29482
   0.16241  -0.31399
   0.18431  -0.32349
   0.20392  -0.35995
   0.16401  -0.35171
   0.15477  -0.35141
   0.13031  -0.35802
   0.10108  -0.36364
   0.09737  -0.36340
   0.09495  -0.36363
   0.06478  -0.36663
   0.06465  -0.36665
   0.03410  -0.36850
   0.03230  -0.36917
   0.03109  -0.36952
   0.00627  -0.37226
  -0.00000  -0.37317
  -0.02957  -0.37597
  -0.03289  -0.37596
  -0.03716  -0.37657
  -0.06746  -0.38260
  -0.08627  -0.38493
  -0.10285  -0.38386
  -0.12988  -0.38469
  -0.13990  -0.38438
  -0.14586  -0.38407
  -0.16824  -0.38236
  -0.17776  -0.38121
  -0.20479  -0.38069
  -0.22714  -0.39342
  -0.23179  -0.39580
  -0.25733  -0.41056
  -0.28035  -0.41659
  -0.29361  -0.41932
  -0.31529  -0.42741
  -0.32436  -0.43439
  -0.37211  -0.44347
  -0.37566  -0.44391
  -0.38051  -0.44229
  -0.42483  -0.42483
                    
   0.72561   0.11177
   0.71965   0.11798
   0.71002   0.12520
   0.68280   0.14378
   0.66176   0.14217
   0.64494   0.14475
   0.61623   0.14818
   0.60437   0.14715
   0.58104   0.10245
   0.57829   0.09794
   0.57817   0.07829
   0.57681   0.05046
   0.57862   0.00605
   0.57883  -0.00000
   0.57897  -0.00562
   0.57646  -0.05043
   0.57186  -0.09630
   0.56948  -0.10042
   0.56280  -0.11151
   0.55738  -0.14935
   0.54651  -0.19431
   0.51608  -0.16602
   0.50079  -0.18227
   0.48261  -0.19959
   0.46638  -0.21748
   0.44564  -0.23141
   0.43191  -0.23960
   0.42262  -0.24400
   0.37719  -0.26098
   0.37546  -0.26147
   0.37442  -0.26217
   0.36978  -0.26415
   0.32867  -0.27579
   0.32136  -0.27725
   0.30708  -0.28320
   0.28950  -0.28950
   0.26833  -0.30783
   0.25969  -0.30948
   0.23650  -0.31268
   0.22405  -0.31998
   0.21058  -0.36077
   0.21000  -0.36217
   0.23031  -0.39666
   0.25570  -0.41764
   0.26584  -0.42599
   0.28604  -0.44146
   0.30056  -0.45119
   0.30816  -0.45555
   0.31888  -0.45541
   0.36847  -0.45236
   0.37400  -0.45166
   0.37722  -0.44955
   0.38153  -0.44667
   0.42473  -0.42473
   0.44564  -0.39686
   0.45679  -0.38329
   0.46685  -0.37031
   0.48367  -0.33867
   0.50611  -0.29792
   0.50946  -0.29414
   0.51510  -0.28762
   0.52864  -0.24687
   0.52873  -0.24655
   0.52949  -0.24505
   0.54896  -0.20174
   0.55345  -0.20144
   0.58979  -0.19762
   0.61005  -0.18660
   0.63823  -0.17195
   0.63935  -0.17131
   0.66659  -0.15613
   0.68015  -0.15584
   0.71770  -0.12655
   0.72153  -0.12323
   0.72423  -0.12040
   0.75056  -0.09055
   0.76547  -0.07192
   0.76775  -0.07157
   0.77478  -0.06778
   0.77618  -0.05007
   0.77072  -0.00000
   0.76873   0.01303
   0.76437   0.06318
   0.76380   0.06682
   0.72561   0.11177
                    
  -0.49948   0.30153
  -0.50295   0.29265
  -0.50273   0.29025
  -0.49656   0.24762
  -0.49416   0.23043
  -0.49593   0.22715
  -0.49267   0.22624
  -0.49096   0.22763
  -0.49001   0.22849
  -0.43637   0.24844
  -0.43436   0.24901
  -0.43238   0.24964
  -0.37631   0.26224
  -0.37560   0.26234
  -0.37501   0.26259
  -0.36721   0.26457
  -0.32320   0.27120
  -0.32048   0.27139
  -0.31667   0.27244
  -0.27985   0.27985
  -0.26759   0.29496
  -0.25129   0.29947
  -0.21633   0.30603
  -0.21539   0.30761
  -0.21674   0.35710
  -0.21628   0.36431
  -0.23777   0.39224
  -0.25844   0.40530
  -0.28080   0.41628
  -0.29604   0.42279
  -0.31460   0.43026
  -0.32045   0.43728
  -0.37070   0.44178
  -0.37607   0.44189
  -0.38466   0.43868
  -0.42241   0.42241
  -0.44601   0.39218
  -0.45530   0.38204
  -0.46513   0.37076
  -0.48322   0.33835
  -0.49948   0.30153
                    
  -0.74723   0.02500
  -0.74883   0.00000
  -0.74963  -0.02994
  -0.74704  -0.06536
  -0.72899  -0.08706
  -0.71410  -0.10336
  -0.69242  -0.12209
  -0.68609  -0.12718
  -0.66171  -0.14202
  -0.64120  -0.17181
  -0.63736  -0.17512
  -0.61266  -0.19484
  -0.58462  -0.21278
  -0.58446  -0.21288
  -0.58305  -0.21221
  -0.55144  -0.19755
  -0.55373  -0.18381
  -0.55795  -0.14950
  -0.57063  -0.12159
  -0.57698  -0.10588
  -0.57729  -0.10179
  -0.57751  -0.09865
  -0.58850  -0.05149
  -0.59421  -0.01438
  -0.59646   0.00000
  -0.59911   0.02135
  -0.60048   0.05254
  -0.59513   0.08157
  -0.59501   0.10492
  -0.59304   0.14062
  -0.58634   0.15711
  -0.58157   0.17652
  -0.59444   0.18316
  -0.60611   0.17506
  -0.62110   0.16642
  -0.64413   0.14829
  -0.65917   0.13515
  -0.68470   0.13444
  -0.69792   0.12306
  -0.71542   0.10673
  -0.72875   0.08905
  -0.74511   0.06519
  -0.74723   0.02500
                    
   0.42136  -0.68294
   0.41597  -0.67282
   0.40096  -0.65601
   0.37923  -0.65684
   0.35384  -0.65680
   0.31150  -0.66801
   0.28134  -0.67812
   0.25454  -0.68590
   0.25019  -0.68739
   0.24546  -0.68897
   0.18816  -0.70222
   0.13514  -0.71671
   0.12657  -0.71782
   0.11625  -0.71902
   0.06377  -0.72885
   0.00361  -0.73215
  -0.00000  -0.73220
  -0.00348  -0.73223
  -0.06386  -0.72997
  -0.12539  -0.72229
  -0.12731  -0.72202
  -0.12900  -0.72179
  -0.18985  -0.70853
  -0.19410  -0.70805
  -0.24118  -0.70101
  -0.25466  -0.69968
  -0.29087  -0.69478
  -0.32077  -0.68788
  -0.33479  -0.68393
  -0.35228  -0.68339
  -0.39840  -0.69005
  -0.40423  -0.69062
  -0.40633  -0.69199
                    
  -0.42136   0.68294
  -0.41513   0.67414
  -0.40591   0.65296
  -0.37702   0.65301
  -0.35686   0.65218
  -0.31638   0.66250
  -0.30962   0.66397
  -0.26312   0.67561
  -0.24756   0.68016
  -0.22712   0.68557
  -0.18552   0.69237
  -0.15008   0.70373
  -0.12485   0.70804
  -0.09739   0.71169
  -0.06294   0.71941
  -0.01933   0.72296
  -0.00000   0.72225
   0.02297   0.72073
   0.06296   0.71962
   0.09896   0.71233
   0.12503   0.70909
   0.14822   0.70539
   0.18594   0.69392
   0.22801   0.68575
   0.24775   0.68068
   0.26236   0.67654
   0.30880   0.66222
   0.32306   0.65927
   0.35779   0.65074
   0.37586   0.65101
   0.41076   0.64992
   0.40606   0.68792
   0.40633   0.69199
                    
  -0.73702  -2.16145
  -0.73755  -2.16667
  -0.73822  -2.17411
  -0.74315  -2.23168
  -0.72824  -2.25975
  -0.71732  -2.27835
  -0.70092  -2.29026
  -0.68470  -2.30109
  -0.65750  -2.29749
  -0.64227  -2.32282
  -0.63337  -2.33638
  -0.61153  -2.35787
  -0.58766  -2.38056
  -0.58237  -2.38520
  -0.55026  -2.37254
  -0.53269  -2.41507
  -0.52980  -2.44760
  -0.51686  -2.46507
  -0.50748  -2.47692
  -0.49160  -2.51089
  -0.47441  -2.53492
  -0.45929  -2.55205
  -0.44535  -2.56673
  -0.42360  -2.59027
  -0.38892  -2.60158
  -0.37679  -2.60485
  -0.36665  -2.60362
  -0.32983  -2.59692
  -0.31591  -2.59138
  -0.29639  -2.58996
  -0.27346  -2.58781
  -0.25551  -2.58509
  -0.23798  -2.57886
  -0.21781  -2.57033
  -0.20411  -2.55004
  -0.18137  -2.55562
  -0.14966  -2.55667
  -0.14384  -2.55656
  -0.14213  -2.55716
  -0.14038  -2.55777
  -0.10536  -2.55986
  -0.08216  -2.56023
  -0.06885  -2.55715
  -0.04245  -2.54925
  -0.03329  -2.54722
  -0.02664  -2.54756
  -0.00000  -2.54807
   0.02719  -2.54666
   0.03319  -2.54602
   0.03920  -2.54559
   0.06554  -2.53834
   0.09605  -2.52721
   0.09657  -2.52709
   0.09740  -2.52720
   0.12748  -2.51692
   0.14420  -2.50992
   0.15687  -2.50387
   0.15703  -2.50341
   0.15671  -2.45826
   0.15573  -2.44817
   0.13889  -2.41418
   0.12207  -2.40021
   0.10492  -2.38609
   0.10033  -2.38182
   0.08411  -2.36530
   0.07152  -2.34735
   0.06407  -2.34269
   0.05313  -2.33455
   0.04440  -2.33237
   0.03526  -2.33466
   0.02986  -2.33602
   0.02417  -2.33724
   0.01502  -2.33840
   0.00300  -2.33193
  -0.00000  -2.32910
  -0.00143  -2.32768
  -0.00953  -2.32316
  -0.01347  -2.32066
  -0.01620  -2.32261
  -0.02599  -2.32867
  -0.02912  -2.33183
  -0.03948  -2.34083
  -0.04791  -2.34548
  -0.05185  -2.34555
  -0.06346  -2.35034
  -0.06728  -2.35150
  -0.08350  -2.35524
  -0.08912  -2.35777
  -0.10476  -2.36457
  -0.11278  -2.36201
  -0.11955  -2.35957
  -0.13064  -2.37183
  -0.15513  -2.39594
  -0.16159  -2.39999
  -0.16343  -2.40332
  -0.18781  -2.43927
  -0.20869  -2.47028
  -0.20999  -2.47411
  -0.21356  -2.48094
  -0.21678  -2.47626
  -0.21756  -2.47315
  -0.22282  -2.46494
  -0.23008  -2.44086
  -0.23344  -2.42548
  -0.25044  -2.41711
  -0.26149  -2.41510
  -0.27631  -2.41621
  -0.29593  -2.41498
  -0.31518  -2.41238
  -0.33858  -2.41134
  -0.34806  -2.41038
  -0.37123  -2.40742
  -0.38996  -2.40814
  -0.41681  -2.40731
  -0.43182  -2.40597
  -0.44406  -2.40109
  -0.47317  -2.38731
  -0.48503  -2.37361
  -0.50773  -2.35147
  -0.51084  -2.34818
  -0.54624  -2.36017
  -0.55999  -2.31671
  -0.56542  -2.31057
  -0.58429  -2.28737
  -0.59377  -2.27136
  -0.61832  -2.22249
  -0.61910  -2.22083
  -0.61907  -2.21985
  -0.61312  -2.16667
  -0.60693  -2.13355
  -0.60339  -2.11388
  -0.59949  -2.08965
  -0.60050  -2.06078
  -0.59887  -2.01108
  -0.59719  -2.00665
  -0.59731  -2.00271
  -0.59993  -2.00238
  -0.60187  -2.00301
  -0.60723  -2.00396
  -0.64600  -2.02673
  -0.65791  -2.03479
  -0.68478  -2.03265
  -0.69295  -2.04448
  -0.71049  -2.07220
  -0.72438  -2.10329
  -0.73383  -2.14430
  -0.73702  -2.16145
                    
   0.32165  -1.77319
   0.31235  -1.77350
   0.27238  -1.77767
   0.26161  -1.77949
   0.25240  -1.78368
   0.23607  -1.79659
   0.22443  -1.81434
   0.21256  -1.83252
   0.18713  -1.84254
   0.18495  -1.84354
   0.15981  -1.83935
   0.15484  -1.83461
   0.15141  -1.83212
   0.12509  -1.82299
   0.10049  -1.81644
   0.09454  -1.81384
   0.08892  -1.81249
   0.06336  -1.80733
   0.03799  -1.80406
   0.03177  -1.80357
   0.02520  -1.80336
  -0.00000  -1.80310
  -0.02417  -1.80449
  -0.03160  -1.80542
  -0.03917  -1.80593
  -0.06349  -1.80660
  -0.09278  -1.80961
  -0.09551  -1.81023
  -0.09887  -1.81263
  -0.12629  -1.81968
  -0.15590  -1.82992
  -0.15636  -1.83135
  -0.15894  -1.83558
  -0.18445  -1.84718
  -0.21154  -1.86224
  -0.18394  -1.89144
  -0.16528  -1.91299
  -0.15812  -1.93098
  -0.15162  -1.93899
  -0.13098  -1.96172
  -0.11921  -1.97584
  -0.10206  -2.00131
  -0.09004  -2.01071
  -0.08043  -2.01943
  -0.06892  -2.02584
  -0.06421  -2.02896
  -0.05248  -2.03447
  -0.04811  -2.03449
  -0.04281  -2.03472
  -0.03417  -2.03913
  -0.02904  -2.04179
  -0.02189  -2.04252
  -0.01392  -2.04388
  -0.01055  -2.04607
  -0.00804  -2.04657
  -0.00000  -2.04354
   0.00734  -2.04138
   0.01087  -2.04239
   0.01479  -2.04124
   0.02225  -2.04047
   0.02905  -2.04018
   0.03408  -2.03948
   0.04291  -2.03456
   0.04795  -2.03494
   0.05236  -2.03543
   0.06469  -2.02794
   0.06943  -2.02609
   0.07991  -2.02284
   0.08523  -2.01904
   0.10906  -2.00583
   0.11324  -2.00170
   0.12162  -1.99297
   0.14845  -1.97400
   0.15912  -1.96781
   0.18214  -1.94901
   0.18449  -1.94679
   0.21148  -1.92267
   0.22424  -1.92314
   0.24176  -1.92491
   0.26086  -1.92231
   0.27738  -1.91832
   0.30190  -1.91334
   0.31747  -1.91124
   0.33354  -1.91517
   0.35135  -1.92065
   0.37107  -1.92658
   0.39307  -1.93028
   0.42098  -1.92361
   0.43349  -1.92111
   0.43862  -1.92221
   0.49052  -1.93794
   0.49111  -1.93843
   0.50798  -1.97731
   0.49315  -1.93832
   0.49219  -1.93715
   0.49189  -1.93573
   0.48753  -1.88519
   0.48465  -1.86726
   0.46971  -1.83777
   0.44706  -1.81605
   0.43369  -1.80276
   0.41576  -1.78627
   0.39575  -1.77091
   0.38202  -1.76513
   0.36454  -1.76541
   0.33217  -1.77080
   0.32165  -1.77319
                    
   0.72458  -2.04837
   0.72153  -2.04343
   0.71785  -2.04009
   0.67971  -2.00894
   0.66014  -2.02891
   0.64723  -2.03255
   0.63519  -2.03589
   0.63045  -2.05550
   0.61801  -2.09611
   0.61117  -2.10247
   0.61356  -2.11299
   0.59043  -2.15748
   0.58438  -2.16667
   0.58395  -2.16731
   0.58344  -2.16891
   0.56574  -2.21616
   0.56807  -2.25623
   0.56484  -2.26626
   0.55984  -2.28062
   0.56702  -2.30413
   0.57101  -2.31967
   0.55054  -2.35984
   0.54777  -2.36472
   0.53900  -2.36285
   0.50807  -2.35579
   0.48713  -2.38043
   0.47805  -2.38959
   0.43962  -2.40931
   0.43343  -2.41198
   0.42740  -2.41342
   0.38190  -2.42070
   0.37449  -2.42276
   0.36933  -2.42527
   0.35644  -2.43278
   0.33017  -2.44372
   0.32174  -2.44669
   0.29916  -2.45822
   0.29394  -2.46061
   0.26852  -2.48472
   0.26706  -2.48494
   0.26247  -2.48557
   0.23788  -2.50640
   0.23597  -2.51136
   0.22600  -2.53399
   0.24084  -2.55703
   0.25884  -2.56999
   0.27112  -2.58932
   0.28276  -2.60766
   0.29694  -2.62024
   0.30722  -2.62579
   0.32148  -2.62578
   0.36062  -2.61385
   0.37247  -2.61056
   0.37587  -2.60955
   0.38601  -2.60417
   0.41839  -2.58506
   0.44656  -2.55029
   0.45099  -2.54509
   0.45538  -2.53982
   0.47928  -2.50226
   0.50571  -2.46154
   0.50819  -2.46007
   0.52332  -2.45063
   0.54079  -2.41884
   0.54937  -2.36967
   0.58008  -2.39120
   0.58739  -2.38046
   0.60798  -2.34709
   0.62920  -2.33526
   0.64057  -2.32966
   0.66450  -2.31658
   0.68370  -2.30611
   0.70358  -2.29073
   0.71754  -2.27894
   0.72657  -2.27204
   0.75905  -2.24449
   0.76551  -2.23822
   0.76722  -2.23690
   0.76917  -2.23396
   0.76948  -2.22794
   0.76705  -2.21914
   0.76066  -2.16667
   0.75355  -2.12840
   0.75320  -2.10077
   0.72458  -2.04837
                    
  -0.48424  -1.84122
  -0.49176  -1.86977
  -0.49089  -1.88325
  -0.48535  -1.92513
  -0.44182  -1.91158
  -0.43611  -1.91023
  -0.43096  -1.90896
  -0.37986  -1.90068
  -0.37650  -1.90034
  -0.37440  -1.90170
  -0.32853  -1.89099
  -0.32128  -1.88996
  -0.30889  -1.88544
  -0.28767  -1.87900
  -0.26828  -1.86021
  -0.25768  -1.85957
  -0.21541  -1.86098
  -0.21455  -1.86025
  -0.21545  -1.80878
  -0.21499  -1.80278
  -0.23554  -1.77309
  -0.25865  -1.76241
  -0.28367  -1.75233
  -0.29219  -1.74937
  -0.31656  -1.74486
  -0.33452  -1.74006
  -0.35729  -1.74087
  -0.37925  -1.74287
  -0.41066  -1.75601
  -0.44694  -1.79164
  -0.44694  -1.79164
  -0.48080  -1.83000
  -0.48424  -1.84122
                    
  -0.39656  -2.86431
  -0.38808  -2.86260
  -0.35384  -2.84925
  -0.33423  -2.85134
  -0.32072  -2.85446
  -0.29278  -2.86161
  -0.25512  -2.86759
  -0.23954  -2.86946
  -0.19045  -2.87744
  -0.16122  -2.88292
  -0.13031  -2.88738
  -0.12714  -2.88769
  -0.12291  -2.88809
  -0.06346  -2.89205
  -0.00658  -2.89714
  -0.00000  -2.89760
   0.00519  -2.89792
   0.06392  -2.89732
   0.12160  -2.88762
   0.12700  -2.88690
   0.13170  -2.88624
   0.18887  -2.87152
   0.25066  -2.85649
   0.25103  -2.85636
   0.25138  -2.85624
   0.25377  -2.85558
   0.31238  -2.83657
   0.35230  -2.82579
   0.37910  -2.82329
   0.40594  -2.81961
   0.41872  -2.83512
   0.42550  -2.84704
                    
  -0.42550  -1.48630
  -0.41807  -1.49717
  -0.40915  -1.51573
  -0.37721  -1.51332
  -0.35568  -1.51266
  -0.31218  -1.50218
  -0.31006  -1.50174
  -0.26142  -1.48898
  -0.24799  -1.48531
  -0.22926  -1.48067
  -0.18575  -1.47346
  -0.15177  -1.46447
  -0.12470  -1.45946
  -0.09645  -1.45536
  -0.06263  -1.45077
  -0.02425  -1.44673
  -0.00000  -1.44700
   0.02666  -1.44824
   0.06284  -1.44837
   0.10814  -1.45070
   0.12578  -1.45333
   0.14249  -1.45623
   0.18852  -1.46308
   0.24406  -1.47793
   0.25010  -1.47952
   0.25449  -1.48071
   0.31003  -1.50180
   0.31197  -1.50207
   0.35360  -1.50950
   0.38024  -1.50807
   0.39626  -1.50780
   0.39734  -1.47845
   0.39741  -1.47140
   0.39656  -1.46903
                    
   0.32015  -3.93006
   0.30617  -3.93534
   0.26534  -3.95438
   0.26284  -3.95546
   0.26150  -3.95651
   0.25505  -3.95903
   0.22186  -3.97939
   0.21125  -3.98691
   0.19960  -3.98761
   0.16204  -3.99314
   0.15795  -3.99461
   0.15714  -3.99464
   0.15500  -3.99482
   0.12488  -3.99023
   0.10270  -3.98860
   0.09335  -3.98496
   0.08541  -3.98186
   0.06270  -3.97774
   0.04076  -3.97516
   0.03150  -3.97329
   0.02306  -3.97239
  -0.00000  -3.97064
  -0.02486  -3.97040
  -0.03172  -3.97072
  -0.03903  -3.97237
  -0.06332  -3.97424
  -0.09014  -3.97823
  -0.09461  -3.98026
  -0.10095  -3.98424
  -0.12539  -3.98883
  -0.15525  -3.99690
  -0.15612  -3.99853
  -0.15941  -4.00425
  -0.18220  -4.01776
  -0.20230  -4.03168
  -0.18148  -4.05648
  -0.16548  -4.07661
  -0.15752  -4.09724
  -0.14885  -4.10697
  -0.13142  -4.12868
  -0.11870  -4.14543
  -0.10178  -4.16780
  -0.09254  -4.17306
  -0.08111  -4.18083
  -0.06907  -4.18521
  -0.06302  -4.18977
  -0.05272  -4.19895
  -0.04884  -4.19915
  -0.04397  -4.19957
  -0.03381  -4.20715
  -0.02901  -4.20975
  -0.02185  -4.20940
  -0.01426  -4.20949
  -0.01064  -4.21168
  -0.00782  -4.21153
  -0.00000  -4.21082
   0.00770  -4.21061
   0.01071  -4.21090
   0.01439  -4.20912
   0.02194  -4.20892
   0.02903  -4.20917
   0.03375  -4.20736
   0.04232  -4.20216
   0.04761  -4.20251
   0.05225  -4.20301
   0.06470  -4.19459
   0.06932  -4.19270
   0.07995  -4.18924
   0.08496  -4.18618
   0.11075  -4.17454
   0.11128  -4.17441
   0.11142  -4.17441
   0.11169  -4.17432
   0.12138  -4.16685
   0.15565  -4.14644
   0.15660  -4.14598
   0.15815  -4.14486
   0.19143  -4.12379
   0.20838  -4.10568
   0.22991  -4.09516
   0.24406  -4.08928
   0.26196  -4.08158
   0.27121  -4.07826
   0.30311  -4.07899
   0.31690  -4.08045
   0.33497  -4.08375
   0.35090  -4.08763
   0.37091  -4.09389
   0.39489  -4.09999
   0.41475  -4.09388
   0.43324  -4.08876
   0.43885  -4.08931
   0.46658  -4.09329
   0.48683  -4.09480
   0.48446  -4.05363
   0.48186  -4.03298
   0.46710  -4.00626
   0.44713  -3.97896
   0.43791  -3.96589
   0.42983  -3.95505
   0.40507  -3.92826
   0.38058  -3.91896
   0.35153  -3.92062
   0.34480  -3.92241
   0.32015  -3.93006
                    
  -0.42394  -4.75727
  -0.44543  -4.73258
  -0.45883  -4.71834
  -0.47323  -4.70192
  -0.49004  -4.67646
  -0.50671  -4.63623
  -0.51260  -4.62928
  -0.52179  -4.61799
  -0.51844  -4.60096
  -0.51090  -4.57157
  -0.53169  -4.54269
  -0.49982  -4.54329
  -0.48886  -4.55313
  -0.48241  -4.55829
  -0.44528  -4.56542
  -0.43028  -4.56721
  -0.40341  -4.56624
  -0.39551  -4.56562
  -0.36982  -4.56840
  -0.34690  -4.57624
  -0.33851  -4.57810
  -0.31588  -4.58185
  -0.29889  -4.58413
  -0.27386  -4.58556
  -0.26165  -4.58282
  -0.24980  -4.58313
  -0.21915  -4.58144
  -0.21195  -4.58046
  -0.20560  -4.57836
  -0.16824  -4.56191
  -0.16237  -4.55723
  -0.15553  -4.55545
  -0.12890  -4.53959
  -0.12058  -4.53354
  -0.11441  -4.53150
  -0.09636  -4.52386
  -0.08536  -4.51638
  -0.08275  -4.51440
  -0.07760  -4.51149
  -0.06165  -4.50272
  -0.05343  -4.49699
  -0.04308  -4.49410
  -0.03012  -4.49297
  -0.02801  -4.49219
  -0.02663  -4.49166
  -0.01368  -4.48972
  -0.00048  -4.49158
  -0.00000  -4.49176
   0.00062  -4.49199
   0.01396  -4.49286
   0.02589  -4.49584
   0.02909  -4.49832
   0.03679  -4.50363
   0.04626  -4.50597
   0.05238  -4.50845
   0.06239  -4.51737
   0.06992  -4.52543
   0.08426  -4.53845
   0.09955  -4.55525
   0.10670  -4.56215
   0.12184  -4.57199
   0.13335  -4.58387
   0.15155  -4.61245
   0.15472  -4.62599
   0.16040  -4.65795
   0.16968  -4.66473
   0.17285  -4.67943
   0.15927  -4.67490
   0.15670  -4.67469
   0.12795  -4.68487
   0.09650  -4.69308
   0.09639  -4.69307
   0.09632  -4.69309
   0.06468  -4.70017
   0.03265  -4.70448
   0.03247  -4.70448
   0.03229  -4.70451
  -0.00000  -4.71124
  -0.02646  -4.71453
  -0.03335  -4.71457
  -0.04171  -4.71510
  -0.06765  -4.71698
  -0.08675  -4.71719
  -0.10242  -4.71556
  -0.12670  -4.71596
  -0.13896  -4.71511
  -0.14688  -4.71434
  -0.17640  -4.71163
  -0.17708  -4.71168
  -0.20523  -4.71224
  -0.22477  -4.72264
  -0.23479  -4.72736
  -0.25790  -4.74125
  -0.28123  -4.74933
  -0.29383  -4.75297
  -0.31524  -4.76093
  -0.32472  -4.76745
  -0.37024  -4.77457
  -0.37609  -4.77510
  -0.38410  -4.77251
  -0.42394  -4.75727
                    
   0.51133  -4.62256
   0.52084  -4.59626
   0.52636  -4.57878
   0.54665  -4.53388
   0.53531  -4.52817
   0.51042  -4.51600
   0.50819  -4.51830
   0.48502  -4.54025
   0.47168  -4.55328
   0.44285  -4.57003
   0.43253  -4.57523
   0.42306  -4.57759
   0.38388  -4.58438
   0.37411  -4.58738
   0.36825  -4.59118
   0.34597  -4.60058
   0.32549  -4.60645
   0.32092  -4.60756
   0.31166  -4.61149
   0.28704  -4.62037
   0.26829  -4.63993
   0.25884  -4.64181
   0.23406  -4.64530
   0.22505  -4.65473
   0.21857  -4.68932
   0.21635  -4.69767
   0.23574  -4.72679
   0.25718  -4.74458
   0.27048  -4.75640
   0.29415  -4.77583
   0.30365  -4.78244
   0.30905  -4.78540
   0.31666  -4.78557
   0.37007  -4.78042
   0.37468  -4.77986
   0.37513  -4.77981
   0.37605  -4.77942
   0.42338  -4.75671
   0.44593  -4.72663
   0.45530  -4.71537
   0.46401  -4.70438
   0.48194  -4.67079
   0.50574  -4.62840
   0.50765  -4.62642
   0.51133  -4.62256
                    
  -0.49533  -4.02502
  -0.50066  -4.03978
  -0.49978  -4.04478
  -0.48711  -4.09537
  -0.43709  -4.08098
  -0.43526  -4.08060
  -0.43369  -4.08024
  -0.40848  -4.07555
  -0.37724  -4.07243
  -0.37541  -4.07210
  -0.37394  -4.07150
  -0.35784  -4.06740
  -0.32319  -4.06215
  -0.32048  -4.06191
  -0.31669  -4.06092
  -0.27935  -4.05398
  -0.26769  -4.03704
  -0.25266  -4.03223
  -0.22277  -4.02499
  -0.22100  -4.01771
  -0.22475  -3.98121
  -0.22512  -3.96627
  -0.24393  -3.94490
  -0.25980  -3.93509
  -0.28614  -3.92070
  -0.29040  -3.91860
  -0.31564  -3.90745
  -0.32456  -3.89909
  -0.36693  -3.89604
  -0.37694  -3.89598
  -0.39217  -3.90135
  -0.42047  -3.91286
  -0.44623  -3.94423
  -0.45391  -3.95246
  -0.46235  -3.96186
  -0.48302  -3.99512
  -0.49533  -4.02502
                    
  -0.74247  -4.31779
  -0.74274  -4.33333
  -0.74268  -4.34929
  -0.74052  -4.39812
  -0.72933  -4.41751
  -0.71528  -4.43971
  -0.69942  -4.45666
  -0.68387  -4.47191
  -0.66348  -4.48032
  -0.64487  -4.50612
  -0.63603  -4.51323
  -0.61324  -4.53006
  -0.58907  -4.54774
  -0.58219  -4.55235
  -0.56707  -4.53973
  -0.55388  -4.52932
  -0.56103  -4.49348
  -0.56252  -4.48406
  -0.56506  -4.47863
  -0.57953  -4.44424
  -0.58057  -4.43570
  -0.58136  -4.42842
  -0.59150  -4.38508
  -0.59642  -4.35082
  -0.59884  -4.33333
  -0.60136  -4.30869
  -0.60209  -4.28066
  -0.59744  -4.25416
  -0.59667  -4.22812
  -0.59361  -4.19131
  -0.58777  -4.17584
  -0.58311  -4.15799
  -0.59357  -4.14738
  -0.60642  -4.15737
  -0.62319  -4.16635
  -0.64349  -4.18227
  -0.65982  -4.19644
  -0.68420  -4.19638
  -0.69807  -4.21025
  -0.71473  -4.22837
  -0.72965  -4.25196
  -0.73930  -4.26865
  -0.74247  -4.31779
                    
   0.72628  -4.22596
   0.71904  -4.21701
   0.70776  -4.20854
   0.68326  -4.19174
   0.66135  -4.19230
   0.64441  -4.18624
   0.60317  -4.17422
   0.60133  -4.17423
   0.58274  -4.23058
   0.58007  -4.23705
   0.58028  -4.27267
   0.57994  -4.28260
   0.58119  -4.33048
   0.58122  -4.33333
   0.58123  -4.33614
   0.57812  -4.38391
   0.57327  -4.43220
   0.57225  -4.43424
   0.56996  -4.43874
   0.56308  -4.48421
   0.55985  -4.49756
   0.55002  -4.53178
   0.58663  -4.54017
   0.61127  -4.52370
   0.63586  -4.51384
   0.64990  -4.50747
   0.66926  -4.49781
   0.67793  -4.49857
   0.71845  -4.46002
   0.72158  -4.45669
   0.72440  -4.45272
   0.75778  -4.39963
   0.75834  -4.38225
   0.75988  -4.33333
   0.75828  -4.28456
   0.75605  -4.26719
   0.72628  -4.22596
                    
   0.41207  -5.02192
   0.40905  -5.01680
   0.39233  -4.99455
   0.38184  -4.99470
   0.35122  -4.99406
   0.31247  -5.00344
   0.27205  -5.01524
   0.25419  -5.01964
   0.25027  -5.02094
   0.24586  -5.02237
   0.18788  -5.03450
   0.13839  -5.04730
   0.12623  -5.04922
   0.11284  -5.05109
   0.06346  -5.05874
   0.01002  -5.06182
  -0.00000  -5.06184
  -0.01018  -5.06173
  -0.06352  -5.05942
  -0.12160  -5.05429
  -0.12701  -5.05362
  -0.13155  -5.05303
  -0.18993  -5.04217
  -0.19204  -5.04194
  -0.24071  -5.03485
  -0.25494  -5.03378
  -0.29810  -5.02871
  -0.32182  -5.02348
  -0.33226  -5.02063
  -0.34536  -5.02025
  -0.37473  -5.02998
  -0.39228  -5.03338
                    
   0.39228  -3.63328
   0.39403  -3.63781
   0.39513  -3.64895
   0.39684  -3.67482
   0.38052  -3.67426
   0.35239  -3.67435
   0.31136  -3.66561
   0.29670  -3.66179
   0.25975  -3.65362
   0.24849  -3.65062
   0.23251  -3.64670
   0.18588  -3.63962
   0.14979  -3.62935
   0.12498  -3.62456
   0.09986  -3.62064
   0.06288  -3.61460
   0.02453  -3.61357
  -0.00000  -3.61265
  -0.02288  -3.61255
  -0.06275  -3.61606
  -0.09675  -3.62190
  -0.12479  -3.62562
  -0.15056  -3.63004
  -0.18572  -3.64022
  -0.23100  -3.64699
  -0.24816  -3.65152
  -0.26109  -3.65525
  -0.29986  -3.66319
  -0.31120  -3.66596
  -0.35328  -3.67568
  -0.38019  -3.67483
  -0.39703  -3.67494
  -0.40901  -3.64981
  -0.41207  -3.64475
                    
   1.45628   0.00000
   1.45827  -0.03175
   1.45870  -0.04088
   1.46137  -0.04825
   1.47084  -0.05729
   1.49538  -0.07592
   1.50623  -0.08302
   1.51755  -0.08790
   1.55296  -0.09993
   1.55985  -0.10405
   1.56874  -0.10507
   1.60381  -0.11033
   1.61431  -0.11172
   1.61585  -0.11189
   1.61988  -0.11139
   1.66197  -0.10429
   1.67832  -0.10568
   1.69732  -0.10660
   1.70800  -0.10801
   1.72459  -0.10897
   1.74117  -0.10667
   1.76072  -0.10232
   1.77399  -0.09932
   1.78504  -0.09865
   1.80255  -0.09675
   1.80933  -0.09537
   1.81287  -0.09486
   1.82302  -0.09280
   1.83887  -0.08705
   1.84374  -0.08505
   1.85439  -0.07928
   1.86301  -0.07499
   1.87590  -0.06643
   1.87823  -0.06812
   1.88061  -0.06973
   1.88772  -0.06617
   1.89277  -0.06289
   1.89588  -0.06443
   1.89906  -0.06582
   1.90233  -0.06482
   1.90516  -0.06375
   1.90857  -0.06476
   1.91204  -0.06559
   1.91459  -0.06432
   1.91680  -0.06304
   1.92037  -0.06345
   1.92397  -0.06367
   1.92593  -0.06360
   1.92787  -0.06347
   1.93146  -0.06326
   1.93504  -0.06285
   1.93710  -0.06340
   1.93933  -0.06389
   1.94282  -0.06306
   1.94626  -0.06204
   1.94885  -0.06298
   1.95181  -0.06386
   1.95505  -0.06246
   1.95821  -0.06088
   1.96281  -0.06388
   1.96916  -0.06712
   1.97172  -0.06540
   1.97422  -0.06358
   1.98287  -0.06787
   1.99676  -0.07214
   1.99742  -0.07149
   1.99806  -0.07084
   2.00376  -0.07310
   2.02975  -0.08712
   2.03948  -0.09100
   2.04984  -0.09606
   2.07888  -0.10710
   2.08365  -0.10883
   2.08605  -0.11010
   2.13562  -0.12106
   2.13623  -0.12113
   2.13680  -0.12119
   2.14744  -0.12214
   2.18234  -0.12166
   2.18497  -0.12220
   2.18843  -0.12241
   2.23279  -0.12416
   2.24430  -0.12358
   2.25224  -0.11877
   2.27918  -0.09921
   2.28390  -0.09592
   2.28482  -0.09533
   2.28593  -0.09496
   2.29867  -0.09148
   2.33620  -0.07860
   2.34070  -0.07670
   2.34450  -0.07381
   2.37665  -0.04517
   2.38192  -0.03989
   2.38204  -0.03899
   2.38448  -0.01061
   2.38495  -0.00000
   2.38460   0.03868
   2.38449   0.04012
   2.38437   0.04158
   2.38239   0.04502
   2.36401   0.07725
   2.35313   0.09338
   2.32960   0.10744
   2.32871   0.10792
   2.30714   0.12458
   2.28556   0.13090
   2.27342   0.13367
   2.24680   0.11679
   2.23965   0.11258
   2.23752   0.11178
   2.23528   0.11094
   2.19450   0.09175
   2.16167   0.08234
   2.15549   0.08035
   2.14977   0.07850
   2.10881   0.06570
   2.07756   0.05372
   2.07381   0.05207
   2.06762   0.04939
   2.02696   0.03457
   2.02145   0.03477
   2.00433   0.03357
   2.00323   0.03605
   2.00204   0.03848
   1.99335   0.03893
   1.98689   0.03849
   1.98499   0.04136
   1.98295   0.04413
   1.97797   0.04367
   1.97396   0.04295
   1.97149   0.04556
   1.96888   0.04803
   1.96590   0.04764
   1.96332   0.04712
   1.96043   0.04928
   1.95742   0.05125
   1.95529   0.05086
   1.95338   0.05040
   1.95018   0.05202
   1.94689   0.05343
   1.94529   0.05319
   1.94379   0.05292
   1.94038   0.05395
   1.93692   0.05476
   1.93558   0.05473
   1.93427   0.05466
   1.93075   0.05508
   1.92720   0.05528
   1.92593   0.05545
   1.92463   0.05559
   1.92108   0.05539
   1.91755   0.05497
   1.91618   0.05527
   1.91474   0.05554
   1.91126   0.05472
   1.90784   0.05369
   1.90627   0.05400
   1.90458   0.05426
   1.90128   0.05285
   1.89808   0.05123
   1.89600   0.05184
   1.89364   0.05239
   1.89063   0.05041
   1.88774   0.04825
   1.88450   0.04937
   1.88055   0.05039
   1.87798   0.04795
   1.87553   0.04537
   1.87053   0.04648
   1.86404   0.04724
   1.86215   0.04466
   1.86037   0.04200
   1.84836   0.04478
   1.82949   0.04586
   1.82553   0.04758
   1.81348   0.05243
   1.78310   0.06468
   1.75630   0.07444
   1.74795   0.07802
   1.73241   0.08386
   1.70117   0.09297
   1.68505   0.09699
   1.66201   0.10441
   1.63149   0.11659
   1.61869   0.12326
   1.60196   0.13233
   1.58131   0.14091
   1.55785   0.13397
   1.54236   0.12813
   1.52252   0.10809
   1.52239   0.10798
   1.50174   0.08910
   1.48932   0.07699
   1.47070   0.05617
   1.46119   0.04845
   1.45749   0.04098
   1.45638   0.03022
   1.45628  -0.00000
                    
   2.05331  -0.65615
   2.08365  -0.64189
   2.09618  -0.63540
   2.13642  -0.61718
   2.14734  -0.60833
   2.18046  -0.57845
   2.19157  -0.56968
   2.19745  -0.56542
   2.19995  -0.55841
   2.19219  -0.55788
   2.18618  -0.55812
   2.13012  -0.54654
   2.12706  -0.54569
   2.12395  -0.54407
   2.08259  -0.51900
   2.07309  -0.51386
   2.06309  -0.51191
   2.03682  -0.48974
   2.02465  -0.47796
   2.00750  -0.46262
   1.99783  -0.45300
   1.98268  -0.43563
   1.96310  -0.42489
   1.92792  -0.42006
   1.92593  -0.41946
   1.92475  -0.41910
   1.91560  -0.41760
   1.88986  -0.41221
   1.88366  -0.41559
   1.86241  -0.42585
   1.84837  -0.43982
   1.83701  -0.44997
   1.81974  -0.46603
   1.79668  -0.48235
   1.79248  -0.48408
   1.76599  -0.49362
   1.74082  -0.50858
   1.73976  -0.50916
   1.71397  -0.52699
   1.69549  -0.53601
   1.67123  -0.54620
   1.65242  -0.54463
   1.61997  -0.54157
   1.63452  -0.56862
   1.65494  -0.58113
   1.69083  -0.61776
   1.69556  -0.62211
   1.69904  -0.62338
   1.70249  -0.62461
   1.75174  -0.65008
   1.78534  -0.66119
   1.80886  -0.66389
   1.82722  -0.66542
   1.86711  -0.67227
   1.90652  -0.67308
   1.92593  -0.67353
   1.94589  -0.67341
   1.98449  -0.66943
   2.03297  -0.65806
   2.04183  -0.65731
   2.05331  -0.65615
                    
   1.67182   0.56775
   1.66991   0.56253
   1.69504   0.53582
   1.70965   0.51882
   1.71336   0.49872
   1.75121   0.48002
   1.75672   0.47683
   1.76311   0.47501
   1.80244   0.46087
   1.81286   0.45395
   1.82498   0.44743
   1.85026   0.42914
   1.85952   0.42141
   1.87689   0.41484
   1.89014   0.40905
   1.92173   0.41267
   1.92593   0.41284
   1.92989   0.41296
   1.96211   0.41360
   1.96748   0.41566
   1.99100   0.42348
   2.00192   0.43098
   2.02913   0.44691
   2.04025   0.45161
   2.04830   0.45672
   2.09611   0.47242
   2.09724   0.47270
   2.09816   0.47320
   2.14694   0.49503
   2.14520   0.51287
   2.15098   0.53829
   2.15477   0.55666
   2.13416   0.57211
   2.09186   0.59948
   2.08828   0.60136
   2.08716   0.60174
   2.08572   0.60232
   2.03664   0.62790
   2.01320   0.63810
   1.98225   0.64375
   1.94495   0.64786
   1.92593   0.64935
   1.91010   0.65016
   1.86907   0.64987
   1.82557   0.64447
   1.81297   0.64058
   1.79426   0.63426
   1.75831   0.62557
   1.72925   0.61322
   1.70827   0.59800
   1.67182   0.56775
                    
   2.61781  -0.40652
   2.61756  -0.40354
   2.61614  -0.39849
   2.60427  -0.36190
   2.57188  -0.37294
   2.56151  -0.37600
   2.55169  -0.38397
   2.51394  -0.41173
   2.49492  -0.42946
   2.47249  -0.45862
   2.44990  -0.48511
   2.42866  -0.50274
   2.41570  -0.54692
   2.41123  -0.55963
   2.41758  -0.58593
   2.41852  -0.59031
   2.42427  -0.59390
   2.44544  -0.60659
   2.45074  -0.60706
                    
   1.26462  -0.45457
   1.27910  -0.43164
   1.28040  -0.41764
   1.29333  -0.41865
   1.30894  -0.43202
   1.33280  -0.45909
   1.35269  -0.48100
   1.36922  -0.49796
   1.40078  -0.52515
   1.39774  -0.54851
   1.39150  -0.55273
   1.38787  -0.56020
   1.38038  -0.58850
                    
   2.72797  -0.02619
   2.72591  -0.00523
   2.72371  -0.00000
   2.69207   0.06445
   2.68243  -0.00000
   2.67578  -0.03040
   2.67210  -0.06528
   2.66671  -0.10437
   2.66971  -0.13115
   2.67256  -0.18347
   2.70455  -0.13729
   2.71213  -0.12499
   2.72274  -0.09511
                    
   2.47147   0.58850
   2.45537   0.58308
   2.43920   0.57242
   2.43700   0.55336
   2.44846   0.52253
   2.48461   0.48957
   2.49936   0.48117
   2.55127   0.44729
   2.55403   0.45243
   2.57055   0.45137
   2.58723   0.45457
                    
   1.40111   0.60706
   1.40042   0.59272
   1.40635   0.56672
   1.40855   0.55164
   1.39894   0.52699
   1.37005   0.50133
   1.34951   0.48367
   1.31487   0.45063
   1.30245   0.43656
   1.29445   0.42846
   1.28538   0.42524
   1.24785   0.41259
   1.23405   0.40652
                    
   1.12388   0.02619
   1.13167   0.06949
   1.12911   0.09511
                    
   1.48778  -2.12833
   1.49784  -2.10465
   1.50251  -2.09201
   1.50600  -2.08334
   1.52186  -2.06068
   1.52331  -2.05879
   1.54514  -2.04273
   1.57299  -2.03821
   1.57662  -2.03780
   1.60980  -2.04640
   1.61675  -2.04835
   1.62610  -2.05104
   1.66209  -2.06206
   1.68510  -2.06974
   1.70103  -2.07405
   1.72914  -2.08263
   1.74753  -2.08962
   1.75692  -2.09292
   1.77326  -2.09548
   1.78528  -2.09737
   1.80348  -2.10165
   1.81987  -2.10543
   1.83510  -2.11051
   1.84538  -2.12016
   1.86266  -2.13335
   1.86113  -2.13645
   1.85974  -2.13962
   1.86809  -2.14562
   1.87393  -2.14907
   1.87290  -2.15246
   1.87209  -2.15591
   1.87336  -2.15740
   1.87456  -2.15868
   1.87414  -2.16214
   1.87395  -2.16561
   1.88480  -2.16667
   1.89070  -2.16699
   1.89083  -2.16974
   1.89118  -2.17247
   1.88889  -2.17320
   1.88604  -2.17420
   1.88671  -2.17717
   1.88761  -2.18008
   1.88402  -2.18192
   1.87912  -2.18471
   1.88046  -2.18787
   1.88201  -2.19093
   1.87738  -2.19470
   1.87087  -2.20083
   1.87285  -2.20383
   1.87499  -2.20672
   1.86065  -2.22144
   1.84715  -2.23876
   1.83146  -2.24593
   1.81790  -2.25033
   1.80181  -2.25357
   1.79650  -2.25516
   1.77870  -2.25917
   1.75963  -2.26719
   1.74262  -2.27250
   1.72336  -2.27719
   1.70993  -2.27848
   1.68550  -2.27878
   1.67394  -2.27854
   1.66484  -2.27797
   1.62966  -2.28294
   1.61662  -2.28463
   1.61098  -2.28525
   1.60160  -2.28471
   1.57163  -2.28109
   1.55111  -2.28210
   1.53405  -2.27167
   1.51693  -2.25166
   1.51086  -2.24373
   1.50943  -2.24011
   1.50745  -2.23493
   1.49299  -2.20454
   1.48764  -2.18582
   1.48818  -2.16667
   1.48939  -2.14928
   1.48778  -2.12833
                    
   2.34859  -2.09214
   2.35449  -2.10497
   2.36537  -2.12822
   2.36486  -2.14684
   2.36975  -2.16667
   2.37542  -2.19789
   2.37336  -2.20581
   2.33762  -2.23742
   2.33651  -2.23825
   2.33553  -2.23889
   2.31673  -2.25018
   2.28849  -2.26382
   2.28686  -2.26454
   2.28499  -2.26513
   2.25633  -2.28692
   2.24625  -2.29321
   2.23030  -2.29683
   2.21128  -2.29973
   2.19532  -2.30287
   2.17601  -2.30086
   2.14655  -2.28878
   2.13888  -2.28418
   2.12964  -2.27869
   2.09927  -2.26675
   2.09388  -2.26440
   2.07669  -2.26424
   2.05968  -2.26033
   2.05241  -2.25932
   2.03843  -2.25621
   2.03306  -2.25656
   2.02333  -2.25645
   2.01254  -2.25328
   2.00692  -2.24993
   1.99907  -2.24446
   1.98507  -2.22952
   1.98695  -2.22770
   1.98878  -2.22581
   1.98401  -2.21540
   1.97989  -2.20877
   1.98199  -2.20592
   1.98394  -2.20297
   1.97313  -2.19392
   1.96678  -2.18937
   1.96829  -2.18642
   1.96958  -2.18337
   1.96881  -2.18228
   1.96807  -2.18130
   1.96902  -2.17821
   1.96974  -2.17506
   1.96917  -2.17429
   1.96861  -2.17358
   1.96900  -2.17044
   1.96916  -2.16727
   1.97048  -2.16667
   1.97191  -2.16594
   1.97174  -2.16266
   1.97134  -2.15940
   1.97989  -2.15715
   1.99668  -2.15126
   1.99587  -2.14793
   1.99490  -2.14463
   2.02008  -2.13240
   2.02585  -2.12901
   2.06278  -2.11370
   2.07229  -2.11046
   2.07925  -2.10814
   2.10706  -2.09630
   2.14324  -2.08264
   2.15316  -2.07994
   2.15934  -2.07832
   2.19148  -2.06651
   2.23332  -2.05260
   2.23636  -2.05171
   2.23879  -2.05100
   2.27577  -2.03929
   2.27593  -2.03928
   2.31018  -2.03747
   2.32639  -2.05936
   2.33123  -2.06553
   2.34487  -2.08463
   2.34859  -2.09214
                    
   1.69013  -1.59107
   1.67951  -1.60601
   1.69583  -1.63051
   1.70839  -1.65032
   1.71003  -1.66939
   1.75335  -1.69445
   1.75393  -1.69491
   1.75408  -1.69502
   1.75428  -1.69508
   1.75559  -1.69542
   1.80496  -1.71523
   1.81053  -1.71710
   1.82142  -1.72006
   1.84940  -1.73268
   1.86295  -1.74000
   1.88913  -1.74612
   1.92421  -1.74693
   1.92593  -1.74717
   1.92727  -1.74737
   1.95294  -1.74981
   1.96228  -1.75110
   1.96357  -1.75063
   1.99040  -1.74226
   2.00207  -1.73486
   2.02984  -1.71992
   2.04031  -1.71518
   2.04857  -1.70895
   2.09274  -1.69305
   2.09628  -1.69205
   2.09913  -1.69079
   2.14987  -1.67296
   2.14819  -1.65999
   2.14882  -1.62748
   2.14843  -1.61164
   2.13378  -1.59559
   2.11031  -1.57260
   2.09537  -1.56260
   2.08846  -1.56010
   2.07931  -1.55653
   2.03702  -1.53664
   2.01479  -1.52777
   1.98236  -1.52159
   1.94053  -1.51564
   1.92593  -1.51381
   1.91549  -1.51272
   1.86861  -1.51151
   1.82343  -1.52120
   1.81290  -1.52568
   1.79107  -1.53574
   1.76012  -1.54788
   1.73827  -1.55627
   1.71068  -1.57527
   1.69013  -1.59107
                    
   2.04161  -2.82276
   2.03376  -2.82402
   1.98456  -2.83683
   1.94431  -2.83914
   1.92593  -2.83933
   1.90774  -2.83902
   1.86731  -2.83670
   1.82510  -2.83025
   1.80899  -2.82985
   1.78378  -2.82842
   1.75126  -2.81854
   1.70021  -2.78826
   1.69976  -2.78805
   1.69941  -2.78789
   1.69906  -2.78750
   1.65981  -2.73735
   1.65136  -2.73263
   1.64646  -2.72237
   1.65877  -2.72297
   1.66745  -2.72097
   1.69513  -2.70252
   1.71192  -2.68983
   1.73112  -2.67258
   1.74326  -2.66853
   1.76571  -2.65981
   1.79569  -2.65272
   1.79701  -2.65197
   1.82196  -2.63636
   1.84600  -2.61996
   1.84776  -2.61863
   1.86698  -2.59922
   1.88906  -2.58810
   1.91571  -2.59583
   1.92593  -2.59960
   1.94633  -2.60617
   1.96468  -2.60966
   1.97408  -2.61369
   1.98256  -2.62183
   2.00882  -2.63679
   2.02476  -2.64445
   2.04538  -2.65439
   2.05804  -2.65971
   2.08303  -2.66503
   2.10686  -2.67771
   2.11827  -2.69512
   2.12851  -2.70998
   2.13117  -2.71282
   2.13645  -2.71834
   2.15828  -2.74366
   2.14398  -2.76577
   2.13185  -2.78259
   2.09535  -2.79897
   2.07084  -2.81157
   2.04968  -2.82136
   2.04161  -2.82276
                    
   1.28247  -2.64616
   1.30641  -2.66321
   1.33532  -2.65891
   1.33691  -2.62759
   1.33125  -2.59721
   1.32935  -2.58439
   1.31743  -2.57744
   1.29123  -2.56083
   1.27188  -2.57083
   1.26327  -2.58897
   1.26262  -2.61831
                    
   2.48127  -2.74594
   2.46101  -2.73508
   2.45328  -2.72615
   2.44562  -2.71766
   2.44967  -2.69041
   2.46329  -2.66691
   2.47577  -2.64324
   2.47927  -2.63098
   2.49163  -2.57515
   2.49529  -2.56790
   2.49637  -2.56610
   2.49769  -2.56453
   2.50173  -2.56079
   2.52002  -2.55648
   2.55453  -2.54596
   2.56148  -2.54352
   2.57258  -2.54001
   2.60431  -2.52850
   2.61857  -2.56656
   2.61936  -2.56896
   2.61850  -2.57201
                    
   2.68606  -2.21972
   2.69452  -2.18644
   2.70995  -2.20289
   2.71993  -2.23613
   2.70121  -2.25822
   2.68794  -2.26895
   2.68282  -2.24780
   2.68412  -2.23300
   2.68606  -2.21972
                    
   2.56939  -1.68717
   2.57742  -1.71048
   2.58924  -1.71503
                    
   1.37059  -1.58740
   1.38458  -1.61601
   1.38707  -1.61826
   1.38671  -1.62157
   1.38502  -1.62576
   1.37973  -1.63093
   1.35640  -1.65018
   1.33123  -1.66765
   1.30215  -1.68993
   1.28249  -1.71613
   1.23335  -1.76133
                    
   1.46288  -4.33333
   1.46346  -4.36915
   1.46361  -4.37378
   1.46475  -4.37785
   1.47006  -4.38406
   1.49345  -4.40959
   1.50393  -4.41944
   1.51925  -4.42883
   1.53615  -4.43777
   1.55172  -4.44792
   1.57210  -4.44919
   1.61201  -4.44759
   1.61423  -4.44739
   1.61510  -4.44722
   1.61647  -4.44693
   1.66217  -4.43814
   1.67755  -4.44006
   1.69138  -4.44270
   1.70992  -4.44512
   1.72195  -4.44570
   1.73606  -4.44295
   1.76099  -4.43608
   1.78103  -4.42272
   1.79321  -4.41681
   1.81855  -4.40332
   1.83612  -4.39111
   1.84211  -4.39102
   1.84258  -4.39169
   1.84306  -4.39236
   1.84873  -4.39811
   1.85457  -4.40313
   1.85534  -4.40392
   1.85613  -4.40469
   1.86142  -4.41021
   1.86727  -4.41545
   1.86805  -4.41599
   1.86883  -4.41653
   1.87946  -4.41381
   1.88699  -4.41069
   1.88933  -4.41182
   1.89170  -4.41289
   1.89813  -4.40972
   1.90291  -4.40666
   1.90604  -4.40756
   1.90919  -4.40834
   1.91289  -4.40728
   1.91615  -4.40612
   1.91953  -4.40649
   1.92292  -4.40671
   1.92593  -4.40654
   1.92888  -4.40624
   1.93229  -4.40603
   1.93568  -4.40565
   1.93885  -4.40661
   1.94238  -4.40745
   1.94558  -4.40667
   1.94874  -4.40575
   1.95299  -4.40769
   1.95826  -4.40954
   1.96091  -4.40836
   1.96352  -4.40709
   1.96892  -4.40780
   1.97540  -4.40805
   1.97732  -4.40674
   1.97921  -4.40538
   1.98413  -4.40270
   1.98912  -4.39954
   1.99064  -4.39805
   1.99213  -4.39653
   1.99886  -4.39453
   2.00667  -4.39129
   2.00734  -4.39034
   2.00800  -4.38938
   2.01592  -4.39081
   2.03241  -4.40297
   2.05642  -4.42024
   2.08252  -4.44019
   2.08610  -4.44336
   2.12668  -4.45398
   2.13627  -4.45545
   2.13697  -4.45555
   2.13769  -4.45559
   2.18297  -4.45366
   2.18355  -4.45377
   2.18432  -4.45383
   2.23242  -4.45843
   2.24537  -4.45852
   2.25828  -4.45430
   2.28114  -4.44489
   2.29477  -4.44086
   2.30234  -4.43419
   2.33546  -4.41569
   2.34182  -4.41145
   2.34509  -4.40724
   2.35354  -4.39568
   2.37127  -4.37230
   2.37264  -4.36145
   2.37496  -4.33333
   2.37546  -4.30206
   2.37524  -4.29402
   2.36898  -4.28210
   2.35842  -4.25707
   2.35133  -4.24251
   2.33081  -4.22485
   2.32883  -4.22301
   2.30889  -4.20612
   2.29033  -4.20070
   2.27226  -4.19668
   2.23977  -4.21632
   2.23642  -4.21852
   2.23477  -4.21959
   2.22495  -4.22450
   2.19369  -4.23924
   2.15554  -4.25026
   2.15464  -4.25059
   2.15371  -4.25094
   2.14686  -4.25292
   2.10784  -4.26502
   2.09677  -4.27115
   2.08014  -4.27961
   2.07414  -4.28221
   2.06406  -4.28645
   2.02766  -4.30087
   2.01854  -4.29963
   2.00475  -4.29953
   2.00365  -4.29709
   2.00249  -4.29468
   1.99598  -4.29288
   1.99063  -4.29200
   1.98882  -4.28929
   1.98690  -4.28667
   1.98387  -4.28471
   1.98095  -4.28305
   1.97864  -4.28062
   1.97621  -4.27831
   1.97318  -4.27702
   1.97029  -4.27595
   1.96753  -4.27392
   1.96467  -4.27202
   1.96147  -4.27178
   1.95853  -4.27172
   1.95539  -4.27015
   1.95217  -4.26875
   1.94944  -4.26874
   1.94688  -4.26885
   1.94348  -4.26784
   1.94002  -4.26701
   1.93765  -4.26684
   1.93532  -4.26676
   1.93179  -4.26635
   1.92823  -4.26614
   1.92593  -4.26621
   1.92364  -4.26636
   1.92009  -4.26658
   1.91654  -4.26698
   1.91420  -4.26686
   1.91178  -4.26682
   1.90833  -4.26765
   1.90492  -4.26866
   1.90234  -4.26854
   1.89958  -4.26854
   1.89636  -4.26994
   1.89323  -4.27150
   1.89027  -4.27157
   1.88704  -4.27183
   1.88419  -4.27373
   1.88143  -4.27575
   1.87811  -4.27634
   1.87446  -4.27722
   1.87209  -4.27950
   1.86982  -4.28187
   1.86503  -4.28224
   1.85934  -4.28322
   1.85766  -4.28553
   1.85606  -4.28790
   1.84490  -4.28655
   1.82959  -4.28727
   1.82380  -4.28455
   1.78425  -4.26619
   1.75109  -4.25118
   1.75004  -4.25071
   1.74889  -4.25038
   1.74685  -4.24983
   1.70247  -4.23730
   1.68246  -4.23311
   1.66302  -4.22640
   1.63606  -4.21603
   1.61943  -4.20825
   1.60099  -4.19941
   1.58142  -4.19214
   1.55736  -4.19919
   1.54216  -4.20488
   1.52322  -4.22231
   1.52078  -4.22477
   1.50218  -4.24483
   1.49197  -4.25681
   1.46952  -4.28774
   1.46655  -4.29077
   1.46563  -4.29306
   1.46522  -4.29618
   1.46288  -4.33333
                    
   2.04194  -4.99127
   2.03214  -4.99214
   1.98454  -5.00331
   1.94690  -5.00733
   1.92593  -5.00768
   1.90491  -5.00736
   1.86702  -5.00667
   1.82820  -4.99959
   1.80875  -4.99788
   1.78428  -4.99491
   1.75175  -4.98337
   1.70312  -4.95878
   1.69880  -4.95736
   1.69410  -4.95577
   1.68791  -4.94998
   1.65455  -4.91529
   1.63543  -4.90183
   1.62691  -4.87877
   1.65292  -4.87891
   1.67136  -4.87925
   1.69527  -4.86925
   1.71390  -4.86019
   1.74005  -4.84403
   1.74143  -4.84310
   1.76720  -4.82901
   1.79515  -4.81814
   1.79614  -4.81771
   1.82084  -4.80119
   1.84210  -4.78428
   1.84721  -4.77977
   1.86477  -4.76270
   1.88952  -4.74946
   1.88950  -4.74947
   1.88961  -4.74948
   1.92099  -4.75674
   1.92593  -4.75847
   1.93525  -4.76154
   1.96380  -4.76624
   1.97828  -4.77493
   1.98893  -4.78766
   2.00888  -4.80377
   2.02301  -4.81377
   2.03410  -4.82368
   2.06339  -4.84637
   2.07231  -4.84835
   2.08075  -4.85288
   2.12455  -4.87904
   2.12645  -4.88001
   2.12810  -4.88063
   2.16426  -4.89225
   2.18695  -4.89794
   2.14723  -4.94137
   2.13736  -4.95077
   2.09643  -4.96966
   2.08765  -4.97423
   2.05444  -4.98993
   2.04194  -4.99127
                    
   1.67016  -3.76633
   1.67003  -3.77082
   1.69552  -3.79731
   1.71000  -3.81383
   1.71517  -3.83385
   1.75032  -3.85085
   1.75754  -3.85493
   1.76571  -3.85744
   1.80213  -3.87132
   1.81332  -3.87854
   1.82542  -3.88581
   1.85028  -3.90432
   1.85939  -3.91213
   1.87537  -3.91867
   1.89026  -3.92571
   1.92089  -3.92170
   1.92593  -3.92133
   1.93044  -3.92105
   1.96208  -3.92003
   1.96779  -3.91770
   1.99078  -3.90952
   2.00208  -3.90144
   2.02721  -3.88598
   2.03948  -3.88029
   2.04896  -3.87418
   2.09161  -3.85932
   2.09597  -3.85812
   2.09958  -3.85621
   2.14358  -3.83682
   2.14301  -3.81609
   2.14953  -3.79444
   2.15465  -3.77670
   2.13628  -3.75538
   2.12585  -3.74432
   2.10031  -3.72747
   2.08930  -3.72362
   2.07485  -3.71795
   2.03763  -3.69985
   2.01944  -3.69214
   1.98264  -3.68503
   1.93772  -3.68033
   1.92593  -3.67950
   1.91608  -3.67898
   1.86868  -3.67905
   1.82044  -3.68650
   1.81236  -3.68927
   1.79914  -3.69408
   1.75773  -3.70562
   1.72532  -3.71894
   1.70741  -3.73297
   1.67016  -3.76633
                    
   2.60487  -4.76111
   2.60357  -4.74621
   2.59292  -4.71842
   2.59227  -4.71687
   2.59072  -4.71715
   2.56097  -4.72156
   2.54195  -4.73273
   2.51595  -4.74647
   2.49409  -4.76964
   2.47746  -4.79612
   2.46571  -4.81339
   2.43492  -4.84232
   2.42610  -4.87077
   2.41871  -4.89127
   2.42572  -4.91757
   2.44884  -4.93216
   2.45823  -4.93384
                    
   1.13152  -4.21986
   1.14064  -4.26463
   1.12777  -4.32435
   1.12719  -4.33333
   1.12681  -4.34036
   1.12364  -4.35069
                    
   1.27996  -4.80945
   1.28051  -4.78526
   1.28799  -4.76994
   1.28857  -4.76333
   1.29469  -4.76374
   1.30240  -4.76993
   1.31081  -4.78194
   1.34324  -4.82226
   1.37649  -4.85841
   1.38843  -4.87083
   1.38908  -4.87918
   1.38645  -4.88114
   1.38467  -4.88427
   1.37383  -4.91570
                    
   2.72821  -4.31597
   2.70828  -4.26489
   2.69690  -4.25348
   2.69082  -4.25552
   2.68761  -4.25959
   2.68708  -4.26674
   2.68719  -4.27763
   2.68105  -4.33333
   2.67584  -4.36385
   2.67180  -4.39859
   2.66759  -4.43648
   2.67210  -4.46490
   2.67610  -4.50173
   2.70508  -4.47072
   2.71303  -4.46139
   2.72033  -4.44680
                    
   2.57189  -3.85722
   2.54847  -3.85055
   2.53725  -3.86706
   2.50628  -3.84636
   2.48171  -3.83163
   2.45371  -3.80555
   2.44428  -3.78197
   2.44625  -3.76730
   2.45864  -3.75863
   2.47802  -3.75097
                    
   1.39363  -3.73282
   1.39505  -3.75388
   1.40102  -3.77155
   1.40238  -3.78345
   1.39470  -3.80210
   1.37235  -3.82305
   1.34427  -3.84526
   1.30380  -3.88158
   1.29685  -3.88724
   1.29265  -3.88991
   1.24698  -3.90556
                    
   3.75432   0.00714
   3.75390   0.00000
   3.75400  -0.00721
   3.75411  -0.00855
   3.75424  -0.00989
   3.75053  -0.01787
   3.74806  -0.02511
   3.74520  -0.02801
   3.74491  -0.02866
   3.74513  -0.02924
   3.75033  -0.03310
   3.75245  -0.03618
   3.75798  -0.04313
   3.75822  -0.04366
   3.75847  -0.04419
   3.76782  -0.04852
   3.77548  -0.05091
   3.77666  -0.05265
   3.77789  -0.05436
   3.78255  -0.05815
   3.78713  -0.06137
   3.78878  -0.06307
   3.79048  -0.06472
   3.79474  -0.06806
   3.79911  -0.07108
   3.80108  -0.07251
   3.80309  -0.07387
   3.80825  -0.07553
   3.81313  -0.07675
   3.81552  -0.07791
   3.81794  -0.07900
   3.82277  -0.07989
   3.82739  -0.08047
   3.83008  -0.08124
   3.83280  -0.08192
   3.83732  -0.08241
   3.84175  -0.08264
   3.84460  -0.08294
   3.84745  -0.08314
   3.85185  -0.08282
   3.85611  -0.08228
   3.85903  -0.08208
   3.86194  -0.08177
   3.86620  -0.08137
   3.87049  -0.08075
   3.87330  -0.08005
   3.87608  -0.07925
   3.88036  -0.07832
   3.88470  -0.07713
   3.88728  -0.07598
   3.88982  -0.07474
   3.89410  -0.07318
   3.89846  -0.07130
   3.90071  -0.06977
   3.90291  -0.06818
   3.90672  -0.06539
   3.91042  -0.06237
   3.91235  -0.06050
   3.91422  -0.05857
   3.91872  -0.05611
   3.92348  -0.05305
   3.92487  -0.05113
   3.92620  -0.04916
   3.93192  -0.04623
   3.93833  -0.04208
   3.93902  -0.04065
   3.93968  -0.03920
   3.94410  -0.03358
   3.94846  -0.02696
   3.94873  -0.02596
   3.94900  -0.02496
   3.94807  -0.01697
   3.94663  -0.01000
   3.94679  -0.00831
   3.94692  -0.00661
   3.94767  -0.00000
   3.94795   0.00683
   3.94783   0.00840
   3.94768   0.00996
   3.94585   0.01657
   3.94366   0.02275
   3.94322   0.02448
   3.94274   0.02620
   3.93844   0.03152
   3.93426   0.03589
   3.93332   0.03799
   3.93232   0.04006
   3.92780   0.04385
   3.92352   0.04691
   3.92202   0.04913
   3.92044   0.05130
   3.91684   0.05453
   3.91322   0.05740
   3.91127   0.05942
   3.90925   0.06137
   3.90562   0.06408
   3.90194   0.06654
   3.89962   0.06822
   3.89725   0.06982
   3.89336   0.07189
   3.88943   0.07373
   3.88682   0.07500
   3.88417   0.07618
   3.88006   0.07751
   3.87595   0.07860
   3.87313   0.07941
   3.87028   0.08012
   3.86607   0.08064
   3.86193   0.08093
   3.85896   0.08124
   3.85598   0.08144
   3.85185   0.08166
   3.84769   0.08166
   3.84473   0.08145
   3.84177   0.08114
   3.83757   0.08101
   3.83325   0.08064
   3.83043   0.07994
   3.82764   0.07914
   3.82330   0.07845
   3.81881   0.07747
   3.81626   0.07633
   3.81375   0.07511
   3.80946   0.07343
   3.80513   0.07144
   3.80289   0.06992
   3.80070   0.06833
   3.79643   0.06605
   3.79210   0.06337
   3.79026   0.06159
   3.78848   0.05976
   3.78339   0.05744
   3.77786   0.05437
   3.77664   0.05266
   3.77545   0.05093
   3.76890   0.04789
   3.76137   0.04333
   3.76093   0.04240
   3.76049   0.04146
   3.75645   0.03472
   3.75275   0.02724
   3.75258   0.02660
   3.75241   0.02596
   3.75318   0.01740
   3.75456   0.00990
   3.75443   0.00852
   3.75432   0.00714
                    
   4.30993  -0.57373
   4.31269  -0.56445
   4.31886  -0.55656
   4.33236  -0.53843
   4.35283  -0.50097
   4.35763  -0.49028
   4.36056  -0.47760
   4.36943  -0.43430
   4.37144  -0.42068
   4.38874  -0.38555
   4.39201  -0.37822
   4.39967  -0.34205
   4.39730  -0.31492
   4.39561  -0.30205
   4.38438  -0.27962
   4.38436  -0.24831
   4.38386  -0.23952
   4.38105  -0.21074
   4.36482  -0.18671
   4.36214  -0.18306
   4.35454  -0.18296
   4.32793  -0.18187
   4.32005  -0.18148
   4.30492  -0.18043
   4.27504  -0.17691
   4.26134  -0.17757
   4.24464  -0.18316
   4.22417  -0.18941
   4.20757  -0.19333
   4.17814  -0.18838
   4.17355  -0.18742
   4.14807  -0.18695
   4.12545  -0.19157
   4.12121  -0.19244
   4.09963  -0.19561
   4.08716  -0.19745
   4.05443  -0.19878
   4.05212  -0.19871
   4.05098  -0.19913
   4.04871  -0.19986
   4.02170  -0.20241
   4.01162  -0.20239
   3.99623  -0.20619
   3.98008  -0.21496
   3.97677  -0.21636
   3.97386  -0.21754
   3.95668  -0.22480
   3.94169  -0.23476
   3.93831  -0.23755
   3.93334  -0.24147
   3.91869  -0.24944
   3.90503  -0.25346
   3.89697  -0.25586
   3.88786  -0.25823
   3.87464  -0.26045
   3.86064  -0.25957
   3.85185  -0.25801
   3.84484  -0.25653
   3.82964  -0.25384
   3.81257  -0.24911
   3.80825  -0.24730
   3.80490  -0.24582
   3.78774  -0.23926
   3.76940  -0.23492
   3.76655  -0.23436
   3.76323  -0.23367
   3.74567  -0.22770
   3.72967  -0.22430
   3.72249  -0.22406
   3.70968  -0.22299
   3.69814  -0.21953
   3.68999  -0.21787
   3.67181  -0.21941
   3.66422  -0.22361
   3.64209  -0.23423
   3.61900  -0.23285
   3.61661  -0.23290
   3.59330  -0.23218
   3.57721  -0.23045
   3.55650  -0.22669
   3.54680  -0.25597
   3.54368  -0.26834
   3.56738  -0.28447
   3.58407  -0.29745
   3.59344  -0.30796
   3.60142  -0.31634
   3.62138  -0.32914
   3.64020  -0.34310
   3.65047  -0.34881
   3.66142  -0.35447
   3.68117  -0.36603
   3.70137  -0.36901
   3.71631  -0.37240
   3.73508  -0.37579
   3.75097  -0.37650
   3.76178  -0.37619
   3.78596  -0.37372
   3.80855  -0.36979
   3.81574  -0.36549
   3.82003  -0.36368
   3.82778  -0.36206
   3.85185  -0.35636
   3.86705  -0.35174
   3.88209  -0.34566
   3.89687  -0.35097
   3.91612  -0.36450
   3.91888  -0.36623
   3.94443  -0.36995
   3.95119  -0.37075
   3.96440  -0.37268
   3.98877  -0.37619
   3.99995  -0.37715
   4.02679  -0.37516
   4.04763  -0.36901
   4.06017  -0.36471
   4.06188  -0.36378
   4.06365  -0.36280
   4.09554  -0.34802
   4.11982  -0.33651
   4.13114  -0.33284
   4.15473  -0.32386
   4.16804  -0.31619
   4.17600  -0.30907
   4.18879  -0.31122
   4.20976  -0.32478
   4.22848  -0.33211
   4.23705  -0.33519
   4.26364  -0.35261
   4.27522  -0.37931
   4.26412  -0.41227
   4.26389  -0.41307
   4.25349  -0.44520
   4.24733  -0.47131
   4.24411  -0.48275
   4.25475  -0.50844
   4.23010  -0.54020
   4.22866  -0.54306
   4.21212  -0.57323
   4.19730  -0.59833
   4.18926  -0.61077
   4.21734  -0.63584
   4.21719  -0.63682
   4.21678  -0.63936
   4.22049  -0.63850
   4.23324  -0.63538
   4.29066  -0.62668
   4.30993  -0.57373
                    
   3.37765   0.56514
   3.38712   0.58021
   3.41838   0.61906
   3.46972   0.63535
   3.48121   0.64198
   3.49243   0.64820
   3.49542   0.64184
   3.49824   0.63589
   3.53366   0.62100
   3.51377   0.58557
   3.50758   0.57302
   3.50124   0.56033
   3.48530   0.52349
   3.47656   0.50964
   3.48023   0.49881
   3.46554   0.46039
   3.46106   0.44611
   3.44912   0.42215
   3.44312   0.40874
   3.42948   0.37946
   3.43602   0.34892
   3.43624   0.34809
   3.45578   0.33235
   3.46717   0.32313
   3.46738   0.32299
   3.46764   0.32282
   3.50120   0.29568
   3.52914   0.28843
   3.55519   0.29666
   3.55877   0.29767
   3.58371   0.30348
   3.59602   0.30489
   3.63615   0.30580
   3.63777   0.30574
   3.63829   0.30598
   3.63974   0.30599
   3.67788   0.30134
   3.68739   0.29924
   3.71016   0.30385
   3.72695   0.30657
   3.73788   0.30783
   3.73964   0.30829
   3.74163   0.30881
   3.76851   0.31104
   3.78814   0.31012
   3.79726   0.30963
   3.80943   0.30852
   3.82510   0.30580
   3.83703   0.30533
   3.85185   0.30409
   3.86839   0.30182
   3.87810   0.30004
   3.88879   0.30124
   3.90498   0.30131
   3.91869   0.30068
   3.93235   0.30044
   3.95295   0.30146
   3.96139   0.30096
   3.96736   0.30046
   3.99138   0.29922
   3.99546   0.29826
   4.01698   0.29227
   4.02040   0.29193
   4.02681   0.29117
   4.05036   0.28350
   4.06622   0.27543
   4.08529   0.27820
   4.09810   0.27924
   4.11703   0.27425
   4.12244   0.27059
   4.13516   0.26642
   4.15296   0.25266
   4.16593   0.24149
   4.19235   0.23842
   4.20393   0.21047
   4.17214   0.18982
   4.14985   0.19165
   4.12653   0.19233
   4.11918   0.19524
   4.10164   0.20111
   4.07148   0.18429
   4.06897   0.18279
   4.04836   0.18390
   4.03908   0.18723
   4.02814   0.19412
   4.01862   0.19875
   4.01153   0.20188
   3.99779   0.20842
   3.98352   0.21708
   3.97887   0.22000
   3.97402   0.22291
   3.95903   0.22985
   3.94510   0.23774
   3.93982   0.24169
   3.93238   0.24687
   3.91952   0.25254
   3.90793   0.25678
   3.89780   0.26059
   3.88527   0.26463
   3.87520   0.26690
   3.86546   0.26729
   3.85185   0.26607
   3.84008   0.26443
   3.82881   0.26339
   3.81687   0.26085
   3.80662   0.25654
   3.79907   0.25299
   3.78529   0.24842
   3.77087   0.24439
   3.76401   0.24136
   3.75782   0.23841
   3.74343   0.23251
   3.72966   0.22698
   3.72259   0.22389
   3.71483   0.22019
   3.70243   0.21340
   3.69103   0.20913
   3.67847   0.20663
   3.65508   0.19984
   3.65306   0.19880
   3.65168   0.19826
   3.64873   0.19823
   3.61450   0.19916
   3.60309   0.19827
   3.58503   0.18683
   3.57755   0.18532
   3.55836   0.18026
   3.54236   0.17868
   3.52351   0.17553
   3.50344   0.17741
   3.49182   0.16789
   3.46570   0.15934
   3.45316   0.15423
   3.43551   0.15154
   3.41767   0.14787
   3.39286   0.14527
   3.37066   0.14352
   3.33485   0.13853
   3.33013   0.13607
   3.32680   0.13498
   3.32267   0.13668
   3.31278   0.14444
   3.29022   0.15804
   3.26648   0.17359
   3.25955   0.18995
   3.25574   0.21697
   3.25352   0.24209
   3.26169   0.27520
   3.27496   0.32263
   3.27717   0.32935
   3.27781   0.33143
   3.27915   0.33572
   3.29885   0.38722
   3.30903   0.41234
   3.31020   0.43989
   3.31300   0.45215
   3.32135   0.48309
   3.33785   0.51400
   3.36624   0.55062
   3.37546   0.56152
   3.37765   0.56514
                    
   3.58955  -0.75839
   3.58333  -0.75351
   3.57874  -0.75036
   3.56313  -0.73926
   3.52260  -0.70608
   3.51641  -0.69711
   3.51306  -0.69017
   3.48145  -0.64155
   3.47807  -0.63565
   3.47681  -0.63115
   3.47253  -0.61442
   3.46350  -0.57972
   3.45994  -0.57218
   3.45527  -0.56637
   3.43760  -0.53781
   3.42191  -0.51239
   3.41777  -0.50516
   3.41621  -0.49711
   3.40945  -0.44240
   3.40334  -0.43845
   3.40781  -0.43558
   3.39401  -0.38417
   3.39163  -0.37200
   3.39510  -0.36303
   3.40522  -0.33957
   3.41265  -0.31781
   3.42030  -0.31428
   3.44630  -0.29609
   3.47301  -0.27725
   3.48305  -0.27271
   3.50817  -0.26745
   3.51074  -0.24112
   3.51111  -0.23859
   3.50862  -0.23810
   3.48292  -0.23174
   3.47843  -0.21559
   3.47611  -0.20598
   3.45758  -0.18385
   3.44259  -0.17702
   3.42797  -0.17523
   3.38834  -0.17577
   3.38135  -0.17541
   3.37850  -0.17523
   3.37109  -0.17498
   3.33790  -0.17249
   3.31165  -0.19662
   3.30675  -0.20150
   3.30540  -0.20443
   3.29529  -0.22845
   3.28429  -0.25452
   3.28378  -0.26050
   3.28459  -0.26452
   3.28547  -0.27695
   3.29321  -0.32253
   3.29693  -0.33888
   3.29963  -0.36325
   3.30290  -0.38438
   3.31978  -0.41636
   3.30433  -0.43256
   3.30908  -0.45544
   3.31564  -0.48124
   3.32662  -0.51297
   3.33004  -0.52181
   3.36023  -0.55821
   3.35609  -0.58766
   3.33210  -0.60605
   3.32996  -0.60958
                    
   4.37374   0.60958
   4.37104   0.60731
   4.35490   0.58143
   4.36035   0.55405
   4.37522   0.52337
   4.38114   0.50879
   4.39152   0.48010
   4.39494   0.45570
   4.39688   0.43569
   4.39521   0.41213
   4.40621   0.38817
   4.41790   0.34131
   4.41957   0.33283
   4.41998   0.32801
   4.42151   0.29932
   4.42196   0.26585
   4.42354   0.25846
   4.42223   0.24814
   4.40468   0.20121
   4.40309   0.19767
   4.40168   0.19518
   4.39415   0.18254
   4.37272   0.15033
   4.34554   0.15990
   4.32620   0.16473
   4.32107   0.16583
   4.31406   0.16823
   4.27422   0.17886
   4.26267   0.18084
   4.24567   0.18364
   4.22869   0.20572
   4.25545   0.21792
   4.25864   0.23486
   4.26152   0.25753
   4.26642   0.28334
   4.26749   0.29103
   4.27837   0.31549
   4.28515   0.32581
   4.28331   0.36204
   4.28144   0.37832
   4.26430   0.41244
   4.26407   0.41289
   4.24618   0.44585
   4.24058   0.46327
   4.22830   0.49517
   4.22719   0.50964
   4.21616   0.52028
   4.18717   0.56257
   4.18108   0.57024
   4.17944   0.57225
   4.17718   0.57538
   4.14099   0.62006
   4.12951   0.63046
   4.12052   0.64398
   4.10855   0.68336
   4.10889   0.68770
   4.10913   0.69084
   4.10458   0.69436
   4.08718   0.70730
   4.04943   0.73736
   4.02745   0.73728
   3.98045   0.72931
   3.97336   0.72779
   3.93600   0.72933
   3.91566   0.72936
   3.87771   0.73371
   3.85411   0.73541
   3.85185   0.73576
   3.84785   0.73637
   3.78729   0.73798
   3.74442   0.73853
   3.71989   0.74842
   3.70335   0.75437
   3.69926   0.78069
   3.69799   0.78758
                    
   3.65497  -0.77794
   3.67225  -0.75945
   3.67982  -0.74935
   3.72126  -0.74061
   3.74043  -0.73555
   3.78757  -0.73469
   3.84272  -0.73912
   3.85185  -0.74009
   3.86513  -0.74130
   3.91664  -0.74057
   3.95554  -0.74128
   3.98423  -0.75077
   3.99814  -0.75480
   4.00431  -0.78079
   4.00571  -0.78758
                    
   4.65091  -0.07387
   4.62135  -0.07603
   4.61695  -0.07581
   4.61375  -0.07340
   4.61153  -0.06646
   4.61290  -0.05519
   4.62069  -0.00357
   4.63376  -0.04004
   4.65247  -0.05441
                    
   4.04873   0.77794
   4.05447   0.75618
   4.11415   0.75839
                    
   3.05123   0.05441
   3.07513   0.06795
   3.05279   0.07387
                    
   4.27619  -2.76579
   4.29934  -2.73327
   4.31414  -2.71760
   4.33659  -2.69186
   4.35288  -2.66769
   4.35785  -2.65688
   4.36152  -2.64324
   4.35724  -2.59910
   4.35333  -2.59726
   4.34770  -2.59457
   4.35576  -2.58949
   4.35864  -2.58763
   4.38252  -2.53824
   4.38690  -2.51406
   4.38531  -2.48657
   4.38455  -2.47422
   4.38176  -2.44755
   4.38891  -2.41710
   4.38765  -2.39759
   4.38515  -2.37512
   4.37562  -2.35730
   4.36541  -2.34033
   4.32881  -2.33581
   4.32499  -2.33485
   4.32177  -2.33404
   4.30722  -2.33241
   4.28094  -2.32873
   4.25753  -2.33540
   4.23419  -2.34495
   4.22752  -2.34934
   4.20794  -2.36090
   4.17478  -2.35196
   4.17268  -2.35190
   4.14661  -2.34996
   4.12770  -2.34968
   4.11130  -2.34833
   4.09269  -2.34581
   4.07051  -2.34761
   4.06796  -2.34800
   4.04816  -2.34989
   4.03853  -2.35334
   4.03224  -2.36211
   4.02561  -2.37374
   4.01423  -2.39078
   4.01111  -2.39411
   4.00697  -2.39593
   3.99093  -2.40755
   3.97247  -2.41892
   3.96971  -2.41940
   3.96633  -2.42040
   3.94390  -2.41957
   3.93146  -2.41812
   3.91979  -2.42020
   3.90915  -2.42481
   3.89829  -2.43001
   3.88312  -2.43621
   3.87562  -2.43833
   3.86863  -2.43865
   3.85185  -2.44276
   3.82941  -2.44645
   3.82739  -2.44621
   3.82502  -2.44541
   3.80417  -2.43709
   3.78968  -2.43000
   3.78236  -2.42602
   3.77254  -2.41947
   3.76455  -2.40654
   3.76185  -2.40157
   3.74687  -2.39180
   3.72970  -2.38900
   3.72258  -2.39057
   3.70201  -2.39351
   3.69393  -2.39220
   3.68949  -2.39050
   3.67196  -2.38105
   3.65173  -2.36792
   3.65089  -2.36815
   3.65073  -2.36779
   3.60919  -2.39183
   3.59315  -2.39955
   3.56680  -2.40617
   3.54958  -2.43475
   3.56719  -2.45133
   3.58463  -2.45743
   3.60138  -2.46517
   3.62806  -2.47536
   3.63464  -2.47688
   3.63827  -2.47894
   3.66504  -2.49023
   3.67251  -2.49294
   3.69245  -2.49578
   3.69638  -2.50008
   3.70283  -2.50000
   3.72747  -2.50841
   3.75038  -2.51451
   3.76150  -2.50388
   3.77054  -2.51485
   3.76637  -2.52904
   3.78587  -2.54086
   3.80709  -2.55177
   3.81801  -2.55344
   3.82962  -2.55457
   3.85185  -2.55471
   3.87476  -2.55352
   3.88565  -2.55301
   3.89661  -2.55177
   3.91895  -2.54723
   3.94276  -2.54083
   3.95148  -2.53849
   3.96701  -2.54128
   3.98942  -2.54464
   3.99939  -2.54561
   4.02823  -2.54490
   4.05838  -2.52759
   4.05953  -2.52637
   4.06144  -2.52433
   4.08834  -2.50440
   4.09685  -2.50501
   4.11967  -2.50547
   4.13115  -2.49952
   4.14778  -2.49006
   4.16729  -2.48211
   4.17578  -2.47073
   4.20271  -2.46210
   4.22368  -2.49066
   4.23112  -2.49575
   4.23699  -2.49971
   4.25840  -2.52530
   4.27892  -2.54540
   4.28030  -2.56270
   4.28092  -2.59574
   4.28171  -2.60823
   4.28288  -2.61514
   4.28241  -2.65251
   4.28821  -2.66315
   4.29233  -2.67091
   4.28040  -2.67739
   4.27439  -2.68053
   4.23918  -2.71983
   4.21983  -2.73982
   4.19679  -2.76412
   4.17448  -2.78538
   4.21512  -2.79587
   4.22201  -2.79730
   4.25845  -2.77796
   4.27367  -2.76908
   4.27619  -2.76579
                    
   4.02441  -1.88416
   4.01763  -1.88535
   4.01571  -1.88285
   4.01458  -1.88140
   3.98756  -1.87564
   3.96914  -1.87670
   3.95241  -1.89039
   3.94404  -1.89824
   3.94622  -1.90739
   3.94929  -1.92543
   3.95857  -1.93782
   3.97404  -1.94188
   3.98091  -1.94313
   3.99092  -1.94534
   4.00349  -1.95010
   4.01315  -1.95386
   4.03127  -1.95285
   4.03857  -1.95291
   4.04520  -1.93625
   4.05143  -1.91743
   4.05214  -1.90310
   4.05162  -1.88136
   4.02441  -1.88416
                    
   3.82513  -1.88771
   3.81668  -1.88504
   3.82519  -1.88076
   3.82685  -1.88092
   3.82837  -1.88069
   3.85185  -1.87671
   3.87292  -1.87483
   3.87738  -1.87493
   3.88139  -1.87622
   3.88741  -1.88508
   3.88027  -1.89108
   3.87585  -1.89232
   3.86904  -1.89408
   3.85185  -1.89055
   3.83007  -1.88775
   3.82764  -1.88995
   3.82513  -1.88771
                    
   3.39891  -1.56035
   3.40789  -1.53896
   3.40773  -1.53731
   3.40841  -1.53337
   3.41534  -1.52856
   3.41899  -1.53125
   3.42887  -1.53454
   3.46624  -1.54192
   3.47681  -1.54452
   3.50089  -1.56358
   3.47987  -1.59360
   3.46512  -1.61436
   3.45476  -1.63825
   3.44716  -1.65836
   3.46056  -1.68314
   3.45825  -1.69759
   3.45557  -1.72098
   3.44663  -1.74691
   3.44329  -1.75810
   3.43487  -1.78643
   3.44432  -1.80915
   3.46696  -1.83960
   3.46970  -1.84093
   3.47425  -1.84317
   3.47672  -1.85189
   3.48881  -1.88634
   3.51045  -1.88020
   3.52893  -1.87620
   3.54790  -1.86272
   3.56667  -1.86143
   3.58362  -1.86128
   3.59609  -1.86186
   3.63146  -1.86659
   3.63742  -1.88831
   3.64927  -1.90486
   3.66072  -1.92064
   3.65281  -1.92945
   3.64379  -1.94042
   3.64324  -1.95806
   3.63386  -1.96066
   3.61250  -1.96583
   3.60322  -1.96876
   3.58513  -1.97991
   3.57803  -1.98064
   3.55736  -1.98401
   3.54213  -1.98785
   3.52167  -1.99463
   3.50291  -1.98818
   3.49244  -1.99907
   3.46539  -2.00809
   3.45346  -2.01303
   3.44410  -2.01826
   3.41086  -2.04052
   3.40588  -2.04349
   3.39644  -2.04464
   3.36410  -2.04735
   3.34014  -2.05066
   3.32143  -2.05461
   3.30510  -2.04245
   3.28822  -2.01590
   3.28805  -2.01560
   3.27216  -1.98872
   3.26623  -1.95699
   3.26571  -1.95333
   3.26214  -1.91901
   3.26873  -1.89475
   3.28006  -1.84575
   3.28202  -1.83767
   3.28283  -1.83448
   3.28635  -1.82446
   3.30323  -1.78252
   3.31973  -1.75033
   3.32369  -1.72349
   3.32681  -1.70708
   3.33283  -1.68008
   3.34227  -1.65708
   3.37731  -1.61122
   3.38263  -1.60747
   3.38999  -1.60240
   3.39132  -1.59490
   3.39891  -1.56035
                    
   3.34018  -2.78485
   3.34318  -2.78324
   3.36733  -2.76363
   3.37278  -2.73761
   3.37505  -2.72810
   3.36317  -2.71457
   3.33674  -2.68178
   3.32490  -2.65086
   3.31502  -2.61713
   3.31330  -2.61034
   3.34160  -2.59034
   3.32464  -2.56535
   3.31188  -2.54476
   3.30833  -2.51056
   3.30384  -2.48306
   3.30079  -2.45518
   3.33707  -2.45442
   3.33713  -2.44138
   3.33922  -2.40571
   3.35126  -2.39175
   3.35493  -2.38340
   3.36404  -2.38277
   3.38869  -2.36064
   3.40303  -2.34887
   3.42783  -2.34156
   3.44202  -2.34507
   3.45556  -2.35146
   3.46783  -2.37060
   3.47162  -2.38620
   3.47949  -2.41235
   3.48882  -2.42086
   3.49544  -2.43278
   3.48108  -2.43669
   3.47408  -2.43869
   3.45465  -2.44479
   3.42762  -2.43531
   3.41432  -2.42974
   3.40238  -2.42617
   3.36942  -2.41397
   3.35587  -2.45302
   3.35361  -2.46115
   3.38462  -2.49383
   3.38085  -2.51100
   3.37689  -2.53477
   3.37576  -2.56615
   3.37576  -2.56698
   3.34988  -2.59283
   3.38881  -2.62971
   3.39335  -2.64277
   3.40395  -2.66974
   3.41388  -2.68862
   3.43778  -2.72830
   3.40738  -2.73372
   3.44538  -2.74717
   3.46325  -2.78956
   3.46932  -2.80199
   3.47883  -2.81277
   3.52010  -2.85464
   3.52760  -2.86204
   3.52965  -2.86339
   3.54919  -2.87343
   3.58721  -2.89376
   3.63050  -2.91368
   3.65018  -2.91932
   3.66230  -2.91768
   3.67304  -2.91443
   3.72000  -2.91442
   3.75445  -2.91245
   3.78655  -2.91312
   3.82222  -2.91615
   3.85185  -2.91756
   3.88483  -2.91775
   3.91744  -2.91631
   3.94455  -2.91574
   3.98503  -2.92198
   3.99143  -2.92274
   3.99667  -2.95305
   3.99745  -2.95582
                    
   4.36352  -1.54848
   4.36283  -1.55068
   4.34940  -1.57371
   4.34670  -1.57824
   4.35205  -1.61051
   4.37141  -1.64711
   4.37199  -1.64854
   4.38549  -1.68458
   4.39225  -1.71322
   4.39530  -1.72899
   4.39643  -1.75501
   4.40608  -1.77859
   4.41375  -1.81858
   4.41564  -1.83193
   4.41603  -1.84094
   4.41442  -1.90129
   4.41241  -1.90193
   4.40567  -1.90842
   4.38581  -1.93153
   4.36877  -1.94942
   4.35552  -1.96612
   4.33379  -1.96905
   4.31587  -1.97477
   4.29425  -1.98190
   4.27385  -1.98695
   4.26387  -1.98280
   4.25185  -1.98014
   4.24511  -1.96529
   4.25824  -1.95400
   4.26518  -1.92803
   4.26860  -1.91075
   4.25192  -1.88654
   4.25558  -1.86809
   4.25852  -1.84710
   4.27311  -1.82542
   4.27572  -1.81100
   4.27877  -1.78791
   4.26288  -1.75564
   4.25957  -1.74933
   4.24303  -1.72058
   4.23831  -1.70610
   4.22312  -1.66759
   4.22556  -1.65700
   4.21658  -1.64578
   4.18462  -1.59882
   4.18191  -1.59498
   4.18142  -1.59429
   4.18010  -1.59295
   4.13764  -1.55379
   4.11832  -1.53777
   4.09795  -1.51373
   4.09419  -1.50085
   4.08715  -1.47950
   4.06065  -1.46282
   4.04316  -1.45271
   3.99143  -1.43964
   3.98015  -1.43907
   3.97327  -1.43881
   3.91623  -1.43084
   3.86585  -1.42499
   3.85185  -1.42256
   3.82540  -1.41872
   3.78633  -1.41778
   3.75732  -1.41887
   3.71870  -1.41154
   3.71243  -1.41057
   3.70653  -1.38065
   3.70625  -1.37752
                    
   3.78499  -4.40020
   3.78373  -4.39892
   3.77210  -4.40025
   3.76867  -4.40029
   3.76766  -4.40398
   3.76557  -4.41633
   3.76591  -4.41928
   3.76839  -4.42033
   3.78217  -4.41425
   3.78627  -4.40145
   3.78499  -4.40020
                    
   3.76692  -4.27458
   3.76251  -4.27485
   3.76112  -4.27049
   3.76111  -4.26980
   3.76130  -4.26910
   3.76290  -4.25870
   3.76519  -4.25009
   3.76638  -4.24787
   3.76919  -4.24756
   3.78095  -4.25348
   3.78623  -4.26519
   3.78496  -4.26644
   3.78371  -4.26771
   3.77628  -4.26992
   3.76759  -4.27362
   3.76725  -4.27410
   3.76692  -4.27458
                    
   4.28802  -4.95625
   4.22121  -4.96782
   4.21962  -4.96801
   4.21718  -4.96610
   4.19005  -4.94367
   4.19717  -4.93145
   4.21037  -4.90656
   4.22549  -4.87858
   4.22885  -4.87175
   4.25519  -4.84174
   4.24948  -4.81167
   4.25046  -4.80837
   4.25823  -4.77805
   4.26651  -4.74799
   4.26796  -4.74231
   4.27425  -4.71279
   4.26157  -4.68835
   4.23717  -4.67571
   4.22064  -4.67412
   4.18706  -4.66855
   4.17667  -4.66770
   4.16682  -4.66677
   4.13694  -4.67309
   4.11942  -4.67552
   4.09857  -4.68568
   4.06877  -4.69785
   4.06350  -4.69992
   4.05949  -4.70145
   4.03649  -4.70804
   4.02759  -4.71020
   3.99901  -4.71348
   3.99017  -4.71336
   3.97343  -4.71251
   3.95312  -4.71129
   3.94095  -4.71185
   3.91903  -4.71433
   3.89403  -4.71561
   3.88523  -4.71490
   3.87738  -4.71603
   3.85185  -4.72020
   3.83034  -4.72234
   3.81783  -4.72217
   3.80362  -4.72212
   3.78374  -4.71964
   3.76469  -4.71628
   3.74976  -4.71435
   3.73034  -4.71246
   3.71513  -4.70897
   3.70227  -4.70551
   3.68034  -4.70114
   3.65597  -4.69011
   3.64793  -4.68653
   3.64108  -4.68331
   3.61687  -4.66892
   3.59326  -4.65147
   3.58980  -4.64564
   3.58381  -4.63492
   3.56622  -4.61896
   3.54360  -4.60168
   3.54985  -4.58675
   3.56045  -4.56507
   3.57197  -4.56819
   3.59194  -4.57231
   3.60984  -4.57535
   3.62777  -4.57700
   3.64037  -4.57735
   3.64802  -4.57625
   3.68878  -4.56562
   3.68907  -4.56557
   3.68922  -4.56559
   3.68951  -4.56565
   3.71904  -4.56337
   3.72967  -4.56143
   3.74445  -4.56365
   3.75856  -4.57111
   3.76410  -4.57442
   3.77096  -4.57824
   3.78476  -4.58371
   3.79631  -4.58951
   3.80495  -4.59932
   3.82224  -4.61560
   3.82293  -4.62283
   3.82612  -4.62746
   3.83465  -4.63378
   3.85185  -4.64319
   3.86183  -4.64787
   3.88028  -4.65823
   3.89297  -4.64017
   3.89695  -4.61355
   3.90066  -4.61012
   3.91382  -4.59646
   3.92124  -4.59230
   3.93126  -4.58571
   3.94001  -4.57555
   3.94413  -4.57024
   3.95766  -4.56024
   3.97401  -4.55582
   3.97929  -4.55406
   3.98574  -4.55173
   4.00056  -4.54571
   4.01276  -4.54311
   4.02841  -4.54374
   4.04290  -4.54322
   4.05642  -4.54618
   4.06333  -4.54482
   4.08843  -4.54355
   4.09988  -4.54145
   4.10373  -4.54061
   4.11038  -4.54010
   4.14043  -4.53540
   4.15230  -4.53193
   4.16666  -4.53211
   4.19802  -4.53320
   4.21007  -4.53278
   4.22037  -4.53004
   4.25102  -4.51947
   4.26281  -4.51452
   4.27378  -4.51323
   4.30411  -4.51411
   4.32076  -4.51297
   4.32679  -4.51240
   4.34369  -4.51235
   4.36384  -4.51159
   4.37238  -4.52279
   4.38547  -4.54160
   4.38820  -4.56297
   4.38991  -4.58424
   4.38886  -4.61074
   4.39809  -4.63087
   4.40003  -4.64982
   4.40139  -4.67463
   4.39352  -4.71213
   4.39342  -4.71255
   4.37186  -4.75388
   4.37070  -4.76870
   4.36598  -4.80510
   4.36172  -4.82251
   4.35515  -4.83663
   4.32969  -4.87961
   4.32024  -4.89154
   4.31556  -4.89728
   4.31234  -4.90513
   4.28802  -4.95625
                    
   3.98876  -4.03193
   3.96782  -4.03537
   3.95943  -4.03777
   3.93808  -4.04550
   3.92780  -4.04988
   3.92364  -4.05118
   3.91674  -4.05703
   3.92053  -4.06358
   3.92360  -4.06558
   3.92795  -4.06777
   3.94283  -4.08338
   3.94967  -4.09178
   3.96119  -4.09885
   3.97399  -4.10216
   3.98386  -4.10468
   3.99708  -4.10876
   4.00643  -4.11257
   4.01374  -4.11515
   4.03176  -4.11893
   4.04059  -4.12136
   4.06034  -4.10518
   4.07141  -4.11377
   4.09755  -4.11148
   4.10799  -4.11139
   4.11296  -4.11424
   4.12114  -4.11922
   4.14364  -4.12902
   4.15330  -4.13168
   4.16674  -4.13469
   4.19857  -4.12212
   4.19305  -4.09442
   4.16537  -4.09387
   4.15741  -4.07694
   4.15137  -4.06541
   4.13071  -4.05448
   4.11861  -4.04711
   4.09904  -4.03874
   4.06653  -4.02792
   4.06587  -4.02769
   4.06542  -4.02750
   4.06410  -4.02744
   4.02321  -4.03654
   4.01677  -4.03865
   3.99260  -4.03150
   3.98876  -4.03193
                    
   3.37484  -3.77194
   3.36064  -3.78770
   3.33599  -3.81747
   3.31780  -3.85138
   3.31083  -3.87936
   3.30717  -3.89720
   3.30841  -3.92123
   3.29820  -3.94566
   3.27897  -3.99327
   3.27634  -4.00106
   3.27502  -4.00509
   3.27039  -4.01900
   3.25952  -4.05712
   3.25022  -4.09344
   3.25136  -4.11477
   3.25593  -4.15505
   3.26044  -4.16453
   3.28880  -4.18044
   3.29651  -4.18453
   3.31909  -4.19907
   3.32601  -4.20145
   3.33131  -4.19980
   3.33913  -4.19595
   3.37021  -4.19135
   3.39350  -4.18926
   3.41761  -4.18562
   3.43328  -4.18099
   3.45186  -4.17655
   3.46814  -4.16822
   3.48338  -4.16151
   3.49949  -4.14762
   3.52429  -4.14421
   3.53149  -4.14364
   3.55343  -4.14052
   3.56881  -4.13515
   3.59623  -4.12300
   3.59872  -4.12207
   3.59972  -4.12177
   3.60221  -4.12104
   3.63223  -4.11371
   3.64230  -4.10016
   3.65621  -4.10017
   3.68570  -4.10324
   3.68912  -4.10263
   3.69007  -4.10228
   3.69151  -4.10183
   3.71693  -4.09965
   3.72978  -4.09970
   3.74181  -4.09734
   3.75471  -4.09234
   3.76291  -4.08896
   3.77145  -4.08577
   3.78463  -4.08248
   3.79601  -4.07681
   3.80451  -4.06482
   3.81537  -4.05187
   3.79943  -4.03602
   3.78722  -4.02586
   3.76823  -4.02124
   3.74024  -4.02168
   3.73875  -4.02178
   3.73843  -4.02170
   3.73762  -4.02151
   3.70639  -4.02140
   3.68792  -4.02960
   3.66631  -4.01196
   3.66524  -4.01116
   3.63850  -4.01166
   3.62887  -4.01488
   3.60303  -4.01738
   3.58907  -4.02016
   3.58340  -4.02147
   3.57179  -4.02339
   3.54740  -4.02888
   3.52848  -4.03773
   3.50922  -4.02840
   3.48224  -4.00918
   3.47276  -4.00405
   3.46673  -4.00087
   3.43923  -3.98171
   3.43270  -3.95340
   3.44411  -3.92559
   3.45026  -3.91009
   3.46049  -3.88726
   3.46513  -3.87246
   3.47931  -3.83521
   3.47680  -3.82369
   3.48522  -3.80972
   3.50086  -3.77324
   3.50727  -3.76031
   3.51338  -3.74708
   3.53088  -3.71376
   3.48993  -3.69746
   3.48882  -3.69520
   3.48765  -3.69279
   3.48345  -3.69524
   3.47940  -3.69764
   3.41994  -3.71651
   3.38677  -3.75396
   3.37742  -3.76793
   3.37484  -3.77194
                    
   3.33446  -4.94674
   3.33501  -4.94584
   3.34392  -4.93866
   3.36067  -4.92483
   3.36067  -4.91870
   3.36145  -4.89183
   3.32859  -4.85659
   3.32238  -4.84192
   3.31147  -4.81319
   3.30560  -4.79169
   3.29818  -4.75800
   3.31548  -4.74812
   3.30154  -4.71867
   3.29904  -4.69568
   3.29756  -4.67251
   3.29265  -4.65619
   3.28377  -4.62097
   3.28129  -4.59939
   3.27972  -4.59154
   3.28095  -4.58028
   3.30328  -4.53385
   3.30366  -4.53306
   3.30371  -4.53296
   3.30388  -4.53278
   3.33648  -4.50153
   3.37096  -4.50836
   3.37814  -4.50941
   3.38203  -4.51056
   3.40515  -4.51640
   3.43310  -4.52049
   3.43823  -4.52144
   3.44319  -4.52390
   3.45291  -4.53297
   3.46713  -4.55545
   3.48058  -4.57426
   3.50490  -4.57627
   3.50985  -4.60092
   3.48434  -4.60777
   3.47280  -4.61168
   3.44753  -4.63110
   3.42481  -4.64871
   3.41413  -4.65318
   3.40511  -4.67508
   3.39405  -4.69502
   3.38907  -4.70469
   3.39067  -4.72031
   3.39665  -4.75724
   3.38830  -4.76899
   3.40451  -4.78067
   3.41601  -4.83027
   3.41849  -4.83860
   3.42193  -4.84569
   3.44227  -4.88314
   3.45353  -4.90220
   3.45593  -4.90524
   3.45783  -4.90921
   3.46338  -4.93016
   3.47141  -4.96124
   3.47369  -4.96884
   3.47971  -4.97791
   3.51426  -5.02410
   3.51746  -5.03042
   3.52326  -5.03799
   3.54627  -5.05378
   3.58176  -5.07541
   3.59914  -5.08507
   3.64419  -5.10833
   3.66816  -5.08936
   3.67504  -5.08157
   3.72106  -5.07511
   3.74302  -5.07083
   3.78735  -5.07062
   3.83907  -5.07437
   3.85185  -5.07544
   3.86877  -5.07651
   3.91674  -5.07503
   3.95475  -5.07518
   3.98407  -5.08317
   4.00214  -5.08735
   4.00766  -5.11162
   4.00852  -5.12036
                    
   4.36924  -3.71993
   4.36856  -3.72054
   4.35090  -3.74847
   4.36019  -3.77924
   4.37615  -3.80904
   4.38393  -3.82747
   4.39396  -3.85406
   4.39727  -3.87567
   4.40006  -3.90164
   4.39718  -3.92197
   4.40772  -3.94411
   4.42107  -3.99735
   4.42192  -4.00166
   4.42222  -4.00403
   4.42345  -4.01485
   4.42710  -4.06509
   4.42987  -4.07854
   4.42702  -4.09650
   4.40923  -4.13046
   4.40530  -4.13708
   4.40270  -4.14106
   4.39192  -4.15662
   4.37237  -4.18180
   4.34331  -4.17214
   4.32598  -4.16798
   4.32130  -4.16700
   4.31443  -4.16497
   4.27489  -4.15607
   4.26198  -4.15419
   4.24456  -4.15021
   4.22649  -4.12710
   4.24320  -4.10739
   4.24771  -4.10165
   4.25032  -4.07358
   4.26035  -4.04730
   4.26244  -4.04426
   4.27919  -4.01803
   4.28696  -4.00994
   4.28430  -3.97047
   4.28224  -3.95515
   4.26812  -3.92452
   4.26561  -3.91958
   4.24729  -3.88758
   4.24052  -3.87013
   4.22462  -3.83539
   4.22225  -3.82365
   4.21398  -3.81616
   4.19086  -3.77867
   4.18045  -3.76418
   4.17819  -3.76116
   4.17533  -3.75691
   4.14143  -3.71233
   4.13096  -3.70268
   4.12325  -3.69050
   4.10759  -3.64884
   4.10775  -3.64520
   4.10784  -3.64269
   4.10399  -3.64059
   4.09728  -3.63701
   4.04768  -3.60250
   4.01357  -3.59971
   3.98065  -3.60288
   3.97147  -3.60406
   3.91589  -3.60137
   3.85691  -3.59639
   3.85185  -3.59581
   3.84420  -3.59500
   3.78726  -3.59508
   3.74434  -3.59486
   3.71998  -3.58544
   3.70192  -3.57925
   3.69751  -3.55395
   3.69519  -3.54631
                    
