  -0.08803   0.32852
  -0.06969   0.33807
  -0.05980   0.33912
  -0.05102   0.33980
  -0.03025   0.34581
  -0.01079   0.34617
  -0.00000   0.34577
   0.00997   0.34511
   0.03002   0.34312
   0.05225   0.33733
   0.05934   0.33656
   0.06700   0.33555
   0.08751   0.32658
   0.11182   0.31666
   0.11527   0.31670
   0.12108   0.31668
   0.14152   0.30350
   0.15517   0.29242
   0.16303   0.28542
   0.16277   0.28193
   0.15570   0.23730
   0.12161   0.21063
   0.08767   0.17342
   0.08218   0.17063
   0.07947   0.17043
   0.07332   0.16862
   0.05802   0.15941
   0.05371   0.15624
   0.04079   0.15222
   0.03943   0.15175
   0.02811   0.14702
   0.02596   0.14722
   0.02369   0.14740
   0.01249   0.14279
   0.00390   0.14302
  -0.00000   0.14303
  -0.00392   0.14292
  -0.01244   0.14218
  -0.02372   0.14746
  -0.02597   0.14728
  -0.02811   0.14708
  -0.03792   0.15213
  -0.04114   0.15353
  -0.05365   0.15873
  -0.05989   0.16455
  -0.07790   0.17802
  -0.08362   0.18999
  -0.10060   0.22144
  -0.11388   0.24422
  -0.12041   0.25384
  -0.12194   0.25629
  -0.12323   0.25986
  -0.12274   0.26321
  -0.11769   0.28715
  -0.11241   0.30885
  -0.11202   0.31017
  -0.10928   0.31248
  -0.08803   0.32852
                    
  -0.35123  -0.41857
  -0.37940  -0.42280
  -0.41081  -0.41081
  -0.43999  -0.37644
  -0.44300  -0.37172
  -0.44716  -0.36502
  -0.47096  -0.32977
  -0.48280  -0.30004
  -0.47928  -0.27671
  -0.47583  -0.25979
  -0.45712  -0.26392
  -0.43832  -0.26707
  -0.42426  -0.26860
  -0.38554  -0.26996
  -0.37759  -0.27121
  -0.37146  -0.26907
  -0.32994  -0.27685
  -0.32143  -0.27774
  -0.30981  -0.28021
  -0.28401  -0.28401
  -0.26823  -0.30531
  -0.25465  -0.30348
  -0.22457  -0.29696
  -0.21417  -0.29566
  -0.20596  -0.29415
  -0.16730  -0.28565
  -0.16561  -0.28512
  -0.16204  -0.28066
  -0.13765  -0.24820
  -0.12196  -0.23628
  -0.10734  -0.23019
  -0.09527  -0.22379
  -0.08405  -0.21670
  -0.07799  -0.21427
  -0.06446  -0.20778
  -0.05354  -0.19980
  -0.04963  -0.19863
  -0.03400  -0.19285
  -0.03154  -0.19175
  -0.01924  -0.18740
  -0.01636  -0.18699
  -0.01345  -0.18763
  -0.00000  -0.19218
   0.00743  -0.19418
   0.01609  -0.19737
   0.01734  -0.19824
   0.02101  -0.20299
   0.03848  -0.21825
   0.04608  -0.22360
   0.05748  -0.23633
   0.06537  -0.24395
   0.07906  -0.25396
   0.09241  -0.26835
   0.09428  -0.29549
   0.08314  -0.31027
   0.07307  -0.32287
   0.06412  -0.33277
   0.05877  -0.33328
   0.05403  -0.33366
   0.03016  -0.34473
   0.01343  -0.34954
  -0.00000  -0.35071
  -0.01491  -0.35139
  -0.03090  -0.35316
  -0.04467  -0.35159
  -0.06218  -0.35265
  -0.08685  -0.35260
  -0.09397  -0.35070
  -0.10218  -0.34605
  -0.12705  -0.34906
  -0.12911  -0.34921
  -0.15539  -0.34838
  -0.16224  -0.34792
  -0.17872  -0.34906
  -0.19546  -0.33855
  -0.21313  -0.32609
  -0.23326  -0.34654
  -0.25999  -0.37130
  -0.26362  -0.37283
  -0.26367  -0.37531
  -0.26492  -0.37617
  -0.30923  -0.39562
  -0.32074  -0.39964
  -0.34580  -0.41752
  -0.35123  -0.41857
                    
   0.47342  -0.27333
   0.46919  -0.30436
   0.45934  -0.32163
   0.44693  -0.34630
   0.43751  -0.36712
   0.43222  -0.37787
   0.40930  -0.40930
   0.37917  -0.42431
   0.35744  -0.42599
   0.33469  -0.42648
   0.31989  -0.40479
   0.30632  -0.39788
   0.27209  -0.37778
   0.26898  -0.37153
   0.28710  -0.34215
   0.29683  -0.32347
   0.31087  -0.31087
   0.32400  -0.30547
   0.34665  -0.30037
   0.35955  -0.30169
   0.38288  -0.30288
   0.40429  -0.29781
   0.41913  -0.29348
   0.44110  -0.28351
   0.46527  -0.26862
   0.47439  -0.26241
   0.47342  -0.27333
                    
   0.36535   0.38476
   0.37735   0.38924
   0.38299   0.38944
   0.38757   0.38757
   0.39202   0.38282
   0.41595   0.34902
   0.41977   0.34307
   0.40674   0.31955
   0.39040   0.31581
   0.38403   0.31417
   0.35698   0.28801
   0.34630   0.29058
   0.32331   0.29483
   0.29637   0.29637
   0.28272   0.32208
   0.29572   0.35062
   0.32458   0.36255
   0.33868   0.37072
   0.36535   0.38476
                    
  -0.44260   0.29509
  -0.45761   0.29068
  -0.45918   0.30720
  -0.45431   0.31811
  -0.44628   0.33369
  -0.43357   0.36381
  -0.42635   0.37885
  -0.40565   0.40565
  -0.38035   0.41612
  -0.34920   0.41468
  -0.33885   0.40383
  -0.32255   0.38649
  -0.32117   0.38599
  -0.31636   0.38421
  -0.28748   0.35741
  -0.29084   0.34661
  -0.29672   0.32346
  -0.30896   0.30896
  -0.32398   0.30512
  -0.34437   0.30297
  -0.36544   0.30664
  -0.38353   0.30880
  -0.39783   0.30639
  -0.42762   0.29942
  -0.44260   0.29509
                    
   0.70375  -0.00000
   0.70748  -0.04341
   0.70749  -0.06190
   0.69985  -0.07054
   0.69359  -0.07625
   0.68251  -0.07779
   0.65748  -0.06793
   0.61996  -0.05472
   0.61960  -0.05485
   0.61948  -0.05443
   0.61949  -0.05420
   0.61951  -0.05396
   0.62002  -0.04980
   0.64870  -0.00000
   0.65386   0.01056
   0.66079   0.01584
   0.68010   0.03165
   0.69597   0.05014
   0.70375  -0.00000
                    
  -0.31505  -0.73804
  -0.28775  -0.74030
  -0.26879  -0.73850
  -0.23135  -0.73321
  -0.20772  -0.73469
  -0.19722  -0.73604
  -0.18415  -0.73935
  -0.13253  -0.75161
  -0.07496  -0.76090
  -0.06663  -0.76164
  -0.05808  -0.76227
  -0.00000  -0.76408
   0.05649  -0.76160
   0.06655  -0.76070
   0.07796  -0.75897
   0.13114  -0.74376
   0.16078  -0.73336
   0.19396  -0.72385
   0.22605  -0.71691
   0.25861  -0.71052
   0.31318  -0.69633
   0.32305  -0.69278
   0.32928  -0.69122
   0.33603  -0.69153
   0.34013  -0.69718
   0.36135  -0.71651
                    
   0.31505   0.73804
   0.33565   0.71981
   0.34920   0.69723
   0.35181   0.68363
   0.33551   0.68296
   0.32008   0.68641
   0.29415   0.69506
   0.25666   0.70517
   0.23213   0.71066
   0.19253   0.71851
   0.15159   0.73072
   0.13023   0.73854
   0.08919   0.75149
   0.06612   0.75573
   0.04512   0.75666
  -0.00000   0.75369
  -0.03083   0.75006
  -0.06536   0.74706
  -0.10894   0.73741
  -0.12877   0.73028
  -0.13829   0.72661
  -0.19045   0.71076
  -0.24025   0.70202
  -0.25476   0.69994
  -0.28627   0.69435
  -0.31957   0.68531
  -0.33682   0.68118
  -0.35432   0.68233
  -0.35948   0.69712
  -0.36135   0.71651
                    
  -0.11121  -1.85487
  -0.11250  -1.85613
  -0.11272  -1.85697
  -0.11870  -1.88794
  -0.12084  -1.90752
  -0.12114  -1.90847
  -0.12080  -1.90984
  -0.12016  -1.91092
  -0.10441  -1.94699
  -0.08716  -1.98516
  -0.08391  -1.99140
  -0.08217  -1.99297
  -0.08072  -1.99356
  -0.07788  -1.99403
  -0.06015  -2.00140
  -0.05354  -2.00501
  -0.04251  -2.00801
  -0.02832  -2.01246
  -0.02731  -2.01285
  -0.02712  -2.01286
  -0.02691  -2.01286
  -0.01302  -2.01784
  -0.00276  -2.01919
  -0.00000  -2.01853
   0.00243  -2.01799
   0.01282  -2.02009
   0.02417  -2.01828
   0.02617  -2.01825
   0.02797  -2.01826
   0.03997  -2.01751
   0.04355  -2.01605
   0.05373  -2.01264
   0.05695  -2.01021
   0.06833  -2.00279
   0.07798  -1.99943
   0.08215  -1.99861
   0.08933  -1.99409
   0.11836  -1.96167
   0.12139  -1.95875
   0.12310  -1.95690
   0.12775  -1.95201
   0.15424  -1.92842
   0.15857  -1.89202
   0.15886  -1.88344
   0.14816  -1.87063
   0.14144  -1.86334
   0.12221  -1.84922
   0.11621  -1.84739
   0.11069  -1.84581
   0.08885  -1.83507
   0.06763  -1.83052
   0.05952  -1.82910
   0.05154  -1.82789
   0.02983  -1.82571
   0.00691  -1.82567
  -0.00000  -1.82579
  -0.00664  -1.82604
  -0.02958  -1.82851
  -0.05283  -1.83051
  -0.05923  -1.83074
  -0.06693  -1.83118
  -0.08877  -1.83536
  -0.11121  -1.85487
                    
  -0.00000  -2.51345
  -0.01123  -2.51340
  -0.03096  -2.52057
  -0.04460  -2.51836
  -0.06266  -2.52203
  -0.09589  -2.52596
  -0.09624  -2.52583
  -0.09673  -2.52549
  -0.12733  -2.51650
  -0.12860  -2.51606
  -0.15726  -2.50467
  -0.15762  -2.50468
  -0.15818  -2.50460
  -0.15792  -2.50383
  -0.15773  -2.50264
  -0.15330  -2.46007
  -0.15057  -2.44521
  -0.13802  -2.41466
  -0.12202  -2.40165
  -0.10801  -2.39829
  -0.08891  -2.39305
  -0.08356  -2.39116
  -0.08163  -2.39095
  -0.07857  -2.39058
  -0.05814  -2.38364
  -0.04826  -2.37752
  -0.03554  -2.36823
  -0.02557  -2.35930
  -0.01926  -2.35400
  -0.01626  -2.35257
  -0.01326  -2.35396
  -0.00429  -2.36094
  -0.00000  -2.36635
   0.01204  -2.37912
   0.02076  -2.40392
   0.03191  -2.40779
   0.04100  -2.41040
   0.04336  -2.41260
   0.05544  -2.42272
   0.07054  -2.42993
   0.07499  -2.43601
   0.07845  -2.43943
   0.07722  -2.44507
   0.07520  -2.44733
   0.07117  -2.45149
   0.05371  -2.47128
   0.04556  -2.47910
   0.02814  -2.48830
   0.02271  -2.49692
   0.01102  -2.51314
  -0.00000  -2.51345
                    
  -0.32226  -2.55556
  -0.31790  -2.55536
  -0.26774  -2.54904
  -0.26240  -2.54812
  -0.25727  -2.54640
  -0.25223  -2.54041
  -0.25742  -2.53431
  -0.26762  -2.50823
  -0.27190  -2.49071
  -0.27260  -2.48734
  -0.27575  -2.48045
  -0.28648  -2.45314
  -0.30520  -2.45189
  -0.32212  -2.44972
  -0.33667  -2.44917
  -0.36353  -2.44635
  -0.38122  -2.45744
  -0.40992  -2.45370
  -0.41196  -2.45378
  -0.44160  -2.45372
  -0.46651  -2.44284
  -0.46710  -2.47164
  -0.45939  -2.48834
  -0.44664  -2.50643
  -0.43156  -2.52879
  -0.41828  -2.54672
  -0.39989  -2.56656
  -0.38164  -2.57193
  -0.36273  -2.56957
  -0.32834  -2.55797
  -0.32226  -2.55556
                    
   0.42154  -2.52038
   0.40394  -2.54845
   0.39385  -2.56052
   0.38210  -2.56736
   0.35696  -2.57469
   0.34328  -2.55199
   0.33800  -2.53801
   0.32498  -2.50780
   0.31817  -2.49705
   0.32000  -2.49102
   0.32215  -2.48882
   0.32435  -2.48767
   0.32923  -2.48603
   0.35292  -2.49160
   0.37698  -2.49837
   0.38516  -2.50033
   0.39433  -2.49755
   0.44365  -2.47824
   0.42154  -2.52038
                    
  -0.36100  -1.80566
  -0.35127  -1.80784
  -0.32496  -1.81509
  -0.30024  -1.81991
  -0.30624  -1.84264
  -0.31513  -1.85154
  -0.32423  -1.85484
  -0.33842  -1.85707
  -0.35661  -1.84184
  -0.36006  -1.81667
  -0.36100  -1.80566
                    
   0.68870  -2.09704
   0.69385  -2.09276
   0.69907  -2.09777
   0.70318  -2.10515
   0.70335  -2.11728
   0.69714  -2.13703
   0.68480  -2.12636
   0.68499  -2.10674
   0.68870  -2.09704
                    
  -0.13960  -2.95690
  -0.13977  -2.95664
  -0.13757  -2.94685
  -0.13249  -2.92401
  -0.07107  -2.93005
  -0.06680  -2.93019
  -0.06242  -2.93073
  -0.00000  -2.93396
   0.06529  -2.93189
   0.06694  -2.93181
   0.06859  -2.93160
   0.13226  -2.91674
   0.17434  -2.90363
   0.19584  -2.89755
   0.21645  -2.89308
   0.26113  -2.88411
   0.30448  -2.87265
   0.31472  -2.87624
   0.33801  -2.89152
   0.33987  -2.89361
                    
   0.13960  -1.37643
   0.13950  -1.37650
   0.13419  -1.40962
   0.13349  -1.40958
   0.07918  -1.40849
   0.06637  -1.40804
   0.05046  -1.40765
  -0.00000  -1.41183
  -0.03162  -1.41623
  -0.06534  -1.41980
  -0.10301  -1.42490
  -0.12980  -1.43053
  -0.15170  -1.43591
  -0.19295  -1.44657
  -0.22887  -1.45263
  -0.25814  -1.45743
  -0.31476  -1.47026
  -0.32349  -1.47294
  -0.32815  -1.47399
  -0.33349  -1.47391
  -0.33502  -1.46957
  -0.33987  -1.43972
                    
  -0.10962  -4.02097
  -0.11215  -4.02306
  -0.11254  -4.02414
  -0.11561  -4.03342
  -0.12623  -4.06264
  -0.12842  -4.06951
  -0.12597  -4.07900
  -0.12116  -4.08599
  -0.10356  -4.11124
  -0.10263  -4.11282
  -0.08327  -4.14744
  -0.07913  -4.15585
  -0.05915  -4.17083
  -0.05369  -4.17598
  -0.04136  -4.18210
  -0.04037  -4.18268
  -0.02820  -4.18717
  -0.02580  -4.18700
  -0.02325  -4.18686
  -0.01244  -4.19109
  -0.00400  -4.19074
  -0.00000  -4.19051
   0.00392  -4.19040
   0.01245  -4.19102
   0.02281  -4.18779
   0.02564  -4.18791
   0.02828  -4.18806
   0.03970  -4.18519
   0.04462  -4.18303
   0.05373  -4.17974
   0.05682  -4.17722
   0.06934  -4.16847
   0.07858  -4.16482
   0.08217  -4.16408
   0.08894  -4.16056
   0.11654  -4.13147
   0.12122  -4.12729
   0.12497  -4.12468
   0.15957  -4.10545
   0.16267  -4.10408
   0.16499  -4.10240
   0.16831  -4.09785
   0.17177  -4.08802
   0.16574  -4.07177
   0.16304  -4.05094
   0.16253  -4.04817
   0.14785  -4.03715
   0.14047  -4.03209
   0.11951  -4.01774
   0.11499  -4.01741
   0.11197  -4.01723
   0.08755  -4.00660
   0.06630  -3.99845
   0.05924  -3.99735
   0.05246  -3.99643
   0.02994  -3.99114
   0.00920  -3.98925
  -0.00000  -3.98868
  -0.00989  -3.98834
  -0.03014  -3.98882
  -0.05147  -3.99443
  -0.05963  -3.99517
  -0.06866  -3.99621
  -0.08798  -4.00499
  -0.10962  -4.02097
                    
  -0.33974  -4.73822
  -0.35204  -4.74560
  -0.38043  -4.74882
  -0.40614  -4.73947
  -0.43000  -4.71158
  -0.43721  -4.70019
  -0.44705  -4.68356
  -0.46372  -4.65804
  -0.47247  -4.63670
  -0.46733  -4.60811
  -0.44019  -4.61094
  -0.41945  -4.60938
  -0.38802  -4.60503
  -0.37775  -4.60526
  -0.37159  -4.60222
  -0.33148  -4.61148
  -0.32168  -4.61292
  -0.30865  -4.61482
  -0.28351  -4.61685
  -0.26828  -4.63974
  -0.25475  -4.63693
  -0.22650  -4.62882
  -0.21421  -4.62803
  -0.20412  -4.62485
  -0.17008  -4.61733
  -0.16572  -4.61599
  -0.14615  -4.58648
  -0.14154  -4.57934
  -0.12206  -4.56723
  -0.10599  -4.56063
  -0.09732  -4.55624
  -0.08412  -4.54832
  -0.07708  -4.54512
  -0.06031  -4.53569
  -0.05257  -4.52954
  -0.04988  -4.52875
  -0.03636  -4.52422
  -0.03355  -4.52363
  -0.01955  -4.51985
  -0.01629  -4.51950
  -0.01291  -4.52000
  -0.00000  -4.52388
   0.01503  -4.52707
   0.01677  -4.52768
   0.01703  -4.52794
   0.01778  -4.52897
   0.03795  -4.54858
   0.04646  -4.55498
   0.06097  -4.56879
   0.06370  -4.57107
   0.07969  -4.58441
   0.09597  -4.60043
   0.09476  -4.62926
   0.08296  -4.64295
   0.06676  -4.65757
   0.06056  -4.66254
   0.05813  -4.66298
   0.05568  -4.66341
   0.02988  -4.67486
   0.01242  -4.68160
  -0.00000  -4.68307
  -0.01450  -4.68421
  -0.03094  -4.68699
  -0.04453  -4.68515
  -0.06204  -4.68516
  -0.08426  -4.68390
  -0.09323  -4.68128
  -0.10370  -4.67545
  -0.12480  -4.67621
  -0.14679  -4.67549
  -0.15675  -4.67439
  -0.15897  -4.67425
  -0.16485  -4.67512
  -0.19167  -4.66532
  -0.21332  -4.65565
  -0.23907  -4.67589
  -0.24067  -4.67705
  -0.26698  -4.68211
  -0.27079  -4.70355
  -0.28917  -4.71430
  -0.31501  -4.72437
  -0.32168  -4.72663
  -0.33974  -4.73822
                    
   0.44334  -4.63546
   0.45377  -4.62998
   0.45198  -4.64240
   0.44886  -4.64763
   0.44530  -4.65515
   0.42943  -4.69367
   0.41994  -4.71315
   0.40286  -4.73619
   0.38070  -4.74672
   0.34948  -4.74982
   0.34687  -4.74997
   0.32196  -4.72453
   0.31778  -4.72213
   0.30893  -4.71687
   0.28471  -4.69295
   0.29003  -4.67897
   0.29708  -4.65682
   0.30995  -4.64328
   0.32393  -4.63758
   0.34938  -4.63051
   0.35802  -4.63375
   0.38354  -4.64224
   0.39627  -4.64174
   0.43445  -4.63754
   0.44334  -4.63546
                    
   0.34965  -3.97294
   0.32493  -3.98024
   0.30258  -3.98862
   0.29165  -4.01030
   0.30058  -4.03276
   0.32356  -4.03519
   0.34909  -4.04041
   0.35399  -4.04165
   0.35978  -4.03144
   0.37123  -4.00929
   0.36859  -3.99233
   0.36379  -3.96954
   0.34965  -3.97294
                    
  -0.44385  -4.02544
  -0.44659  -4.02599
  -0.44706  -4.02307
  -0.44618  -4.02091
  -0.44460  -4.01809
  -0.42512  -3.97661
  -0.41159  -3.95241
  -0.39765  -3.93569
  -0.38182  -3.92974
  -0.36220  -3.92995
  -0.33941  -3.94804
  -0.33306  -3.95755
  -0.32454  -3.97000
  -0.29986  -3.98625
  -0.30298  -4.00947
  -0.31183  -4.02151
  -0.32414  -4.02453
  -0.34091  -4.02648
  -0.38187  -4.01291
  -0.38456  -4.01216
  -0.38619  -4.01240
  -0.44068  -4.02476
  -0.44385  -4.02544
                    
   0.69634  -4.28862
   0.66796  -4.33333
   0.66428  -4.33844
   0.66084  -4.34701
   0.64127  -4.38944
   0.65780  -4.39812
   0.68188  -4.41194
   0.69338  -4.41149
   0.69996  -4.40411
   0.70581  -4.39508
   0.70623  -4.37856
   0.70275  -4.33333
   0.69634  -4.28862
                    
  -0.28003  -5.08536
  -0.27703  -5.08480
  -0.27311  -5.08369
  -0.22637  -5.06810
  -0.20687  -5.06881
  -0.19739  -5.07000
  -0.18472  -5.07282
  -0.13212  -5.08260
  -0.08412  -5.08824
  -0.06615  -5.08938
  -0.04669  -5.09069
  -0.00000  -5.09133
   0.04359  -5.08931
   0.06598  -5.08754
   0.08989  -5.08435
   0.13077  -5.07498
   0.16051  -5.06662
   0.19406  -5.05757
   0.22469  -5.05162
   0.25947  -5.04623
   0.31858  -5.03307
   0.32159  -5.03439
   0.33201  -5.04534
   0.34245  -5.05906
                    
   0.28003  -3.58131
   0.29577  -3.60175
   0.31658  -3.63269
   0.25906  -3.62156
   0.22706  -3.61745
   0.19320  -3.61230
   0.15508  -3.60159
   0.13026  -3.59457
   0.09561  -3.58629
   0.06576  -3.58173
   0.03640  -3.58065
  -0.00000  -3.58252
  -0.02710  -3.58507
  -0.06517  -3.58844
  -0.10913  -3.59606
  -0.12900  -3.60172
  -0.14165  -3.60565
  -0.19130  -3.61939
  -0.23558  -3.62630
  -0.25657  -3.62841
  -0.31189  -3.63707
  -0.32330  -3.64002
  -0.32855  -3.64118
  -0.33387  -3.64076
  -0.33556  -3.63622
  -0.34245  -3.60760
                    
   1.50955   0.03643
   1.50981   0.03672
   1.52909   0.05626
   1.54128   0.06782
   1.56363   0.08580
   1.57357   0.08654
   1.60542   0.08284
   1.63064   0.07912
   1.64932   0.07561
   1.65215   0.07483
   1.65457   0.07436
   1.69126   0.06393
   1.73678   0.05121
   1.73838   0.05086
   1.73952   0.05055
   1.74758   0.04779
   1.77409   0.03908
   1.80911   0.02877
   1.82179   0.02364
   1.84011   0.01513
   1.85758   0.00952
   1.85718   0.00601
   1.85697   0.00249
   1.86378   0.00000
   1.86892  -0.00140
   1.86912  -0.00497
   1.86954  -0.00852
   1.86986  -0.00989
   1.87022  -0.01123
   1.87103  -0.01471
   1.87207  -0.01813
   1.86473  -0.02227
   1.85328  -0.03040
   1.85455  -0.03328
   1.85594  -0.03611
   1.83596  -0.05194
   1.83379  -0.05397
   1.83119  -0.05470
   1.81090  -0.05860
   1.78437  -0.06601
   1.78378  -0.06616
   1.75941  -0.07106
   1.74685  -0.07545
   1.71335  -0.07737
   1.70361  -0.07704
   1.69513  -0.07673
   1.65793  -0.07181
   1.65440  -0.07057
   1.65089  -0.07007
   1.62343  -0.06627
   1.60065  -0.06147
   1.59681  -0.06047
   1.59257  -0.05878
   1.55579  -0.04019
   1.54919  -0.03731
   1.54292  -0.03351
   1.53482  -0.02011
   1.52021   0.00000
   1.51605   0.00644
   1.50971   0.03552
   1.50955   0.03643
                    
   2.25593   0.05572
   2.29355   0.05892
   2.31395   0.04749
   2.32474   0.03489
   2.32478   0.01475
   2.32386  -0.00000
   2.32215  -0.01661
   2.31986  -0.03447
   2.30866  -0.04258
   2.29510  -0.04826
   2.26670  -0.06009
   2.25769  -0.06310
   2.24998  -0.06762
   2.22441  -0.07998
   2.21263  -0.08510
   2.19630  -0.08630
   2.16240  -0.08607
   2.15686  -0.08568
   2.15360  -0.08557
   2.13534  -0.08426
   2.10350  -0.07891
   2.09460  -0.07338
   2.06960  -0.06278
   2.03745  -0.04895
   2.02450  -0.04106
   2.01249  -0.03151
   1.99798  -0.02273
   1.99891  -0.01955
   1.99969  -0.01634
   2.00413  -0.01379
   2.00926  -0.01012
   2.00955  -0.00732
   2.00975  -0.00451
   2.02982  -0.00000
   2.03271   0.00093
   2.04548   0.00811
   2.05282   0.01110
   2.08121   0.02164
   2.08948   0.02569
   2.10847   0.03219
   2.11698   0.03550
   2.16227   0.04311
   2.16521   0.04359
   2.16790   0.04402
   2.20533   0.04987
   2.21944   0.05175
   2.24980   0.05550
   2.25226   0.05559
   2.25593   0.05572
                    
   2.03711  -0.63057
   2.01943  -0.64119
   1.98277  -0.64972
   1.93580  -0.65434
   1.92593  -0.65535
   1.91850  -0.65602
   1.86857  -0.65553
   1.82055  -0.64679
   1.81246  -0.64351
   1.79661  -0.63669
   1.75871  -0.62405
   1.73434  -0.61165
   1.71209  -0.58750
   1.70790  -0.58256
   1.71513  -0.57917
   1.73871  -0.56692
   1.75235  -0.55703
   1.78367  -0.53091
   1.78795  -0.52724
   1.78966  -0.52472
   1.81904  -0.50665
   1.83650  -0.49411
   1.83774  -0.49316
   1.83919  -0.49188
   1.87466  -0.45580
   1.88022  -0.45007
   1.88681  -0.44707
   1.89540  -0.44887
   1.92593  -0.45786
   1.92916  -0.45866
   1.95709  -0.46838
   1.96711  -0.47070
   1.99418  -0.49748
   2.00420  -0.50606
   2.01734  -0.51841
   2.03274  -0.53150
   2.04281  -0.55622
   2.05200  -0.56966
   2.07079  -0.59475
   2.07610  -0.60362
   2.03711  -0.63057
                    
   1.77210   0.57410
   1.78454   0.59335
   1.81916   0.60551
   1.87163   0.61958
   1.87172   0.61962
   1.87177   0.61962
   1.92593   0.61943
   1.97280   0.61540
   1.97970   0.61461
   1.99262   0.60896
   2.03091   0.59537
   2.05174   0.58665
   2.07094   0.56513
   2.07577   0.55924
   2.09729   0.53793
   2.10227   0.51264
   2.08091   0.50181
   2.05865   0.49534
   2.04473   0.48788
   2.02570   0.47634
   2.00861   0.46895
   1.98211   0.45522
   1.97270   0.44875
   1.96497   0.44631
   1.95379   0.44649
   1.92593   0.44500
   1.90252   0.44237
   1.88739   0.44044
   1.87596   0.44470
   1.86405   0.45448
   1.84349   0.46749
   1.82644   0.47680
   1.80866   0.48825
   1.79266   0.49734
   1.77217   0.50378
   1.75378   0.51407
   1.75126   0.53926
   1.76329   0.56032
   1.77210   0.57410
                    
   1.55361  -2.16591
   1.54204  -2.14188
   1.54110  -2.13300
   1.54480  -2.12552
   1.55802  -2.10953
   1.57649  -2.10505
   1.59262  -2.10200
   1.60118  -2.10246
   1.61464  -2.10337
   1.64906  -2.10422
   1.66666  -2.10834
   1.68858  -2.11352
   1.71171  -2.11891
   1.73624  -2.12449
   1.76542  -2.13836
   1.76908  -2.13980
   1.77115  -2.14164
   1.78938  -2.15472
   1.80032  -2.15938
   1.81924  -2.16199
   1.82989  -2.16667
   1.84426  -2.17083
   1.84447  -2.17379
   1.84478  -2.17675
   1.83972  -2.18187
   1.83396  -2.18948
   1.83440  -2.19119
   1.83488  -2.19289
   1.82783  -2.20237
   1.82626  -2.20500
   1.80260  -2.21790
   1.78110  -2.22673
   1.76284  -2.23420
   1.74729  -2.24315
   1.70621  -2.24664
   1.70061  -2.24660
   1.69618  -2.24649
   1.65846  -2.24221
   1.65198  -2.24086
   1.65088  -2.24090
   1.64923  -2.24081
   1.60080  -2.22894
   1.59653  -2.22741
   1.59444  -2.22512
   1.58937  -2.21930
   1.56828  -2.19796
   1.56757  -2.18744
   1.55405  -2.16667
   1.55361  -2.16591
                    
   2.25394  -2.11006
   2.29443  -2.11356
   2.30523  -2.12714
   2.30858  -2.13319
   2.30823  -2.14089
   2.29814  -2.15825
   2.29087  -2.16667
   2.27676  -2.18113
   2.27203  -2.19695
   2.25259  -2.22030
   2.25034  -2.22266
   2.24974  -2.22376
   2.24880  -2.22548
   2.22973  -2.24807
   2.21578  -2.25494
   2.19442  -2.25868
   2.17097  -2.24753
   2.15785  -2.23992
   2.12038  -2.22136
   2.11318  -2.21861
   2.10677  -2.21822
   2.07660  -2.21002
   2.04168  -2.20026
   2.02641  -2.20281
   2.02669  -2.19408
   2.02680  -2.19370
   2.02690  -2.19331
   2.02710  -2.18451
   2.02658  -2.17639
   2.02666  -2.17548
   2.02674  -2.17457
   2.03020  -2.16667
   2.03249  -2.15984
   2.03696  -2.15770
   2.04444  -2.15630
   2.08182  -2.14992
   2.10491  -2.14472
   2.11857  -2.14117
   2.15750  -2.12989
   2.16584  -2.12668
   2.16891  -2.12544
   2.17949  -2.12196
   2.20457  -2.11275
   2.24829  -2.10982
   2.25138  -2.10970
   2.25204  -2.10979
   2.25394  -2.11006
                    
   2.07242  -2.77119
   2.06733  -2.76002
   2.05710  -2.73517
   2.04913  -2.71475
   2.04179  -2.69627
   2.01745  -2.68574
   2.00053  -2.67722
   1.97856  -2.66604
   1.96915  -2.66066
   1.94046  -2.65418
   1.92593  -2.65012
   1.90012  -2.64154
   1.88490  -2.63558
   1.84851  -2.66280
   1.84273  -2.66648
   1.83713  -2.67025
   1.79705  -2.69325
   1.79392  -2.70268
   1.77671  -2.72356
   1.77139  -2.72927
   1.75068  -2.74990
   1.73879  -2.75987
   1.74997  -2.77309
   1.76162  -2.77988
   1.78042  -2.78595
   1.81392  -2.80186
   1.83048  -2.80880
   1.86923  -2.81476
   1.91041  -2.81705
   1.92593  -2.81718
   1.94160  -2.81694
   1.98262  -2.81465
   2.01586  -2.80610
   2.03661  -2.79439
   2.07242  -2.77119
                    
   1.77315  -1.59649
   1.79404  -1.57732
   1.81953  -1.56327
   1.84812  -1.54953
   1.86504  -1.54300
   1.87126  -1.54181
   1.87768  -1.54182
   1.91569  -1.54473
   1.92593  -1.54584
   1.97036  -1.55272
   1.97957  -1.55349
   1.99780  -1.56238
   2.03023  -1.57510
   2.04656  -1.58241
   2.05752  -1.59826
   2.07192  -1.62182
   2.08291  -1.63494
   2.08655  -1.64888
   2.07409  -1.65429
   2.06225  -1.65791
   2.03375  -1.67624
   2.02211  -1.68489
   2.00990  -1.69045
   1.97371  -1.71049
   1.96908  -1.71350
   1.96548  -1.71454
   1.96090  -1.71392
   1.92593  -1.70829
   1.92345  -1.70800
   1.88929  -1.70527
   1.88554  -1.70501
   1.87615  -1.70075
   1.84164  -1.68864
   1.82950  -1.68524
   1.80821  -1.67852
   1.79413  -1.67480
   1.77008  -1.66625
   1.75048  -1.65372
   1.75048  -1.62710
   1.76596  -1.60558
   1.77315  -1.59649
                    
   1.52143  -4.32274
   1.51913  -4.29774
   1.53296  -4.28102
   1.54621  -4.26638
   1.56295  -4.25046
   1.57402  -4.24738
   1.60534  -4.25080
   1.63219  -4.25463
   1.64937  -4.25777
   1.65216  -4.25848
   1.65454  -4.25898
   1.67144  -4.26515
   1.69059  -4.27189
   1.72716  -4.28372
   1.73685  -4.28850
   1.74454  -4.28836
   1.76798  -4.29101
   1.77465  -4.29212
   1.80892  -4.29909
   1.82354  -4.30300
   1.87212  -4.31375
   1.88789  -4.31896
   1.88908  -4.31615
   1.89047  -4.31344
   1.89549  -4.31576
   1.89877  -4.31739
   1.90013  -4.31527
   1.90166  -4.31326
   1.90285  -4.31397
   1.90388  -4.31461
   1.90547  -4.31288
   1.90720  -4.31128
   1.90773  -4.31165
   1.90821  -4.31199
   1.91002  -4.31061
   1.91193  -4.30939
   1.91231  -4.30976
   1.91267  -4.31011
   1.91463  -4.30910
   1.91665  -4.30825
   1.91690  -4.30854
   1.91713  -4.30881
   1.91918  -4.30817
   1.92128  -4.30770
   1.92143  -4.30785
   1.92158  -4.30800
   1.92369  -4.30773
   1.92581  -4.30763
   1.92593  -4.30759
   1.92605  -4.30755
   1.92817  -4.30765
   1.93029  -4.30792
   1.93042  -4.30784
   1.93056  -4.30776
   1.93265  -4.30823
   1.93470  -4.30887
   1.93493  -4.30861
   1.93517  -4.30833
   1.93719  -4.30917
   1.93914  -4.31018
   1.93950  -4.30983
   1.93988  -4.30946
   1.94179  -4.31068
   1.94359  -4.31206
   1.94392  -4.31188
   1.94428  -4.31171
   1.94598  -4.31328
   1.94755  -4.31498
   1.94795  -4.31485
   1.94837  -4.31473
   1.94981  -4.31661
   1.95109  -4.31860
   1.95244  -4.31802
   1.95407  -4.31737
   1.95525  -4.31966
   1.95624  -4.32204
   1.96064  -4.32070
   1.96802  -4.31871
   1.96897  -4.32180
   1.96969  -4.32495
   1.99116  -4.32183
   2.03179  -4.31935
   2.05958  -4.31557
   2.08149  -4.31381
   2.10814  -4.31237
   2.11896  -4.31098
   2.14959  -4.30149
   2.16593  -4.29390
   2.16925  -4.29221
   2.18246  -4.28810
   2.20477  -4.28043
   2.25041  -4.27520
   2.25177  -4.27491
   2.25326  -4.27459
   2.26171  -4.27413
   2.29333  -4.27309
   2.31257  -4.28714
   2.32032  -4.29883
   2.32034  -4.31546
   2.31960  -4.33333
   2.31783  -4.35291
   2.31586  -4.36745
   2.30832  -4.37561
   2.29483  -4.38364
   2.27280  -4.39450
   2.26065  -4.39946
   2.24931  -4.40412
   2.22229  -4.41274
   2.21012  -4.41597
   2.19732  -4.41637
   2.16312  -4.41547
   2.15531  -4.41421
   2.15154  -4.41356
   2.14719  -4.41387
   2.10348  -4.41231
   2.09338  -4.40538
   2.07163  -4.39124
   2.06309  -4.38632
   2.02850  -4.37067
   2.02631  -4.36975
   2.02465  -4.36927
   1.97709  -4.35328
   1.97570  -4.35654
   1.97410  -4.35971
   1.96358  -4.35508
   1.95799  -4.35228
   1.95643  -4.35469
   1.95470  -4.35698
   1.95330  -4.35631
   1.95210  -4.35568
   1.95026  -4.35767
   1.94827  -4.35951
   1.94782  -4.35943
   1.94739  -4.35935
   1.94527  -4.36096
   1.94303  -4.36240
   1.94214  -4.36142
   1.94138  -4.36054
   1.93915  -4.36169
   1.93683  -4.36266
   1.93618  -4.36151
   1.93563  -4.36050
   1.93339  -4.36120
   1.93110  -4.36172
   1.93084  -4.36122
   1.93061  -4.36074
   1.92835  -4.36103
   1.92608  -4.36114
   1.92593  -4.36122
   1.92577  -4.36130
   1.92349  -4.36120
   1.92122  -4.36091
   1.92097  -4.36145
   1.92068  -4.36204
   1.91837  -4.36152
   1.91611  -4.36081
   1.91541  -4.36224
   1.91452  -4.36393
   1.91213  -4.36293
   1.90982  -4.36174
   1.90847  -4.36358
   1.90669  -4.36586
   1.90425  -4.36429
   1.90194  -4.36253
   1.90176  -4.36213
   1.90160  -4.36173
   1.89948  -4.35978
   1.89753  -4.35766
   1.89702  -4.35759
   1.89649  -4.35750
   1.89473  -4.35518
   1.89315  -4.35273
   1.88907  -4.35461
   1.88283  -4.35718
   1.88129  -4.35415
   1.87996  -4.35102
   1.84883  -4.36140
   1.82488  -4.36787
   1.79754  -4.38006
   1.78444  -4.38666
   1.77953  -4.38946
   1.76615  -4.39766
   1.74752  -4.41035
   1.71779  -4.40909
   1.70679  -4.40742
   1.69397  -4.40649
   1.66820  -4.40239
   1.65898  -4.39909
   1.65007  -4.40007
   1.61956  -4.39834
   1.60111  -4.39719
   1.59406  -4.39653
   1.58545  -4.39337
   1.55658  -4.38024
   1.54556  -4.37380
   1.53785  -4.36729
   1.53347  -4.35254
   1.52534  -4.33333
   1.52143  -4.32274
                    
   2.07742  -4.93662
   2.07048  -4.92796
   2.04968  -4.90350
   2.04081  -4.89203
   2.02670  -4.86601
   2.01878  -4.85995
   2.00017  -4.84431
   1.98325  -4.83219
   1.96854  -4.82036
   1.94475  -4.81618
   1.92593  -4.81056
   1.89166  -4.79780
   1.88550  -4.79542
   1.84716  -4.82925
   1.84245  -4.83277
   1.83719  -4.83656
   1.79876  -4.86034
   1.79250  -4.86731
   1.78032  -4.87674
   1.75863  -4.89228
   1.74097  -4.90346
   1.71340  -4.91725
   1.71258  -4.91762
   1.71306  -4.91819
   1.73654  -4.94429
   1.75920  -4.95555
   1.79515  -4.96852
   1.81251  -4.97654
   1.82066  -4.98007
   1.86853  -4.98937
   1.91894  -4.98965
   1.92593  -4.98905
   1.93514  -4.98813
   1.98279  -4.98330
   2.01973  -4.97467
   2.03718  -4.96427
   2.07742  -4.93662
                    
   1.77283  -3.76197
   1.78377  -3.73967
   1.81829  -3.72291
   1.82663  -3.71929
   1.86212  -3.70796
   1.87111  -3.70682
   1.87992  -3.70659
   1.92593  -3.70795
   1.97591  -3.71332
   1.97974  -3.71391
   1.98012  -3.71394
   1.98093  -3.71434
   2.03133  -3.73558
   2.05251  -3.74634
   2.06792  -3.76743
   2.07478  -3.77779
   2.09090  -3.79808
   2.09338  -3.81772
   2.07736  -3.82594
   2.06053  -3.83100
   2.03735  -3.84372
   2.02295  -3.85280
   2.00956  -3.85903
   1.97665  -3.87747
   1.97054  -3.88192
   1.96526  -3.88369
   1.95742  -3.88361
   1.92593  -3.88500
   1.89926  -3.88794
   1.88711  -3.88967
   1.87800  -3.88603
   1.86886  -3.87822
   1.84242  -3.85976
   1.82944  -3.85199
   1.81596  -3.84338
   1.79093  -3.82951
   1.77545  -3.82446
   1.76162  -3.81670
   1.75842  -3.79700
   1.76853  -3.77152
   1.77283  -3.76197
                    
   3.78429   0.00234
   3.78414   0.00000
   3.78407  -0.00237
   3.78429  -0.00591
   3.78469  -0.00944
   3.78184  -0.01235
   3.77871  -0.01614
   3.77950  -0.01939
   3.78044  -0.02259
   3.78318  -0.02500
   3.78576  -0.02700
   3.78715  -0.03017
   3.78869  -0.03327
   3.79376  -0.03354
   3.79787  -0.03340
   3.79985  -0.03641
   3.80200  -0.03930
   3.80392  -0.04022
   3.80575  -0.04101
   3.80822  -0.04363
   3.81085  -0.04610
   3.81234  -0.04709
   3.81384  -0.04801
   3.81673  -0.05016
   3.81974  -0.05214
   3.82168  -0.05226
   3.82350  -0.05230
   3.82671  -0.05392
   3.83002  -0.05534
   3.83173  -0.05529
   3.83335  -0.05519
   3.83679  -0.05623
   3.84028  -0.05705
   3.84179  -0.05704
   3.84327  -0.05699
   3.84683  -0.05742
   3.85041  -0.05762
   3.85185  -0.05733
   3.85325  -0.05702
   3.85682  -0.05682
   3.86038  -0.05640
   3.86179  -0.05633
   3.86321  -0.05623
   3.86670  -0.05541
   3.87013  -0.05438
   3.87158  -0.05422
   3.87308  -0.05401
   3.87638  -0.05259
   3.87958  -0.05097
   3.88109  -0.05065
   3.88266  -0.05026
   3.88566  -0.04829
   3.88855  -0.04614
   3.88983  -0.04526
   3.89110  -0.04433
   3.89372  -0.04187
   3.89618  -0.03925
   3.89812  -0.03882
   3.90021  -0.03826
   3.90236  -0.03537
   3.90434  -0.03235
   3.90722  -0.03197
   3.91052  -0.03130
   3.91211  -0.02810
   3.91354  -0.02482
   3.91562  -0.02321
   3.91781  -0.02132
   3.91881  -0.01794
   3.91963  -0.01452
   3.91837  -0.01173
   3.91708  -0.00930
   3.91749  -0.00574
   3.91771  -0.00217
   3.91810  -0.00000
   3.91842   0.00224
   3.91820   0.00580
   3.91780   0.00935
   3.91684   0.01146
   3.91586   0.01344
   3.91502   0.01693
   3.91400   0.02036
   3.91174   0.02180
   3.90963   0.02297
   3.90820   0.02628
   3.90659   0.02950
   3.90440   0.03034
   3.90238   0.03099
   3.90041   0.03400
   3.89826   0.03688
   3.89683   0.03774
   3.89544   0.03851
   3.89298   0.04113
   3.89036   0.04359
   3.88907   0.04436
   3.88779   0.04508
   3.88492   0.04723
   3.88192   0.04919
   3.88059   0.04977
   3.87926   0.05031
   3.87606   0.05192
   3.87277   0.05333
   3.87138   0.05366
   3.87001   0.05395
   3.86658   0.05498
   3.86310   0.05580
   3.86170   0.05583
   3.86032   0.05583
   3.85677   0.05625
   3.85321   0.05645
   3.85185   0.05654
   3.85048   0.05659
   3.84692   0.05639
   3.84337   0.05597
   3.84196   0.05608
   3.84051   0.05616
   3.83702   0.05534
   3.83360   0.05431
   3.83209   0.05430
   3.83051   0.05425
   3.82722   0.05283
   3.82401   0.05122
   3.82251   0.05082
   3.82098   0.05036
   3.81797   0.04839
   3.81509   0.04624
   3.81350   0.04570
   3.81186   0.04509
   3.80924   0.04262
   3.80676   0.03999
   3.80449   0.03974
   3.80198   0.03931
   3.79983   0.03642
   3.79785   0.03342
   3.79450   0.03311
   3.79058   0.03245
   3.78901   0.02930
   3.78760   0.02608
   3.78592   0.02400
   3.78423   0.02172
   3.78325   0.01838
   3.78243   0.01500
   3.78366   0.01202
   3.78491   0.00942
   3.78451   0.00589
   3.78429   0.00234
                    
   4.14762  -0.24818
   4.15358  -0.26805
   4.13583  -0.28398
   4.11921  -0.29222
   4.10562  -0.30243
   4.08992  -0.31313
   4.07536  -0.31920
   4.06510  -0.32398
   4.04193  -0.32923
   4.01889  -0.33274
   4.01540  -0.30664
   4.00295  -0.29454
   3.97374  -0.26139
   3.97179  -0.25800
   3.97128  -0.25747
   3.97166  -0.25714
   3.97174  -0.25709
   3.97182  -0.25706
   3.97311  -0.25661
   4.00717  -0.26902
   4.01780  -0.27162
   4.02807  -0.25166
   4.06289  -0.25505
   4.06481  -0.25508
   4.06535  -0.25444
   4.06578  -0.25393
   4.09327  -0.24142
   4.11170  -0.23863
   4.13231  -0.23534
   4.14211  -0.23317
   4.14762  -0.24818
                    
   3.37429   0.47756
   3.39565   0.47831
   3.41937   0.47799
   3.42916   0.45633
   3.42495   0.44203
   3.42000   0.43186
   3.40718   0.40683
   3.38933   0.38810
   3.37027   0.36618
   3.38284   0.34703
   3.40748   0.31332
   3.40812   0.31146
   3.40855   0.31117
   3.41342   0.30699
   3.43586   0.28123
   3.45582   0.26019
   3.45227   0.23070
   3.45182   0.22440
   3.44720   0.19778
   3.44103   0.19157
   3.43751   0.19005
   3.43422   0.18964
   3.42316   0.18975
   3.38584   0.18701
   3.37436   0.18548
   3.34897   0.18304
   3.34119   0.18200
   3.33511   0.18808
   3.31700   0.20756
   3.31198   0.22124
   3.30142   0.25667
   3.31597   0.27797
   3.31219   0.30931
   3.31281   0.31122
   3.32774   0.35162
   3.33244   0.36369
   3.34270   0.39116
   3.35907   0.41349
   3.37429   0.43259
   3.37375   0.45642
   3.37429   0.47756
                    
   4.29502  -0.30032
   4.30514  -0.29737
   4.30190  -0.30955
   4.31988  -0.32772
   4.29662  -0.31669
   4.29448  -0.31302
   4.29239  -0.31194
   4.27124  -0.29366
   4.29502  -0.30032
                    
   4.34131   0.23002
   4.34180   0.23206
   4.34485   0.23463
   4.34543   0.23016
   4.34471   0.22847
   4.34406   0.22722
   4.34278   0.22751
   4.34106   0.22812
   4.34131   0.23002
                    
   4.25358   0.63416
   4.27700   0.64060
   4.28728   0.64008
   4.30093   0.64135
   4.29912   0.62890
   4.29780   0.62630
   4.30263   0.61075
   4.30749   0.57567
   4.30848   0.56517
   4.31618   0.55336
   4.34050   0.51177
   4.34740   0.49555
   4.34849   0.49261
   4.34906   0.48956
   4.34967   0.47501
   4.33569   0.45033
   4.32548   0.43349
   4.34762   0.41600
   4.36011   0.40536
   4.37700   0.36771
   4.38132   0.34959
   4.38367   0.32261
   4.35961   0.31318
   4.33505   0.33834
   4.33131   0.36681
   4.31682   0.39016
   4.29463   0.42185
   4.28706   0.43521
   4.28379   0.44122
   4.28123   0.45005
   4.28155   0.48919
   4.29156   0.49351
   4.31063   0.50114
   4.28030   0.51061
   4.27496   0.51208
   4.23685   0.54983
   4.22034   0.57314
   4.19965   0.60241
   4.19628   0.60684
   4.20899   0.61858
   4.22222   0.63028
   4.22712   0.63101
   4.25358   0.63416
                    
   3.45092   0.57004
   3.44767   0.56879
   3.45112   0.57155
   3.45140   0.57191
   3.45182   0.57204
   3.45214   0.57194
   3.45199   0.57161
   3.45184   0.57128
   3.45092   0.57004
                    
   3.73228  -0.79351
   3.73863  -0.78260
   3.75130  -0.76224
   3.77037  -0.75666
   3.78570  -0.75615
   3.80365  -0.75803
   3.85185  -0.76413
   3.90255  -0.76717
   3.90741  -0.77293
   3.91409  -0.80005
                    
   3.97143   0.79351
   3.97338   0.78517
   3.98156   0.75783
   3.94382   0.74958
   3.91746   0.74986
   3.88937   0.75321
   3.85185   0.75960
   3.78641   0.76606
   3.78683   0.76716
   3.78962   0.80005
                    
   4.14755  -2.39290
   4.12033  -2.39195
   4.10850  -2.39064
   4.09459  -2.39175
   4.07714  -2.39196
   4.07502  -2.41117
   4.07299  -2.42259
   4.07551  -2.43322
   4.08014  -2.46078
   4.10154  -2.46423
   4.11975  -2.46582
   4.14320  -2.45801
   4.15898  -2.43497
   4.15618  -2.42203
   4.14755  -2.39290
                    
   4.00935  -2.50352
   4.01013  -2.50366
   4.00952  -2.50429
   4.00933  -2.50439
   4.00915  -2.50438
   4.00868  -2.50434
   4.00867  -2.50385
   4.00896  -2.50360
   4.00935  -2.50352
                    
   3.31991  -1.92698
   3.32507  -1.95460
   3.33790  -1.97960
   3.34103  -1.98510
   3.34779  -1.98320
   3.37286  -1.97725
   3.39083  -1.96766
   3.40798  -1.95969
   3.41121  -1.92589
   3.41252  -1.91695
   3.41306  -1.91333
   3.41451  -1.90450
   3.42311  -1.86646
   3.42066  -1.85230
   3.41498  -1.84566
   3.40522  -1.82712
   3.38625  -1.81506
   3.36527  -1.80202
   3.38198  -1.77240
   3.41189  -1.72750
   3.41212  -1.72693
   3.41216  -1.72680
   3.41217  -1.72668
   3.41206  -1.72652
   3.41167  -1.72648
   3.41159  -1.72690
   3.37057  -1.76283
   3.34220  -1.79184
   3.33588  -1.80538
   3.33267  -1.81324
   3.32724  -1.83246
   3.33138  -1.86617
   3.33391  -1.88029
   3.31864  -1.91803
   3.31991  -1.92698
                    
   4.28474  -1.72561
   4.28244  -1.71777
   4.28760  -1.70357
   4.31292  -1.70560
   4.31273  -1.73048
   4.33685  -1.75971
   4.36152  -1.79380
   4.36609  -1.80659
   4.36696  -1.81179
   4.36746  -1.81873
   4.36132  -1.82178
   4.34433  -1.82183
   4.35029  -1.80592
   4.32222  -1.77198
   4.29431  -1.74263
   4.28769  -1.73083
   4.28474  -1.72561
                    
   4.24634  -1.59466
   4.23516  -1.58360
   4.24532  -1.58015
   4.26226  -1.58054
   4.26198  -1.59578
   4.27613  -1.61270
   4.25827  -1.60919
   4.24935  -1.59898
   4.24634  -1.59466
                    
   4.10506  -4.58654
   4.08737  -4.59258
   4.07502  -4.59930
   4.06602  -4.60377
   4.04541  -4.60189
   4.03925  -4.60097
   4.02618  -4.61475
   4.01957  -4.62111
   4.01931  -4.62338
   4.01014  -4.66709
   4.00886  -4.67003
   4.00898  -4.67066
   4.00903  -4.67084
   4.00919  -4.67084
   4.00923  -4.67084
   4.00930  -4.67083
   4.04303  -4.66447
   4.06504  -4.65837
   4.07635  -4.65394
   4.09210  -4.64707
   4.10417  -4.63403
   4.11832  -4.61703
   4.13105  -4.61253
   4.14056  -4.60036
   4.12751  -4.58360
   4.11379  -4.58490
   4.10506  -4.58654
                    
   4.26494  -4.61882
   4.25451  -4.61528
   4.26255  -4.62224
   4.28930  -4.64611
   4.29351  -4.64773
   4.29691  -4.65278
   4.32875  -4.66726
   4.30619  -4.64181
   4.31537  -4.61450
   4.29437  -4.62772
   4.26494  -4.61882
                    
   3.36139  -3.84287
   3.39683  -3.85390
   3.41791  -3.86172
   3.42447  -3.88139
   3.42147  -3.89186
   3.41809  -3.89957
   3.40772  -3.92178
   3.38932  -3.94523
   3.37459  -3.96589
   3.38535  -3.98294
   3.40676  -4.01363
   3.40918  -4.02038
   3.41110  -4.02145
   3.44142  -4.04405
   3.47594  -4.06949
   3.47646  -4.06978
   3.47725  -4.07004
   3.47740  -4.07114
   3.47631  -4.07136
   3.45519  -4.10432
   3.43682  -4.13924
   3.43646  -4.13963
   3.43624  -4.13975
   3.43601  -4.13980
   3.43507  -4.13981
   3.38634  -4.14507
   3.37417  -4.14736
   3.34911  -4.15035
   3.34109  -4.15162
   3.33384  -4.14479
   3.31573  -4.12650
   3.31102  -4.11445
   3.29858  -4.07534
   3.30989  -4.05845
   3.30583  -4.03539
   3.31058  -4.02083
   3.32505  -3.98272
   3.33084  -3.96852
   3.34293  -3.93775
   3.35919  -3.91994
   3.37937  -3.89958
   3.37198  -3.87877
   3.36139  -3.84287
                    
   3.36073  -4.56255
   3.36064  -4.56271
   3.36043  -4.56273
   3.36029  -4.56255
   3.36037  -4.56238
   3.36045  -4.56230
   3.36055  -4.56231
   3.36071  -4.56235
   3.36073  -4.56255
                    
   4.28924  -3.70868
   4.30499  -3.75569
   4.30838  -3.76815
   4.31655  -3.77952
   4.33756  -3.81134
   4.34950  -3.83569
   4.35179  -3.84154
   4.35300  -3.84780
   4.35212  -3.87000
   4.33408  -3.88127
   4.31046  -3.89670
   4.34662  -3.91817
   4.36004  -3.92708
   4.37785  -3.96503
   4.38254  -3.98421
   4.38642  -4.01530
   4.35949  -4.02149
   4.33590  -3.99440
   4.33190  -3.96670
   4.31849  -3.94178
   4.29301  -3.90105
   4.28987  -3.89531
   4.28851  -3.89292
   4.28717  -3.88902
   4.28380  -3.85309
   4.28993  -3.83837
   4.29352  -3.82927
   4.27901  -3.82426
   4.27555  -3.82313
   4.23553  -3.78539
   4.21898  -3.76017
   4.19959  -3.73103
   4.19638  -3.72655
   4.20694  -3.71830
   4.22381  -3.70579
   4.23282  -3.70574
   4.28924  -3.70868
                    
   3.74301  -5.12839
   3.75351  -5.11101
   3.76329  -5.09706
   3.77646  -5.09396
   3.78532  -5.09377
   3.79568  -5.09480
   3.85185  -5.10083
   3.87119  -5.10194
   3.88846  -5.11714
   3.89774  -5.13449
                    
   3.96069  -3.53828
   3.96429  -3.55099
   3.97451  -3.57434
   3.93774  -3.57961
   3.91784  -3.57906
   3.89677  -3.57676
   3.85185  -3.57071
   3.79146  -3.56686
   3.79470  -3.56136
   3.80597  -3.53218
                    
