  -0.08171  -0.02277
  -0.08679  -0.02418
  -0.09052  -0.02488
  -0.09206  -0.02467
  -0.09109  -0.02373
  -0.08723  -0.02258
  -0.08215  -0.02114
  -0.08193  -0.02195
  -0.08171  -0.02277
                    
  -0.01873  -0.07629
  -0.02145  -0.08751
  -0.02415  -0.09651
  -0.02647  -0.09879
  -0.02713  -0.09523
  -0.02539  -0.08645
  -0.02192  -0.07543
  -0.02033  -0.07588
  -0.01873  -0.07629
                    
   0.02129  -0.07149
   0.02632  -0.08617
   0.02860  -0.09817
   0.02747  -0.10251
   0.02433  -0.09967
   0.02071  -0.08769
   0.01731  -0.07255
   0.01931  -0.07205
   0.02129  -0.07149
                    
   0.06901  -0.01603
   0.08784  -0.02005
   0.10470  -0.02449
   0.10916  -0.02925
   0.10225  -0.03077
   0.08591  -0.02717
   0.06778  -0.02062
   0.06843  -0.01834
   0.06901  -0.01603
                    
   0.07377   0.02167
   0.08637   0.02566
   0.09602   0.02752
   0.10027   0.02687
   0.09822   0.02426
   0.08757   0.02121
   0.07472   0.01812
   0.07427   0.01990
   0.07377   0.02167
                    
  -0.07851   0.01961
  -0.08738   0.02197
  -0.09446   0.02401
  -0.09638   0.02583
  -0.09346   0.02626
  -0.08659   0.02491
  -0.07780   0.02227
  -0.07816   0.02094
  -0.07851   0.01961
                    
  -0.53585   0.41389
  -0.52590   0.40432
  -0.51609   0.39304
  -0.50526   0.38515
  -0.49405   0.37368
  -0.48036   0.36001
  -0.47097   0.35329
  -0.45668   0.34842
  -0.44034   0.34225
  -0.42915   0.33776
  -0.40873   0.32923
  -0.38075   0.31949
  -0.37705   0.31807
  -0.37582   0.31796
  -0.37157   0.31756
  -0.33773   0.30850
  -0.32485   0.30387
  -0.30349   0.30349
  -0.29752   0.30164
  -0.27422   0.29328
  -0.25614   0.29011
  -0.23813   0.28379
  -0.22635   0.27895
  -0.21596   0.27855
  -0.19338   0.27618
  -0.17980   0.27567
  -0.16140   0.27955
  -0.13692   0.28273
  -0.13349   0.28187
  -0.13149   0.28198
  -0.12702   0.28191
  -0.10060   0.27641
  -0.09244   0.27401
  -0.07311   0.27287
  -0.06043   0.27270
  -0.04977   0.27206
  -0.04802   0.27233
  -0.04620   0.27259
  -0.02370   0.27084
  -0.00294   0.27472
  -0.00000   0.27501
   0.00262   0.27524
   0.02426   0.27724
   0.02674   0.27803
   0.04493   0.28289
   0.05039   0.28575
   0.06900   0.29410
   0.07950   0.29669
   0.08396   0.29746
   0.09065   0.30078
   0.11001   0.30226
   0.12928   0.30234
   0.14362   0.30800
   0.16954   0.30901
   0.17554   0.30889
   0.17887   0.30982
   0.22111   0.31762
   0.22191   0.31767
   0.22283   0.31823
   0.26468   0.33083
   0.27136   0.33225
   0.28420   0.33869
   0.29957   0.34568
   0.32022   0.35604
   0.33003   0.36527
   0.34098   0.37543
   0.35709   0.38462
   0.36707   0.39361
   0.37988   0.40832
   0.39167   0.42195
   0.40141   0.43069
   0.41067   0.43754
   0.42434   0.45129
   0.43807   0.46502
   0.44614   0.47094
   0.45169   0.47900
   0.46332   0.49374
                    
  -0.30102  -0.42990
  -0.30102  -0.42990
  -0.26243  -0.41650
  -0.25161  -0.41185
  -0.23715  -0.41075
  -0.20907  -0.40685
  -0.19912  -0.40190
  -0.18730  -0.40167
  -0.15681  -0.39359
  -0.14845  -0.39077
  -0.14220  -0.39068
  -0.12780  -0.39003
  -0.10313  -0.38488
  -0.09458  -0.38452
  -0.06819  -0.38670
  -0.03512  -0.38685
  -0.03383  -0.38665
  -0.03294  -0.38661
  -0.02100  -0.38644
  -0.00000  -0.38324
   0.02475  -0.37784
   0.03294  -0.37649
   0.04187  -0.37559
   0.06531  -0.37036
   0.08509  -0.36469
   0.09692  -0.36171
   0.10699  -0.36161
   0.12657  -0.36572
   0.13298  -0.36535
   0.15983  -0.36249
   0.16881  -0.36202
   0.18931  -0.36055
   0.20532  -0.35562
   0.21585  -0.35196
   0.23432  -0.35298
   0.24721  -0.35305
   0.26827  -0.35034
   0.28950  -0.35415
   0.29698  -0.35392
   0.32079  -0.35209
   0.33879  -0.35715
   0.36237  -0.36237
   0.37289  -0.36064
   0.37912  -0.36292
   0.39479  -0.36682
   0.41799  -0.36922
   0.42574  -0.36972
   0.44753  -0.37553
   0.45246  -0.37670
   0.47715  -0.38349
   0.48289  -0.38800
   0.48863  -0.39251
   0.51036  -0.40046
   0.52526  -0.40741
   0.53585  -0.41389
                    
  -0.46332  -0.49374
  -0.45049  -0.48223
  -0.44148  -0.47532
  -0.42350  -0.46890
  -0.41275  -0.46191
  -0.40468  -0.45653
  -0.38007  -0.44963
  -0.37608  -0.44819
  -0.35451  -0.43972
  -0.34463  -0.43848
  -0.30110  -0.42992
  -0.30105  -0.42990
                    
   0.02327  -1.91504
   0.02329  -1.91503
   0.02315  -1.91520
   0.02335  -1.91538
   0.02339  -1.91542
   0.02344  -1.91544
   0.02364  -1.91507
   0.02331  -1.91503
   0.02329  -1.91503
                    
   0.04727  -1.89563
   0.04630  -1.89630
   0.04433  -1.90490
   0.04367  -1.90694
   0.04762  -1.91060
   0.05937  -1.91958
   0.06551  -1.92169
   0.06462  -1.91432
   0.05556  -1.89905
   0.04823  -1.89495
   0.04727  -1.89563
                    
   0.46595  -1.33687
   0.45226  -1.35066
   0.44738  -1.35836
   0.44237  -1.36434
   0.42850  -1.38079
   0.41301  -1.39892
   0.40849  -1.40415
   0.40209  -1.40838
   0.38522  -1.42483
   0.36844  -1.44133
   0.36038  -1.44658
   0.34942  -1.45365
   0.33519  -1.46759
   0.32145  -1.48118
   0.30769  -1.48966
   0.27381  -1.50181
   0.27221  -1.50248
   0.27105  -1.50250
   0.22507  -1.50669
   0.22155  -1.50750
   0.21680  -1.50754
   0.17885  -1.51835
   0.17560  -1.51957
   0.17100  -1.51993
   0.14173  -1.52419
   0.13030  -1.53027
   0.10982  -1.53381
   0.10661  -1.53522
   0.08916  -1.54401
   0.07572  -1.54552
   0.05843  -1.55499
   0.05121  -1.55963
   0.04716  -1.56067
   0.03989  -1.56275
   0.02239  -1.57224
   0.01142  -1.56836
  -0.00000  -1.56630
  -0.00964  -1.56497
  -0.02332  -1.56158
  -0.04581  -1.55596
  -0.04798  -1.55604
  -0.04980  -1.55612
  -0.05514  -1.55431
  -0.07481  -1.54893
  -0.09159  -1.55131
  -0.10103  -1.55055
  -0.11966  -1.55011
  -0.12869  -1.55214
  -0.13490  -1.55222
  -0.14400  -1.54894
  -0.15953  -1.55182
  -0.18003  -1.55703
  -0.19042  -1.55618
  -0.22118  -1.55910
  -0.22429  -1.56082
  -0.22655  -1.56210
  -0.22936  -1.56050
  -0.23638  -1.55665
  -0.26762  -1.54857
  -0.27405  -1.54662
  -0.29141  -1.53672
  -0.30423  -1.53326
  -0.32501  -1.52877
  -0.34076  -1.52297
  -0.37197  -1.51601
  -0.37721  -1.51510
  -0.37956  -1.51463
  -0.38537  -1.51354
  -0.41710  -1.50957
  -0.42998  -1.50934
  -0.44544  -1.49254
  -0.45677  -1.47974
  -0.47117  -1.47510
  -0.48021  -1.46682
  -0.49565  -1.45657
  -0.51172  -1.44603
  -0.51895  -1.43887
  -0.52688  -1.42879
  -0.53905  -1.41840
                    
  -0.46595  -2.31938
  -0.45260  -2.30464
  -0.44520  -2.29995
  -0.43138  -2.29498
  -0.41733  -2.28590
  -0.40664  -2.27874
  -0.38603  -2.27265
  -0.36807  -2.26677
  -0.35628  -2.26245
  -0.34935  -2.26286
  -0.30417  -2.26253
  -0.30021  -2.26046
  -0.29857  -2.25975
  -0.29226  -2.25801
  -0.26618  -2.24223
  -0.25372  -2.23381
  -0.23595  -2.23681
  -0.19799  -2.24048
  -0.19523  -2.23866
  -0.19022  -2.23606
  -0.16016  -2.22036
  -0.15050  -2.21439
  -0.14198  -2.21821
  -0.13438  -2.22143
  -0.10512  -2.22042
  -0.09187  -2.21745
  -0.06855  -2.21691
  -0.03519  -2.21353
  -0.03432  -2.21297
  -0.03367  -2.21294
  -0.03257  -2.21270
  -0.00000  -2.20300
   0.01533  -2.19711
   0.03172  -2.19069
   0.04902  -2.19410
   0.06499  -2.19671
   0.09597  -2.19954
   0.09955  -2.19964
   0.10186  -2.19905
   0.13236  -2.19177
   0.13268  -2.19168
   0.16306  -2.18055
   0.16498  -2.18193
   0.17022  -2.18169
   0.20316  -2.18000
   0.21625  -2.17841
   0.24035  -2.17138
   0.24920  -2.17077
   0.27014  -2.16833
   0.28894  -2.17247
   0.29908  -2.17422
   0.32186  -2.17145
   0.34513  -2.17916
   0.35341  -2.18153
   0.37433  -2.17862
   0.38702  -2.18262
   0.42441  -2.18425
   0.42750  -2.18422
   0.42849  -2.18509
   0.42945  -2.18593
   0.46036  -2.19513
   0.47795  -2.20651
   0.48707  -2.21087
   0.49871  -2.21626
   0.51325  -2.22486
   0.52650  -2.22939
   0.53904  -2.23785
                    
  -0.08901  -3.76233
  -0.10848  -3.77919
  -0.12443  -3.79050
  -0.13303  -3.78928
  -0.13746  -3.78193
  -0.12252  -3.76520
  -0.10306  -3.74273
  -0.10191  -3.74151
  -0.10149  -3.74110
  -0.10082  -3.74046
  -0.07055  -3.71229
  -0.06054  -3.70705
  -0.04434  -3.69644
  -0.04232  -3.69857
  -0.04019  -3.70059
  -0.05066  -3.71663
  -0.05598  -3.72685
  -0.08295  -3.75626
  -0.08455  -3.75799
  -0.08566  -3.75917
  -0.08901  -3.76233
                    
   0.11337  -3.75138
   0.12390  -3.76364
   0.14153  -3.78342
   0.13558  -3.79183
   0.12539  -3.79296
   0.10697  -3.78051
   0.09709  -3.77196
   0.08690  -3.76245
   0.08356  -3.75881
   0.07865  -3.75338
   0.05541  -3.72729
   0.04868  -3.71426
   0.03877  -3.69924
   0.04093  -3.69718
   0.04299  -3.69502
   0.05786  -3.70480
   0.07110  -3.71160
   0.09741  -3.73531
   0.10242  -3.73998
   0.10548  -3.74288
   0.11337  -3.75138
                    
   0.08672  -3.55635
   0.08346  -3.55868
   0.07636  -3.56525
   0.05625  -3.58587
   0.05139  -3.59501
   0.04034  -3.61177
   0.04246  -3.61379
   0.04448  -3.61591
   0.06067  -3.60534
   0.07054  -3.60019
   0.09199  -3.57906
   0.09777  -3.57271
   0.09997  -3.56961
   0.11430  -3.54495
   0.11637  -3.54074
   0.11732  -3.53959
   0.11703  -3.53922
   0.11652  -3.53921
   0.11550  -3.53988
   0.11153  -3.54186
   0.08672  -3.55635
                    
  -0.10105  -3.57087
  -0.10046  -3.57157
  -0.09863  -3.57349
  -0.07058  -3.60025
  -0.06046  -3.60552
  -0.04437  -3.61603
  -0.04235  -3.61390
  -0.04022  -3.61188
  -0.05105  -3.59541
  -0.05614  -3.58578
  -0.08290  -3.55746
  -0.08472  -3.55569
  -0.08534  -3.55517
  -0.08740  -3.55346
  -0.11065  -3.53526
  -0.12236  -3.52696
  -0.12848  -3.52777
  -0.13157  -3.53292
  -0.12082  -3.54542
  -0.10296  -3.56856
  -0.10105  -3.57087
                    
  -0.14833  -3.70037
  -0.15665  -3.70465
  -0.17147  -3.70768
  -0.19305  -3.70798
  -0.17324  -3.69756
  -0.15967  -3.69351
  -0.15203  -3.69338
  -0.14373  -3.69476
  -0.14833  -3.70037
                    
  -0.03412  -3.80431
  -0.03415  -3.81661
  -0.04064  -3.83467
  -0.05102  -3.84666
  -0.05603  -3.83362
  -0.05041  -3.81227
  -0.04467  -3.79970
  -0.03641  -3.79213
  -0.03412  -3.80431
                    
   0.04475  -3.79880
   0.05077  -3.81215
   0.05541  -3.83284
   0.05074  -3.84560
   0.04063  -3.83473
   0.03389  -3.81667
   0.03374  -3.80379
   0.03597  -3.79050
   0.04475  -3.79880
                    
   0.22010  -3.71522
   0.19634  -3.71595
   0.18093  -3.71526
   0.15511  -3.70939
   0.14032  -3.70119
   0.13177  -3.69156
   0.14669  -3.68938
   0.16059  -3.68929
   0.18497  -3.69583
   0.19978  -3.70320
   0.22010  -3.71522
                    
   0.20321  -3.60180
   0.19858  -3.60447
   0.17707  -3.61542
   0.15996  -3.62026
   0.15050  -3.62031
   0.14043  -3.61862
   0.14606  -3.61185
   0.15622  -3.60646
   0.17400  -3.60289
   0.19786  -3.60177
   0.20321  -3.60180
                    
   0.04071  -3.49986
   0.04081  -3.49745
   0.04221  -3.49319
   0.04456  -3.48997
   0.04507  -3.49379
   0.04400  -3.49831
   0.04301  -3.50086
   0.04123  -3.50236
   0.04071  -3.49986
                    
  -0.04388  -3.50617
  -0.04683  -3.49912
  -0.05089  -3.48550
  -0.04868  -3.47457
  -0.04148  -3.48454
  -0.03784  -3.49672
  -0.03771  -3.50349
  -0.03910  -3.51032
  -0.04388  -3.50617
                    
  -0.20192  -3.60215
  -0.19793  -3.60203
  -0.17435  -3.60262
  -0.15615  -3.60626
  -0.14571  -3.61181
  -0.13989  -3.61877
  -0.15029  -3.62047
  -0.15999  -3.62039
  -0.17714  -3.61543
  -0.19850  -3.60418
  -0.20192  -3.60215
                    
  -0.53315  -3.23889
  -0.52490  -3.24711
  -0.51378  -3.26019
  -0.50683  -3.27183
  -0.49435  -3.28296
  -0.48026  -3.29536
  -0.47253  -3.30505
  -0.45852  -3.30854
  -0.44521  -3.32036
  -0.42989  -3.33375
  -0.41348  -3.33302
  -0.38465  -3.33349
  -0.37686  -3.33401
  -0.37262  -3.33455
  -0.35948  -3.33655
  -0.33227  -3.34188
  -0.32452  -3.34588
  -0.31120  -3.34505
  -0.29491  -3.35206
  -0.27422  -3.36217
  -0.25000  -3.35831
  -0.24653  -3.35792
  -0.22612  -3.37269
  -0.21467  -3.37671
  -0.18732  -3.38874
  -0.18022  -3.39382
  -0.17343  -3.39432
  -0.14808  -3.39976
  -0.13864  -3.40264
  -0.12493  -3.40644
  -0.11487  -3.40991
  -0.10657  -3.39807
  -0.10041  -3.39026
  -0.09839  -3.38593
  -0.08609  -3.36395
  -0.08033  -3.35646
  -0.07243  -3.35941
  -0.04961  -3.37489
  -0.04672  -3.37718
  -0.03429  -3.37905
  -0.02408  -3.38107
  -0.00115  -3.37694
  -0.00009  -3.37680
  -0.00000  -3.37678
   0.00012  -3.37676
   0.02465  -3.37447
   0.04304  -3.36953
   0.05212  -3.36064
   0.06573  -3.34906
   0.07828  -3.34453
   0.08357  -3.34436
   0.09089  -3.34491
   0.10959  -3.35516
   0.13256  -3.37028
   0.13333  -3.37031
   0.13869  -3.36810
   0.17026  -3.36134
   0.17776  -3.36038
   0.18335  -3.35523
   0.19496  -3.34512
   0.21481  -3.33433
   0.22094  -3.33097
   0.22686  -3.33226
   0.27165  -3.33112
   0.27227  -3.33115
   0.27302  -3.33087
   0.30975  -3.31967
   0.32131  -3.30815
   0.33440  -3.29498
   0.34782  -3.28158
   0.35759  -3.27210
   0.36759  -3.26514
   0.38587  -3.25359
   0.41133  -3.23868
   0.41367  -3.23732
   0.41525  -3.23564
   0.42859  -3.20899
   0.43686  -3.19089
   0.44386  -3.18316
   0.45039  -3.17375
   0.46110  -3.16044
                    
  -0.46110  -4.15206
  -0.44945  -4.14122
  -0.43950  -4.13340
  -0.42469  -4.12485
  -0.41659  -4.11470
  -0.40768  -4.10361
  -0.39115  -4.09628
  -0.36322  -4.08912
  -0.35730  -4.08734
  -0.35431  -4.08695
  -0.34207  -4.08509
  -0.31298  -4.07755
  -0.30554  -4.07338
  -0.28990  -4.07027
  -0.27331  -4.06569
  -0.25453  -4.05944
  -0.23767  -4.06790
  -0.21694  -4.07717
  -0.19727  -4.07930
  -0.19034  -4.07766
  -0.18301  -4.07546
  -0.16056  -4.06067
  -0.15338  -4.05119
  -0.14918  -4.04544
  -0.14196  -4.04629
  -0.13000  -4.04740
  -0.10302  -4.04074
  -0.09355  -4.04263
  -0.06878  -4.04633
  -0.04112  -4.04859
  -0.03435  -4.04887
  -0.02854  -4.04862
  -0.00000  -4.04771
   0.03194  -4.04418
   0.03391  -4.04379
   0.03536  -4.04333
   0.05467  -4.03938
   0.06676  -4.03487
   0.09066  -4.02447
   0.09825  -4.02291
   0.10552  -4.02061
   0.13067  -4.01528
   0.16143  -4.00624
   0.16286  -4.00550
   0.16413  -4.00546
   0.16548  -4.00609
   0.20408  -4.00973
   0.21545  -4.00985
   0.23842  -3.99675
   0.25463  -3.99487
   0.27082  -3.99218
   0.28453  -3.99534
   0.30329  -3.99866
   0.32121  -4.00507
   0.33837  -4.01381
   0.36950  -4.02765
   0.37051  -4.02796
   0.37101  -4.02804
   0.37180  -4.02805
   0.42580  -4.01643
   0.42707  -4.01606
   0.42957  -4.01670
   0.46019  -4.02347
   0.47752  -4.03747
   0.48439  -4.04238
   0.49160  -4.04750
   0.50749  -4.06033
   0.52428  -4.06824
   0.53315  -4.07361
                    
   2.08267   0.49898
   2.07773   0.47618
   2.07476   0.46749
   2.07277   0.46217
   2.06652   0.44152
   2.06404   0.43700
   2.05073   0.41394
   2.04785   0.40966
   2.04392   0.40569
   2.02428   0.38937
   2.00176   0.37023
   1.99939   0.36781
   1.99689   0.36674
   1.98791   0.36291
   1.96518   0.35584
   1.94621   0.34882
   1.93007   0.34083
   1.90746   0.33663
   1.89613   0.33388
   1.88853   0.33175
   1.85068   0.31789
   1.84766   0.31654
   1.84709   0.31639
   1.84648   0.31630
   1.84214   0.31618
   1.80531   0.31230
   1.80005   0.31131
   1.79301   0.30984
   1.76588   0.30211
   1.75479   0.30017
   1.73907   0.29270
   1.73098   0.29119
   1.71319   0.28680
   1.70137   0.28502
   1.68283   0.28435
   1.67504   0.28380
   1.66973   0.28330
   1.64948   0.27982
   1.63284   0.27920
   1.62546   0.27861
   1.62500   0.27856
   1.62447   0.27850
   1.60093   0.27512
   1.57701   0.27452
   1.57660   0.27450
   1.57625   0.27448
   1.57100   0.27404
   1.55222   0.27163
   1.53193   0.27187
   1.52600   0.27201
   1.51569   0.27190
   1.49900   0.27021
   1.48902   0.27075
   1.46897   0.27025
   1.46425   0.26989
   1.44505   0.27282
   1.43433   0.27230
   1.40569   0.27592
   1.39856   0.27629
   1.39320   0.27625
   1.36022   0.27361
   1.35254   0.27246
   1.35133   0.27256
   1.35037   0.27268
   1.34605   0.27394
   1.30953   0.28281
   1.29995   0.28441
   1.28522   0.28511
   1.26724   0.28503
   1.24798   0.29020
   1.22817   0.29132
   1.20888   0.29137
   1.19509   0.29443
   1.19114   0.29532
   1.18635   0.29799
   1.16240   0.31151
   1.14180   0.32283
   1.13498   0.32635
   1.12850   0.33121
   1.10971   0.34381
   1.09155   0.35600
   1.08567   0.36048
   1.08103   0.36521
   1.06489   0.38041
                    
   2.18511  -0.38041
   2.16152  -0.36934
   2.15905  -0.36826
   2.15700  -0.36777
   2.14784  -0.36610
   2.12375  -0.36739
   2.10447  -0.36749
   2.08811  -0.36353
   2.05558  -0.36130
   2.05193  -0.36090
   2.05037  -0.36069
   2.04655  -0.36015
   2.01247  -0.35400
   1.99878  -0.35465
   1.97995  -0.35495
   1.96008  -0.36064
   1.94387  -0.36445
   1.93149  -0.36526
   1.90028  -0.36531
   1.88959  -0.36645
   1.88206  -0.36711
   1.86300  -0.37200
   1.84281  -0.37727
   1.83283  -0.37945
   1.81233  -0.38001
   1.80212  -0.37983
   1.77602  -0.38508
   1.76537  -0.38565
   1.74500  -0.38587
   1.72849  -0.38622
   1.71864  -0.38622
   1.69290  -0.38509
   1.67713  -0.38348
   1.66084  -0.38305
   1.65851  -0.38303
   1.65615  -0.38339
   1.62500  -0.38669
   1.62007  -0.38698
   1.59370  -0.38879
   1.59100  -0.38863
   1.58653  -0.38996
   1.55466  -0.39890
   1.54072  -0.40177
   1.51693  -0.40333
   1.50457  -0.40620
   1.48611  -0.40958
   1.47563  -0.41039
   1.44458  -0.41103
   1.43343  -0.41083
   1.43017  -0.41138
   1.42632  -0.41202
   1.37944  -0.42533
   1.37853  -0.42551
   1.37763  -0.42562
   1.32548  -0.42776
   1.32329  -0.42808
   1.32182  -0.42840
   1.31852  -0.43002
   1.28748  -0.44398
   1.27381  -0.44923
   1.25248  -0.45590
   1.23150  -0.46895
   1.22595  -0.47223
   1.22476  -0.47279
   1.22277  -0.47372
   1.19648  -0.48703
   1.17963  -0.49532
   1.16733  -0.49898
                    
   2.08330  -1.32972
   2.08226  -1.36500
   2.08159  -1.36731
   2.08087  -1.36849
   2.04531  -1.37308
   2.03106  -1.37573
   2.01926  -1.39088
   2.01322  -1.40550
   2.01892  -1.43333
   2.01905  -1.43408
   2.01759  -1.46084
   2.00658  -1.46779
   1.99879  -1.47357
   1.97606  -1.48302
   1.96504  -1.48809
   1.94668  -1.48317
   1.92071  -1.47915
   1.91801  -1.47893
   1.89332  -1.47802
   1.87939  -1.48932
   1.85706  -1.50885
   1.85001  -1.51325
   1.84752  -1.51409
   1.84503  -1.51389
   1.83774  -1.51279
   1.80878  -1.50980
   1.79840  -1.50943
   1.77807  -1.51064
   1.77278  -1.51120
   1.75028  -1.51097
   1.73961  -1.51323
   1.70861  -1.52271
   1.70667  -1.52332
   1.70595  -1.52366
   1.70529  -1.52442
   1.67580  -1.54004
   1.66945  -1.54423
   1.64951  -1.54795
   1.62806  -1.54883
   1.62517  -1.54908
   1.62500  -1.54922
   1.62443  -1.54969
   1.60124  -1.55651
   1.59554  -1.55037
   1.58332  -1.53875
   1.57409  -1.53939
   1.56357  -1.54049
   1.54706  -1.53726
   1.53800  -1.53814
   1.52122  -1.54298
   1.50366  -1.54920
   1.49596  -1.55139
   1.48907  -1.55714
   1.47442  -1.56731
   1.46268  -1.57646
   1.45546  -1.58600
   1.44407  -1.58538
   1.43401  -1.57871
   1.41167  -1.56075
   1.40334  -1.55409
   1.39860  -1.55043
   1.38476  -1.54181
   1.37252  -1.53482
   1.35094  -1.52678
   1.32907  -1.53220
   1.32140  -1.53261
   1.29989  -1.53481
   1.27477  -1.53390
   1.27386  -1.53348
   1.24769  -1.52234
   1.23884  -1.52281
   1.19654  -1.52811
   1.19508  -1.52825
   1.19428  -1.52824
   1.19369  -1.52756
   1.18903  -1.52285
   1.17373  -1.50042
   1.16234  -1.48204
   1.15500  -1.47355
   1.14438  -1.47053
   1.12784  -1.45859
   1.11154  -1.44687
   1.10245  -1.44372
   1.09668  -1.43655
   1.07990  -1.42649
                    
   2.17010  -2.22976
   2.15406  -2.21541
   2.14681  -2.21353
   2.10715  -2.22330
   2.10099  -2.22456
   2.09982  -2.22479
   2.09801  -2.22502
   2.05681  -2.22833
   2.04597  -2.22461
   2.02393  -2.21786
   2.00978  -2.21290
   1.99479  -2.20746
   1.98977  -2.20547
   1.97439  -2.20260
   1.95234  -2.19580
   1.94383  -2.19280
   1.92869  -2.19005
   1.91023  -2.18572
   1.89072  -2.19004
   1.87841  -2.19003
   1.85732  -2.19922
   1.84274  -2.20527
   1.83225  -2.20923
   1.80610  -2.21650
   1.79820  -2.21479
   1.77770  -2.20930
   1.76288  -2.18974
   1.75618  -2.18855
   1.73505  -2.18370
   1.71831  -2.17638
   1.70173  -2.18713
   1.69135  -2.20444
   1.68760  -2.21003
   1.68455  -2.23549
   1.67120  -2.24928
   1.66255  -2.25735
   1.62805  -2.25179
   1.62556  -2.25127
   1.62500  -2.25116
   1.62413  -2.25098
   1.58882  -2.24171
   1.56446  -2.24746
   1.55440  -2.24932
   1.55079  -2.24902
   1.54643  -2.24861
   1.51234  -2.24856
   1.48918  -2.24313
   1.47374  -2.24371
   1.43328  -2.24228
   1.43207  -2.24187
   1.43147  -2.24224
   1.43075  -2.24225
   1.41405  -2.24761
   1.38110  -2.25574
   1.37951  -2.25604
   1.37794  -2.25604
   1.36752  -2.25587
   1.32718  -2.25345
   1.32247  -2.25394
   1.32023  -2.25540
   1.31698  -2.25816
   1.29266  -2.27599
   1.27720  -2.28643
   1.26605  -2.29479
   1.24261  -2.30545
   1.23688  -2.31092
   1.23198  -2.31554
   1.21561  -2.31602
   1.19728  -2.31586
   1.18038  -2.32529
   1.16670  -2.32653
                    
   1.06990  -3.26856
   1.08664  -3.28792
   1.08911  -3.29066
   1.09239  -3.29315
   1.11106  -3.31043
   1.12777  -3.32539
   1.13467  -3.33037
   1.14177  -3.33399
   1.16401  -3.34237
   1.19503  -3.35524
   1.19508  -3.35527
   1.19520  -3.35530
   1.23119  -3.36086
   1.24792  -3.36452
   1.27047  -3.36721
   1.27873  -3.36570
   1.29989  -3.36282
   1.31526  -3.36717
   1.34743  -3.37868
   1.35115  -3.37926
   1.35345  -3.38050
   1.39199  -3.37856
   1.39859  -3.37879
   1.40573  -3.38029
   1.43865  -3.39012
   1.44487  -3.38803
   1.46407  -3.38646
   1.46844  -3.38508
   1.49034  -3.37926
   1.49636  -3.38038
   1.50738  -3.37939
   1.52442  -3.37992
   1.53304  -3.38064
   1.55125  -3.38101
   1.57389  -3.37847
   1.57597  -3.37820
   1.57792  -3.37796
   1.60065  -3.37787
   1.62198  -3.37248
   1.62500  -3.37218
   1.62843  -3.37189
   1.65011  -3.36927
   1.66783  -3.36911
   1.67578  -3.36827
   1.68773  -3.36746
   1.70203  -3.36878
   1.71176  -3.36565
   1.73069  -3.36042
   1.73316  -3.35908
   1.75321  -3.34953
   1.76945  -3.34648
   1.79186  -3.34579
   1.80027  -3.34600
   1.80406  -3.34610
   1.81455  -3.34666
   1.83963  -3.34972
   1.84830  -3.34687
   1.85487  -3.34491
   1.86754  -3.33504
   1.88401  -3.32096
   1.89452  -3.31246
   1.91459  -3.30218
   1.92355  -3.30045
   1.94479  -3.29735
   1.96204  -3.29744
   1.98260  -3.29865
   1.99816  -3.29737
   2.00485  -3.29409
   2.01144  -3.28774
   2.02497  -3.26759
   2.04159  -3.24105
   2.04200  -3.24064
   2.04220  -3.24016
   2.04334  -3.23791
   2.05323  -3.20865
   2.05857  -3.18998
   2.06436  -3.17898
   2.07062  -3.16156
   2.07352  -3.14903
                    
   2.18010  -4.04394
   2.17713  -4.04285
   2.15462  -4.04016
   2.14937  -4.03818
   2.14195  -4.03579
   2.11953  -4.02929
   2.10438  -4.02441
   2.08944  -4.01808
   2.05637  -4.01821
   2.05182  -4.01802
   2.05002  -4.01735
   2.04707  -4.01625
   2.01467  -4.00782
   1.99922  -4.00760
   1.98038  -4.01163
   1.95178  -4.02443
   1.94251  -4.02805
   1.93807  -4.02935
   1.92252  -4.03349
   1.89376  -4.04008
   1.88405  -4.04423
   1.87105  -4.04185
   1.84535  -4.03791
   1.83299  -4.03523
   1.80999  -4.03741
   1.80291  -4.03778
   1.77393  -4.04599
   1.76685  -4.04597
   1.75117  -4.04544
   1.72975  -4.04718
   1.71521  -4.04843
   1.69380  -4.04646
   1.66334  -4.04135
   1.65930  -4.04112
   1.65867  -4.04109
   1.65802  -4.04120
   1.64312  -4.04283
   1.62500  -4.04507
   1.59509  -4.04686
   1.59085  -4.04662
   1.58290  -4.04946
   1.55372  -4.06050
   1.54428  -4.06340
   1.51546  -4.06507
   1.51454  -4.06528
   1.48844  -4.06997
   1.47526  -4.06765
   1.45632  -4.06355
   1.43629  -4.06094
   1.42740  -4.06161
   1.42090  -4.06561
   1.39137  -4.08058
   1.38438  -4.08572
   1.38112  -4.08805
   1.37636  -4.08690
   1.36584  -4.08418
   1.32926  -4.07861
   1.32080  -4.07733
   1.31004  -4.07607
   1.29993  -4.08605
   1.28508  -4.09839
   1.27434  -4.10695
   1.26127  -4.11920
   1.23737  -4.13271
   1.23220  -4.13524
   1.22914  -4.13671
   1.21611  -4.14354
   1.20380  -4.14963
   1.18354  -4.16093
   1.17648  -4.16347
                    
   1.19508  -3.35527
   1.19506  -3.35526
                    
   2.70835   0.40627
   2.72159   0.39107
   2.72766   0.38469
   2.73519   0.38059
   2.75340   0.37028
   2.76973   0.36078
   2.78012   0.35474
   2.79476   0.34897
   2.80941   0.34193
   2.82075   0.33628
   2.84010   0.32776
   2.86729   0.32113
   2.87301   0.31951
   2.87502   0.31895
   2.87928   0.31772
   2.91089   0.30698
   2.92516   0.30429
   2.95009   0.29991
   2.95069   0.29987
   2.97583   0.29703
   2.99698   0.29284
   3.00412   0.29303
   3.02457   0.29252
   3.04523   0.29244
   3.05443   0.29323
   3.07197   0.29386
   3.08036   0.29383
   3.10356   0.29233
   3.11438   0.29083
   3.11833   0.29105
   3.13017   0.29039
   3.14404   0.29112
   3.16338   0.29096
   3.17197   0.29123
   3.18255   0.29283
   3.19808   0.29445
   3.21148   0.29518
   3.22416   0.29535
   3.23708   0.29689
   3.25000   0.29812
   3.26450   0.29882
   3.27613   0.29866
   3.28600   0.29955
   3.30308   0.30104
   3.32839   0.30134
   3.33070   0.30119
   3.33229   0.30127
   3.33605   0.30213
   3.36319   0.31099
   3.37621   0.31402
   3.39760   0.31652
   3.40286   0.31759
   3.42293   0.32065
   3.43672   0.32341
   3.45817   0.32625
   3.47022   0.33004
   3.48298   0.33273
   3.50340   0.33955
   3.51951   0.34385
   3.54218   0.35194
   3.54747   0.35452
   3.56894   0.36405
   3.57712   0.36788
   3.59387   0.37513
   3.61083   0.38111
   3.61874   0.38522
   3.64289   0.39582
   3.64781   0.39781
   3.66846   0.40763
   3.67227   0.41025
   3.67636   0.41377
   3.69561   0.43030
   3.71300   0.44502
   3.71803   0.44920
   3.72185   0.45427
   3.73458   0.47289
                    
   2.76542  -0.47289
   2.78855  -0.45782
   2.78963  -0.45704
   2.79062  -0.45665
   2.79513  -0.45487
   2.82110  -0.44696
   2.84012  -0.44020
   2.85278  -0.43456
   2.88722  -0.42670
   2.89001  -0.42596
   2.89105  -0.42567
   2.89342  -0.42495
   2.92649  -0.41327
   2.94210  -0.40980
   2.96632  -0.40514
   2.97018  -0.40502
   2.99547  -0.40320
   3.02101  -0.39662
   3.02174  -0.39640
   3.04756  -0.39392
   3.06752  -0.39133
   3.08697  -0.39106
   3.10126  -0.39015
   3.10831  -0.38930
   3.13056  -0.38556
   3.14772  -0.38170
   3.15364  -0.38123
   3.16820  -0.37826
   3.18354  -0.37690
   3.20655  -0.37354
   3.21745  -0.37202
   3.23174  -0.37183
   3.25000  -0.37065
   3.26531  -0.36896
   3.28206  -0.36649
   3.29889  -0.36617
   3.31450  -0.36581
   3.33460  -0.36437
   3.34712  -0.36247
   3.35664  -0.36227
   3.38130  -0.36075
   3.39375  -0.35932
   3.41098  -0.35906
   3.41713  -0.35841
   3.44075  -0.36102
   3.45894  -0.36189
   3.46327  -0.36194
   3.47059  -0.36172
   3.50140  -0.35904
   3.51648  -0.35865
   3.53285  -0.35948
   3.55482  -0.36327
   3.56879  -0.36491
   3.57991  -0.36537
   3.61458  -0.36458
   3.62224  -0.36468
   3.62693  -0.36520
   3.63805  -0.36820
   3.66459  -0.37303
   3.67502  -0.37446
   3.70033  -0.37925
   3.70292  -0.38005
   3.72662  -0.38670
   3.73295  -0.38792
   3.74461  -0.38995
   3.76564  -0.39362
   3.77685  -0.39947
   3.79165  -0.40627
                    
   3.73314  -1.35376
   3.71696  -1.37216
   3.71481  -1.37560
   3.71129  -1.37750
   3.69782  -1.38031
   3.68064  -1.38285
   3.65957  -1.38689
   3.64788  -1.39417
   3.63924  -1.40570
   3.63508  -1.42471
   3.62819  -1.44993
   3.62535  -1.45767
   3.62425  -1.46018
   3.62177  -1.46071
   3.61610  -1.46202
   3.58319  -1.46574
   3.56962  -1.46818
   3.54529  -1.47879
   3.54277  -1.47921
   3.51948  -1.48412
   3.49563  -1.48292
   3.49173  -1.48289
   3.46739  -1.48295
   3.44361  -1.49278
   3.44337  -1.49289
   3.42155  -1.50215
   3.40176  -1.50267
   3.38860  -1.50406
   3.37385  -1.50640
   3.36637  -1.50840
   3.33990  -1.51756
   3.33238  -1.52067
   3.32975  -1.52031
   3.30458  -1.51857
   3.30331  -1.51854
   3.27936  -1.51808
   3.27712  -1.51819
   3.27462  -1.51801
   3.25000  -1.52394
   3.23503  -1.52875
   3.22388  -1.52961
   3.21224  -1.53160
   3.19775  -1.53177
   3.17973  -1.53299
   3.17166  -1.53577
   3.16334  -1.53729
   3.14274  -1.53343
   3.14161  -1.53328
   3.12005  -1.52868
   3.10959  -1.52702
   3.08678  -1.52795
   3.07678  -1.52810
   3.07285  -1.52826
   3.05963  -1.53150
   3.04525  -1.53572
   3.02441  -1.53734
   3.00456  -1.53562
   2.99691  -1.53535
   2.97586  -1.52935
   2.95266  -1.52631
   2.94778  -1.52590
   2.92538  -1.51945
   2.91249  -1.51939
   2.87917  -1.51042
   2.87486  -1.50937
   2.87300  -1.50892
   2.86877  -1.50823
   2.83681  -1.50452
   2.82085  -1.49041
   2.81297  -1.48165
   2.80689  -1.47477
   2.79052  -1.46003
   2.77144  -1.45389
   2.76027  -1.44879
   2.74583  -1.44247
   2.73157  -1.43818
   2.72278  -1.43056
   2.70633  -1.42456
                    
   2.76686  -2.30249
   2.78698  -2.28542
   2.78875  -2.28428
   2.79012  -2.28324
   2.79908  -2.27904
   2.81954  -2.27358
   2.83979  -2.26724
   2.85669  -2.26622
   2.88831  -2.25917
   2.89235  -2.25808
   2.89380  -2.25726
   2.89622  -2.25588
   2.92672  -2.24157
   2.94288  -2.24041
   2.96184  -2.23965
   2.98074  -2.24024
   2.99837  -2.23992
   3.01524  -2.23474
   3.03024  -2.22930
   3.04857  -2.22454
   3.06646  -2.22174
   3.09242  -2.22141
   3.10243  -2.22076
   3.10742  -2.21987
   3.12730  -2.21547
   3.14765  -2.21009
   3.15421  -2.21041
   3.18164  -2.21583
   3.21013  -2.21934
   3.21580  -2.21900
   3.22039  -2.21912
   3.23864  -2.21497
   3.25000  -2.21201
   3.27327  -2.20463
   3.28287  -2.20384
   3.29207  -2.20345
   3.31546  -2.19937
   3.33722  -2.19419
   3.34753  -2.19211
   3.35688  -2.18994
   3.38041  -2.19250
   3.38283  -2.19308
   3.40728  -2.19778
   3.42332  -2.19981
   3.44418  -2.20469
   3.45800  -2.20708
   3.46838  -2.20637
   3.50221  -2.20192
   3.51087  -2.20068
   3.51308  -2.20028
   3.51627  -2.20006
   3.56084  -2.19857
   3.56792  -2.19781
   3.57532  -2.19759
   3.61556  -2.19369
   3.62198  -2.19435
   3.62626  -2.19402
   3.63451  -2.19699
   3.66181  -2.20422
   3.67432  -2.20693
   3.69556  -2.21296
   3.71241  -2.21613
   3.72603  -2.21824
   3.73191  -2.21734
   3.75666  -2.21262
   3.77444  -2.20995
   3.77948  -2.21290
   3.79367  -2.23169
                    
   3.72667  -3.17539
   3.72226  -3.18399
   3.71306  -3.19897
   3.71189  -3.20075
   3.71032  -3.20253
   3.69128  -3.22151
   3.67147  -3.24121
   3.66962  -3.24328
   3.66753  -3.24478
   3.64618  -3.26373
   3.62226  -3.28531
   3.62172  -3.28575
   3.62127  -3.28600
   3.62020  -3.28605
   3.57622  -3.28758
   3.56827  -3.28844
   3.55664  -3.29081
   3.53304  -3.29692
   3.51820  -3.30554
   3.50153  -3.31532
   3.47751  -3.33133
   3.47142  -3.33453
   3.46702  -3.33582
   3.43501  -3.33581
   3.42320  -3.33673
   3.39988  -3.33484
   3.39508  -3.33503
   3.37458  -3.33681
   3.36533  -3.33938
   3.33219  -3.35205
   3.33142  -3.35237
   3.33116  -3.35240
   3.33027  -3.35254
   3.30339  -3.35345
   3.28530  -3.35552
   3.27630  -3.35564
   3.26575  -3.35595
   3.25000  -3.35671
   3.23604  -3.35809
   3.22410  -3.36018
   3.21204  -3.36007
   3.19792  -3.36090
   3.18166  -3.36269
   3.17171  -3.36405
   3.16389  -3.36401
   3.14273  -3.36152
   3.14152  -3.36144
   3.11991  -3.35745
   3.11085  -3.35784
   3.09456  -3.35952
   3.08058  -3.36281
   3.07159  -3.36529
   3.04928  -3.36959
   3.04604  -3.36879
   3.02448  -3.36464
   3.00442  -3.36358
   2.99679  -3.36358
   2.97592  -3.35569
   2.95688  -3.35033
   2.94043  -3.34668
   2.92568  -3.34293
   2.91678  -3.34289
   2.88637  -3.33724
   2.87551  -3.33672
   2.87301  -3.33665
   2.86717  -3.33502
   2.84005  -3.32855
   2.82083  -3.31873
   2.80948  -3.31424
   2.79275  -3.30805
   2.77938  -3.30251
   2.76977  -3.29507
   2.75570  -3.28290
   2.74310  -3.27186
   2.73322  -3.26412
   2.72387  -3.25308
   2.71503  -3.24123
                    
   2.77333  -4.13711
   2.79484  -4.12558
   2.79922  -4.12275
   2.80648  -4.11969
   2.82805  -4.10977
   2.84206  -4.10278
   2.85728  -4.09488
   2.88303  -4.08238
   2.88719  -4.07981
   2.88993  -4.07808
   2.90022  -4.07310
   2.91879  -4.06337
   2.94167  -4.06466
   2.96340  -4.06556
   2.97815  -4.06666
   2.99809  -4.06724
   3.01759  -4.05880
   3.02567  -4.05488
   3.04624  -4.04681
   3.06857  -4.04533
   3.08643  -4.04708
   3.10196  -4.04790
   3.10766  -4.04733
   3.12465  -4.04501
   3.14669  -4.04182
   3.15593  -4.04169
   3.18060  -4.03698
   3.18290  -4.03678
   3.20927  -4.03329
   3.21712  -4.03202
   3.22775  -4.03183
   3.25000  -4.03071
   3.26891  -4.02870
   3.28239  -4.02646
   3.29602  -4.02637
   3.31509  -4.02539
   3.33812  -4.02289
   3.34784  -4.02139
   3.35493  -4.02170
   3.38219  -4.01944
   3.38440  -4.01917
   3.41012  -4.01789
   3.41799  -4.01651
   3.44467  -4.01850
   3.45863  -4.01761
   3.46355  -4.01716
   3.47007  -4.01829
   3.50608  -4.02197
   3.51428  -4.02391
   3.52037  -4.02521
   3.56019  -4.02591
   3.56800  -4.02551
   3.57724  -4.02402
   3.61044  -4.01669
   3.62325  -4.01455
   3.63233  -4.01579
   3.65013  -4.02189
   3.66613  -4.02755
   3.67506  -4.03046
   3.70054  -4.03524
   3.70295  -4.03632
   3.72606  -4.04616
   3.72995  -4.04787
   3.73524  -4.05017
   3.75850  -4.05906
   3.77455  -4.06701
   3.78497  -4.07127
                    
   3.18594  -4.33030
   3.18636  -4.30532
   3.18666  -4.30186
   3.18980  -4.30021
   3.19376  -4.29908
   3.20052  -4.29961
   3.25000  -4.30299
   3.30590  -4.30224
   3.30651  -4.30218
   3.30689  -4.30227
   3.30735  -4.30242
   3.30748  -4.30288
   3.31592  -4.33012
                    
   3.31406  -2.98220
   3.30943  -3.00884
   3.30929  -3.01025
   3.30813  -3.01099
   3.30638  -3.01179
   3.30248  -3.01165
   3.25000  -3.01145
   3.20484  -3.01472
   3.19400  -3.01613
   3.18712  -3.01400
   3.18099  -3.01122
   3.18160  -3.00535
   3.18408  -2.98238
                    
   5.17401  -0.60748
   5.15049  -0.59079
   5.14826  -0.58909
   5.14761  -0.58865
   5.14222  -0.58767
   5.10058  -0.57692
   5.09326  -0.57459
   5.08339  -0.57254
   5.04716  -0.56301
   5.03582  -0.55986
   5.02462  -0.55839
   4.99746  -0.55926
   4.97342  -0.55814
   4.96301  -0.55731
   4.92794  -0.55519
   4.92353  -0.55475
   4.91773  -0.55607
   4.88263  -0.56259
   4.87500  -0.56394
   4.86179  -0.56602
   4.82519  -0.56934
   4.80735  -0.57429
   4.78799  -0.58228
   4.77125  -0.58841
   4.74994  -0.59518
   4.73333  -0.60304
   4.71092  -0.61237
   4.69713  -0.61745
   4.68974  -0.62170
   4.67863  -0.63190
   4.66379  -0.64330
                    
   4.57599   0.60748
   4.57507   0.58825
   4.57571   0.57555
   4.58526   0.56706
   4.60060   0.55536
   4.62599   0.53400
   4.62628   0.53374
   4.62637   0.53367
   4.62716   0.53349
   4.67170   0.51933
   4.67877   0.51655
   4.68766   0.51471
   4.72781   0.50377
   4.73465   0.50156
   4.74080   0.50084
   4.75440   0.50117
   4.78706   0.49874
   4.80100   0.49699
   4.83173   0.49459
   4.86594   0.49914
   4.87500   0.50020
   4.88712   0.50136
   4.91894   0.50225
   4.93886   0.50688
   4.96608   0.51657
   4.96669   0.51676
   4.99463   0.52603
   5.01870   0.53630
   5.02201   0.53798
   5.04572   0.54888
   5.05985   0.55898
   5.07204   0.57951
   5.07637   0.58581
   5.07954   0.59033
   5.09258   0.61113
   5.08888   0.63436
   5.08621   0.64330
                    
   4.59361  -1.21228
   4.59466  -1.22694
   4.59545  -1.24002
   4.59659  -1.24219
   4.59692  -1.24525
   4.61180  -1.26370
   4.61375  -1.26645
   4.62959  -1.28946
   4.63166  -1.29202
   4.66109  -1.29928
   4.68021  -1.30554
   4.68253  -1.30638
   4.68534  -1.30704
   4.73490  -1.32234
   4.73728  -1.32340
   4.73977  -1.32343
   4.74699  -1.32405
   4.78640  -1.32566
   4.80461  -1.32753
   4.82445  -1.33845
   4.83259  -1.34342
   4.84456  -1.33679
   4.86361  -1.32729
   4.87500  -1.32792
   4.88451  -1.32865
   4.91907  -1.32443
   4.94122  -1.32348
   4.96585  -1.31291
   4.96885  -1.31175
   4.99056  -1.29767
   5.00940  -1.28686
   5.02173  -1.28051
   5.03857  -1.27124
   5.04806  -1.26539
   5.06043  -1.25098
   5.07035  -1.24028
   5.07623  -1.23420
   5.09315  -1.21719
   5.08402  -1.19439
   5.07903  -1.18251
                    
   5.15639  -2.44397
   5.14005  -2.42743
   5.13392  -2.42293
   5.08722  -2.41118
   5.08628  -2.41090
   5.08553  -2.41071
   5.07763  -2.40867
   5.03510  -2.39468
   5.03129  -2.39278
   5.02577  -2.39080
   5.00627  -2.39040
   4.97331  -2.38566
   4.96459  -2.38402
   4.93483  -2.38261
   4.92343  -2.38163
   4.91458  -2.38442
   4.88542  -2.39244
   4.87500  -2.39524
   4.84993  -2.40105
   4.82451  -2.40526
   4.81481  -2.40814
   4.80519  -2.41272
   4.76959  -2.42594
   4.75733  -2.42976
   4.74782  -2.43439
   4.70813  -2.45088
   4.70426  -2.45218
   4.70184  -2.45330
   4.69676  -2.45684
   4.67097  -2.47374
                    
   4.57962  -3.04699
   4.57928  -3.06797
   4.57991  -3.07854
   4.58761  -3.08590
   4.60276  -3.09982
   4.62560  -3.12260
   4.62581  -3.12284
   4.62599  -3.12295
   4.62636  -3.12304
   4.67214  -3.13675
   4.67903  -3.13934
   4.68743  -3.14090
   4.73032  -3.15175
   4.73582  -3.15328
   4.74030  -3.15353
   4.74976  -3.15324
   4.78633  -3.15336
   4.80572  -3.15456
   4.83142  -3.15812
   4.86081  -3.15341
   4.87500  -3.15147
   4.89492  -3.14945
   4.91943  -3.14846
   4.93324  -3.14420
   4.95380  -3.13737
   4.96718  -3.13350
   4.99214  -3.12750
   5.01907  -3.11857
   5.02057  -3.11788
   5.04570  -3.10735
   5.06009  -3.09735
   5.07058  -3.07702
   5.07457  -3.06982
   5.07782  -3.06404
   5.08892  -3.04382
   5.08536  -3.02234
   5.08153  -3.01143
                    
   4.66847  -4.30107
   4.68860  -4.28648
   4.69601  -4.27978
   4.70073  -4.27706
   4.70968  -4.27322
   4.73699  -4.26014
   4.75109  -4.25245
   4.77073  -4.24761
   4.79690  -4.23979
   4.81271  -4.23468
   4.82461  -4.23223
   4.84704  -4.23078
   4.87500  -4.22701
   4.89133  -4.22413
   4.92415  -4.21808
   4.95816  -4.21780
   4.97403  -4.21790
   5.00168  -4.21698
   5.02452  -4.21427
   5.03638  -4.21552
   5.04835  -4.21890
   5.08363  -4.22946
   5.09259  -4.23164
   5.09894  -4.23381
   5.13179  -4.24334
   5.14489  -4.24616
   5.14668  -4.24734
   5.15285  -4.25211
   5.17038  -4.26551
                    
