    0.0000    0.7042
    0.0000    0.0000
    0.7042    0.0000
    0.0000    0.0000
    0.6771    0.0000
    0.6770    0.0118
    0.6767    0.0236
    0.6762    0.0354
    0.6754    0.0472
    0.6745    0.0590
    0.6734    0.0708
    0.6720    0.0825
    0.6705    0.0942
    0.6687    0.1059
    0.6668    0.1176
    0.6646    0.1292
    0.6623    0.1408
    0.6597    0.1523
    0.6570    0.1638
    0.6540    0.1752
    0.6509    0.1866
    0.6475    0.1980
    0.6439    0.2092
    0.6402    0.2204
    0.6363    0.2316
    0.6321    0.2426
    0.6278    0.2536
    0.6233    0.2646
    0.6185    0.2754
    0.6136    0.2861
    0.6086    0.2968
    0.6033    0.3074
    0.5978    0.3179
    0.5922    0.3283
    0.5864    0.3385
    0.5804    0.3487
    0.5742    0.3588
    0.5678    0.3688
    0.5613    0.3786
    0.5546    0.3884
    0.5478    0.3980
    0.5407    0.4075
    0.5335    0.4169
    0.5262    0.4261
    0.5187    0.4352
    0.5110    0.4442
    0.5032    0.4531
    0.4952    0.4618
    0.4871    0.4703
    0.4788    0.4788
    0.4703    0.4871
    0.4618    0.4952
    0.4531    0.5032
    0.4442    0.5110
    0.4352    0.5187
    0.4261    0.5262
    0.4169    0.5335
    0.4075    0.5407
    0.3980    0.5478
    0.3884    0.5546
    0.3786    0.5613
    0.3688    0.5678
    0.3588    0.5742
    0.3487    0.5804
    0.3385    0.5864
    0.3283    0.5922
    0.3179    0.5978
    0.3074    0.6033
    0.2968    0.6086
    0.2861    0.6136
    0.2754    0.6185
    0.2646    0.6233
    0.2536    0.6278
    0.2426    0.6321
    0.2316    0.6363
    0.2204    0.6402
    0.2092    0.6439
    0.1980    0.6475
    0.1866    0.6509
    0.1752    0.6540
    0.1638    0.6570
    0.1523    0.6597
    0.1408    0.6623
    0.1292    0.6646
    0.1176    0.6668
    0.1059    0.6687
    0.0942    0.6705
    0.0825    0.6720
    0.0708    0.6734
    0.0590    0.6745
    0.0472    0.6754
    0.0354    0.6762
    0.0236    0.6767
    0.0118    0.6770
   -0.0000    0.6771
   -0.0118    0.6770
   -0.0236    0.6767
   -0.0354    0.6762
   -0.0472    0.6754
   -0.0590    0.6745
   -0.0708    0.6734
   -0.0825    0.6720
   -0.0942    0.6705
   -0.1059    0.6687
   -0.1176    0.6668
   -0.1292    0.6646
   -0.1408    0.6623
   -0.1523    0.6597
   -0.1638    0.6570
   -0.1752    0.6540
   -0.1866    0.6509
   -0.1980    0.6475
   -0.2092    0.6439
   -0.2204    0.6402
   -0.2316    0.6363
   -0.2426    0.6321
   -0.2536    0.6278
   -0.2646    0.6233
   -0.2754    0.6185
   -0.2861    0.6136
   -0.2968    0.6086
   -0.3074    0.6033
   -0.3179    0.5978
   -0.3283    0.5922
   -0.3385    0.5864
   -0.3487    0.5804
   -0.3588    0.5742
   -0.3688    0.5678
   -0.3786    0.5613
   -0.3884    0.5546
   -0.3980    0.5478
   -0.4075    0.5407
   -0.4169    0.5335
   -0.4261    0.5262
   -0.4352    0.5187
   -0.4442    0.5110
   -0.4531    0.5032
   -0.4618    0.4952
   -0.4703    0.4871
   -0.4788    0.4788
   -0.4871    0.4703
   -0.4952    0.4618
   -0.5032    0.4531
   -0.5110    0.4442
   -0.5187    0.4352
   -0.5262    0.4261
   -0.5335    0.4169
   -0.5407    0.4075
   -0.5478    0.3980
   -0.5546    0.3884
   -0.5613    0.3786
   -0.5678    0.3688
   -0.5742    0.3588
   -0.5804    0.3487
   -0.5864    0.3385
   -0.5922    0.3283
   -0.5978    0.3179
   -0.6033    0.3074
   -0.6086    0.2968
   -0.6136    0.2861
   -0.6185    0.2754
   -0.6233    0.2646
   -0.6278    0.2536
   -0.6321    0.2426
   -0.6363    0.2316
   -0.6402    0.2204
   -0.6439    0.2092
   -0.6475    0.1980
   -0.6509    0.1866
   -0.6540    0.1752
   -0.6570    0.1638
   -0.6597    0.1523
   -0.6623    0.1408
   -0.6646    0.1292
   -0.6668    0.1176
   -0.6687    0.1059
   -0.6705    0.0942
   -0.6720    0.0825
   -0.6734    0.0708
   -0.6745    0.0590
   -0.6754    0.0472
   -0.6762    0.0354
   -0.6767    0.0236
   -0.6770    0.0118
   -0.6771   -0.0000
   -0.6770   -0.0118
   -0.6767   -0.0236
   -0.6762   -0.0354
   -0.6754   -0.0472
   -0.6745   -0.0590
   -0.6734   -0.0708
   -0.6720   -0.0825
   -0.6705   -0.0942
   -0.6687   -0.1059
   -0.6668   -0.1176
   -0.6646   -0.1292
   -0.6623   -0.1408
   -0.6597   -0.1523
   -0.6570   -0.1638
   -0.6540   -0.1752
   -0.6509   -0.1866
   -0.6475   -0.1980
   -0.6439   -0.2092
   -0.6402   -0.2204
   -0.6363   -0.2316
   -0.6321   -0.2426
   -0.6278   -0.2536
   -0.6233   -0.2646
   -0.6185   -0.2754
   -0.6136   -0.2861
   -0.6086   -0.2968
   -0.6033   -0.3074
   -0.5978   -0.3179
   -0.5922   -0.3283
   -0.5864   -0.3385
   -0.5804   -0.3487
   -0.5742   -0.3588
   -0.5678   -0.3688
   -0.5613   -0.3786
   -0.5546   -0.3884
   -0.5478   -0.3980
   -0.5407   -0.4075
   -0.5335   -0.4169
   -0.5262   -0.4261
   -0.5187   -0.4352
   -0.5110   -0.4442
   -0.5032   -0.4531
   -0.4952   -0.4618
   -0.4871   -0.4703
   -0.4788   -0.4788
   -0.4703   -0.4871
   -0.4618   -0.4952
   -0.4531   -0.5032
   -0.4442   -0.5110
   -0.4352   -0.5187
   -0.4261   -0.5262
   -0.4169   -0.5335
   -0.4075   -0.5407
   -0.3980   -0.5478
   -0.3884   -0.5546
   -0.3786   -0.5613
   -0.3688   -0.5678
   -0.3588   -0.5742
   -0.3487   -0.5804
   -0.3385   -0.5864
   -0.3283   -0.5922
   -0.3179   -0.5978
   -0.3074   -0.6033
   -0.2968   -0.6086
   -0.2861   -0.6136
   -0.2754   -0.6185
   -0.2646   -0.6233
   -0.2536   -0.6278
   -0.2426   -0.6321
   -0.2316   -0.6363
   -0.2204   -0.6402
   -0.2092   -0.6439
   -0.1980   -0.6475
   -0.1866   -0.6509
   -0.1752   -0.6540
   -0.1638   -0.6570
   -0.1523   -0.6597
   -0.1408   -0.6623
   -0.1292   -0.6646
   -0.1176   -0.6668
   -0.1059   -0.6687
   -0.0942   -0.6705
   -0.0825   -0.6720
   -0.0708   -0.6734
   -0.0590   -0.6745
   -0.0472   -0.6754
   -0.0354   -0.6762
   -0.0236   -0.6767
   -0.0118   -0.6770
    0.0000   -0.6771
    0.0118   -0.6770
    0.0236   -0.6767
    0.0354   -0.6762
    0.0472   -0.6754
    0.0590   -0.6745
    0.0708   -0.6734
    0.0825   -0.6720
    0.0942   -0.6705
    0.1059   -0.6687
    0.1176   -0.6668
    0.1292   -0.6646
    0.1408   -0.6623
    0.1523   -0.6597
    0.1638   -0.6570
    0.1752   -0.6540
    0.1866   -0.6509
    0.1980   -0.6475
    0.2092   -0.6439
    0.2204   -0.6402
    0.2316   -0.6363
    0.2426   -0.6321
    0.2536   -0.6278
    0.2646   -0.6233
    0.2754   -0.6185
    0.2861   -0.6136
    0.2968   -0.6086
    0.3074   -0.6033
    0.3179   -0.5978
    0.3283   -0.5922
    0.3385   -0.5864
    0.3487   -0.5804
    0.3588   -0.5742
    0.3688   -0.5678
    0.3786   -0.5613
    0.3884   -0.5546
    0.3980   -0.5478
    0.4075   -0.5407
    0.4169   -0.5335
    0.4261   -0.5262
    0.4352   -0.5187
    0.4442   -0.5110
    0.4531   -0.5032
    0.4618   -0.4952
    0.4703   -0.4871
    0.4788   -0.4788
    0.4871   -0.4703
    0.4952   -0.4618
    0.5032   -0.4531
    0.5110   -0.4442
    0.5187   -0.4352
    0.5262   -0.4261
    0.5335   -0.4169
    0.5407   -0.4075
    0.5478   -0.3980
    0.5546   -0.3884
    0.5613   -0.3786
    0.5678   -0.3688
    0.5742   -0.3588
    0.5804   -0.3487
    0.5864   -0.3385
    0.5922   -0.3283
    0.5978   -0.3179
    0.6033   -0.3074
    0.6086   -0.2968
    0.6136   -0.2861
    0.6185   -0.2754
    0.6233   -0.2646
    0.6278   -0.2536
    0.6321   -0.2426
    0.6363   -0.2316
    0.6402   -0.2204
    0.6439   -0.2092
    0.6475   -0.1980
    0.6509   -0.1866
    0.6540   -0.1752
    0.6570   -0.1638
    0.6597   -0.1523
    0.6623   -0.1408
    0.6646   -0.1292
    0.6668   -0.1176
    0.6687   -0.1059
    0.6705   -0.0942
    0.6720   -0.0825
    0.6734   -0.0708
    0.6745   -0.0590
    0.6754   -0.0472
    0.6762   -0.0354
    0.6767   -0.0236
    0.6770   -0.0118
    0.6771    0.0000
    0.0000    0.0000
                    
    0.0000   -1.1240
    0.0000   -1.8281
    0.7042   -1.8281
    0.0000   -1.8281
    0.6771   -1.8281
    0.6770   -1.8163
    0.6767   -1.8045
    0.6762   -1.7927
    0.6754   -1.7809
    0.6745   -1.7691
    0.6734   -1.7574
    0.6720   -1.7456
    0.6705   -1.7339
    0.6687   -1.7222
    0.6668   -1.7106
    0.6646   -1.6989
    0.6623   -1.6874
    0.6597   -1.6758
    0.6570   -1.6643
    0.6540   -1.6529
    0.6509   -1.6415
    0.6475   -1.6302
    0.6439   -1.6189
    0.6402   -1.6077
    0.6363   -1.5965
    0.6321   -1.5855
    0.6278   -1.5745
    0.6233   -1.5636
    0.6185   -1.5527
    0.6136   -1.5420
    0.6086   -1.5313
    0.6033   -1.5207
    0.5978   -1.5103
    0.5922   -1.4999
    0.5864   -1.4896
    0.5804   -1.4794
    0.5742   -1.4693
    0.5678   -1.4594
    0.5613   -1.4495
    0.5546   -1.4398
    0.5478   -1.4301
    0.5407   -1.4206
    0.5335   -1.4113
    0.5262   -1.4020
    0.5187   -1.3929
    0.5110   -1.3839
    0.5032   -1.3751
    0.4952   -1.3664
    0.4871   -1.3578
    0.4788   -1.3494
    0.4703   -1.3411
    0.4618   -1.3329
    0.4531   -1.3250
    0.4442   -1.3171
    0.4352   -1.3094
    0.4261   -1.3019
    0.4169   -1.2946
    0.4075   -1.2874
    0.3980   -1.2804
    0.3884   -1.2735
    0.3786   -1.2668
    0.3688   -1.2603
    0.3588   -1.2539
    0.3487   -1.2478
    0.3385   -1.2418
    0.3283   -1.2359
    0.3179   -1.2303
    0.3074   -1.2248
    0.2968   -1.2196
    0.2861   -1.2145
    0.2754   -1.2096
    0.2646   -1.2049
    0.2536   -1.2003
    0.2426   -1.1960
    0.2316   -1.1919
    0.2204   -1.1879
    0.2092   -1.1842
    0.1980   -1.1806
    0.1866   -1.1773
    0.1752   -1.1741
    0.1638   -1.1712
    0.1523   -1.1684
    0.1408   -1.1658
    0.1292   -1.1635
    0.1176   -1.1613
    0.1059   -1.1594
    0.0942   -1.1576
    0.0825   -1.1561
    0.0708   -1.1548
    0.0590   -1.1536
    0.0472   -1.1527
    0.0354   -1.1520
    0.0236   -1.1515
    0.0118   -1.1511
   -0.0000   -1.1510
   -0.0118   -1.1511
   -0.0236   -1.1515
   -0.0354   -1.1520
   -0.0472   -1.1527
   -0.0590   -1.1536
   -0.0708   -1.1548
   -0.0825   -1.1561
   -0.0942   -1.1576
   -0.1059   -1.1594
   -0.1176   -1.1613
   -0.1292   -1.1635
   -0.1408   -1.1658
   -0.1523   -1.1684
   -0.1638   -1.1712
   -0.1752   -1.1741
   -0.1866   -1.1773
   -0.1980   -1.1806
   -0.2092   -1.1842
   -0.2204   -1.1879
   -0.2316   -1.1919
   -0.2426   -1.1960
   -0.2536   -1.2003
   -0.2646   -1.2049
   -0.2754   -1.2096
   -0.2861   -1.2145
   -0.2968   -1.2196
   -0.3074   -1.2248
   -0.3179   -1.2303
   -0.3283   -1.2359
   -0.3385   -1.2418
   -0.3487   -1.2478
   -0.3588   -1.2539
   -0.3688   -1.2603
   -0.3786   -1.2668
   -0.3884   -1.2735
   -0.3980   -1.2804
   -0.4075   -1.2874
   -0.4169   -1.2946
   -0.4261   -1.3019
   -0.4352   -1.3094
   -0.4442   -1.3171
   -0.4531   -1.3250
   -0.4618   -1.3329
   -0.4703   -1.3411
   -0.4788   -1.3494
   -0.4871   -1.3578
   -0.4952   -1.3664
   -0.5032   -1.3751
   -0.5110   -1.3839
   -0.5187   -1.3929
   -0.5262   -1.4020
   -0.5335   -1.4113
   -0.5407   -1.4206
   -0.5478   -1.4301
   -0.5546   -1.4398
   -0.5613   -1.4495
   -0.5678   -1.4594
   -0.5742   -1.4693
   -0.5804   -1.4794
   -0.5864   -1.4896
   -0.5922   -1.4999
   -0.5978   -1.5103
   -0.6033   -1.5207
   -0.6086   -1.5313
   -0.6136   -1.5420
   -0.6185   -1.5527
   -0.6233   -1.5636
   -0.6278   -1.5745
   -0.6321   -1.5855
   -0.6363   -1.5965
   -0.6402   -1.6077
   -0.6439   -1.6189
   -0.6475   -1.6302
   -0.6509   -1.6415
   -0.6540   -1.6529
   -0.6570   -1.6643
   -0.6597   -1.6758
   -0.6623   -1.6874
   -0.6646   -1.6989
   -0.6668   -1.7106
   -0.6687   -1.7222
   -0.6705   -1.7339
   -0.6720   -1.7456
   -0.6734   -1.7574
   -0.6745   -1.7691
   -0.6754   -1.7809
   -0.6762   -1.7927
   -0.6767   -1.8045
   -0.6770   -1.8163
   -0.6771   -1.8281
   -0.6770   -1.8399
   -0.6767   -1.8518
   -0.6762   -1.8636
   -0.6754   -1.8754
   -0.6745   -1.8871
   -0.6734   -1.8989
   -0.6720   -1.9106
   -0.6705   -1.9224
   -0.6687   -1.9340
   -0.6668   -1.9457
   -0.6646   -1.9573
   -0.6623   -1.9689
   -0.6597   -1.9804
   -0.6570   -1.9919
   -0.6540   -2.0034
   -0.6509   -2.0148
   -0.6475   -2.0261
   -0.6439   -2.0374
   -0.6402   -2.0486
   -0.6363   -2.0597
   -0.6321   -2.0708
   -0.6278   -2.0818
   -0.6233   -2.0927
   -0.6185   -2.1035
   -0.6136   -2.1143
   -0.6086   -2.1249
   -0.6033   -2.1355
   -0.5978   -2.1460
   -0.5922   -2.1564
   -0.5864   -2.1667
   -0.5804   -2.1768
   -0.5742   -2.1869
   -0.5678   -2.1969
   -0.5613   -2.2067
   -0.5546   -2.2165
   -0.5478   -2.2261
   -0.5407   -2.2356
   -0.5335   -2.2450
   -0.5262   -2.2542
   -0.5187   -2.2633
   -0.5110   -2.2723
   -0.5032   -2.2812
   -0.4952   -2.2899
   -0.4871   -2.2985
   -0.4788   -2.3069
   -0.4703   -2.3152
   -0.4618   -2.3233
   -0.4531   -2.3313
   -0.4442   -2.3391
   -0.4352   -2.3468
   -0.4261   -2.3543
   -0.4169   -2.3617
   -0.4075   -2.3689
   -0.3980   -2.3759
   -0.3884   -2.3828
   -0.3786   -2.3895
   -0.3688   -2.3960
   -0.3588   -2.4023
   -0.3487   -2.4085
   -0.3385   -2.4145
   -0.3283   -2.4203
   -0.3179   -2.4260
   -0.3074   -2.4314
   -0.2968   -2.4367
   -0.2861   -2.4418
   -0.2754   -2.4467
   -0.2646   -2.4514
   -0.2536   -2.4559
   -0.2426   -2.4602
   -0.2316   -2.4644
   -0.2204   -2.4683
   -0.2092   -2.4721
   -0.1980   -2.4756
   -0.1866   -2.4790
   -0.1752   -2.4821
   -0.1638   -2.4851
   -0.1523   -2.4879
   -0.1408   -2.4904
   -0.1292   -2.4928
   -0.1176   -2.4949
   -0.1059   -2.4969
   -0.0942   -2.4986
   -0.0825   -2.5002
   -0.0708   -2.5015
   -0.0590   -2.5026
   -0.0472   -2.5036
   -0.0354   -2.5043
   -0.0236   -2.5048
   -0.0118   -2.5051
    0.0000   -2.5052
    0.0118   -2.5051
    0.0236   -2.5048
    0.0354   -2.5043
    0.0472   -2.5036
    0.0590   -2.5026
    0.0708   -2.5015
    0.0825   -2.5002
    0.0942   -2.4986
    0.1059   -2.4969
    0.1176   -2.4949
    0.1292   -2.4928
    0.1408   -2.4904
    0.1523   -2.4879
    0.1638   -2.4851
    0.1752   -2.4821
    0.1866   -2.4790
    0.1980   -2.4756
    0.2092   -2.4721
    0.2204   -2.4683
    0.2316   -2.4644
    0.2426   -2.4602
    0.2536   -2.4559
    0.2646   -2.4514
    0.2754   -2.4467
    0.2861   -2.4418
    0.2968   -2.4367
    0.3074   -2.4314
    0.3179   -2.4260
    0.3283   -2.4203
    0.3385   -2.4145
    0.3487   -2.4085
    0.3588   -2.4023
    0.3688   -2.3960
    0.3786   -2.3895
    0.3884   -2.3828
    0.3980   -2.3759
    0.4075   -2.3689
    0.4169   -2.3617
    0.4261   -2.3543
    0.4352   -2.3468
    0.4442   -2.3391
    0.4531   -2.3313
    0.4618   -2.3233
    0.4703   -2.3152
    0.4788   -2.3069
    0.4871   -2.2985
    0.4952   -2.2899
    0.5032   -2.2812
    0.5110   -2.2723
    0.5187   -2.2633
    0.5262   -2.2542
    0.5335   -2.2450
    0.5407   -2.2356
    0.5478   -2.2261
    0.5546   -2.2165
    0.5613   -2.2067
    0.5678   -2.1969
    0.5742   -2.1869
    0.5804   -2.1768
    0.5864   -2.1667
    0.5922   -2.1564
    0.5978   -2.1460
    0.6033   -2.1355
    0.6086   -2.1249
    0.6136   -2.1143
    0.6185   -2.1035
    0.6233   -2.0927
    0.6278   -2.0818
    0.6321   -2.0708
    0.6363   -2.0597
    0.6402   -2.0486
    0.6439   -2.0374
    0.6475   -2.0261
    0.6509   -2.0148
    0.6540   -2.0034
    0.6570   -1.9919
    0.6597   -1.9804
    0.6623   -1.9689
    0.6646   -1.9573
    0.6668   -1.9457
    0.6687   -1.9340
    0.6705   -1.9224
    0.6720   -1.9106
    0.6734   -1.8989
    0.6745   -1.8871
    0.6754   -1.8754
    0.6762   -1.8636
    0.6767   -1.8518
    0.6770   -1.8399
    0.6771   -1.8281
    0.0000   -1.8281
                    
    0.0000   -2.9521
    0.0000   -3.6562
    0.7042   -3.6562
    0.0000   -3.6562
    0.6771   -3.6562
    0.6770   -3.6444
    0.6767   -3.6326
    0.6762   -3.6208
    0.6754   -3.6090
    0.6745   -3.5972
    0.6734   -3.5855
    0.6720   -3.5737
    0.6705   -3.5620
    0.6687   -3.5503
    0.6668   -3.5387
    0.6646   -3.5271
    0.6623   -3.5155
    0.6597   -3.5039
    0.6570   -3.4924
    0.6540   -3.4810
    0.6509   -3.4696
    0.6475   -3.4583
    0.6439   -3.4470
    0.6402   -3.4358
    0.6363   -3.4247
    0.6321   -3.4136
    0.6278   -3.4026
    0.6233   -3.3917
    0.6185   -3.3809
    0.6136   -3.3701
    0.6086   -3.3594
    0.6033   -3.3489
    0.5978   -3.3384
    0.5922   -3.3280
    0.5864   -3.3177
    0.5804   -3.3075
    0.5742   -3.2975
    0.5678   -3.2875
    0.5613   -3.2776
    0.5546   -3.2679
    0.5478   -3.2583
    0.5407   -3.2488
    0.5335   -3.2394
    0.5262   -3.2301
    0.5187   -3.2210
    0.5110   -3.2120
    0.5032   -3.2032
    0.4952   -3.1945
    0.4871   -3.1859
    0.4788   -3.1775
    0.4703   -3.1692
    0.4618   -3.1611
    0.4531   -3.1531
    0.4442   -3.1452
    0.4352   -3.1376
    0.4261   -3.1301
    0.4169   -3.1227
    0.4075   -3.1155
    0.3980   -3.1085
    0.3884   -3.1016
    0.3786   -3.0949
    0.3688   -3.0884
    0.3588   -3.0821
    0.3487   -3.0759
    0.3385   -3.0699
    0.3283   -3.0641
    0.3179   -3.0584
    0.3074   -3.0530
    0.2968   -3.0477
    0.2861   -3.0426
    0.2754   -3.0377
    0.2646   -3.0330
    0.2536   -3.0285
    0.2426   -3.0241
    0.2316   -3.0200
    0.2204   -3.0161
    0.2092   -3.0123
    0.1980   -3.0088
    0.1866   -3.0054
    0.1752   -3.0022
    0.1638   -2.9993
    0.1523   -2.9965
    0.1408   -2.9940
    0.1292   -2.9916
    0.1176   -2.9895
    0.1059   -2.9875
    0.0942   -2.9858
    0.0825   -2.9842
    0.0708   -2.9829
    0.0590   -2.9817
    0.0472   -2.9808
    0.0354   -2.9801
    0.0236   -2.9796
    0.0118   -2.9793
   -0.0000   -2.9792
   -0.0118   -2.9793
   -0.0236   -2.9796
   -0.0354   -2.9801
   -0.0472   -2.9808
   -0.0590   -2.9817
   -0.0708   -2.9829
   -0.0825   -2.9842
   -0.0942   -2.9858
   -0.1059   -2.9875
   -0.1176   -2.9895
   -0.1292   -2.9916
   -0.1408   -2.9940
   -0.1523   -2.9965
   -0.1638   -2.9993
   -0.1752   -3.0022
   -0.1866   -3.0054
   -0.1980   -3.0088
   -0.2092   -3.0123
   -0.2204   -3.0161
   -0.2316   -3.0200
   -0.2426   -3.0241
   -0.2536   -3.0285
   -0.2646   -3.0330
   -0.2754   -3.0377
   -0.2861   -3.0426
   -0.2968   -3.0477
   -0.3074   -3.0530
   -0.3179   -3.0584
   -0.3283   -3.0641
   -0.3385   -3.0699
   -0.3487   -3.0759
   -0.3588   -3.0821
   -0.3688   -3.0884
   -0.3786   -3.0949
   -0.3884   -3.1016
   -0.3980   -3.1085
   -0.4075   -3.1155
   -0.4169   -3.1227
   -0.4261   -3.1301
   -0.4352   -3.1376
   -0.4442   -3.1452
   -0.4531   -3.1531
   -0.4618   -3.1611
   -0.4703   -3.1692
   -0.4788   -3.1775
   -0.4871   -3.1859
   -0.4952   -3.1945
   -0.5032   -3.2032
   -0.5110   -3.2120
   -0.5187   -3.2210
   -0.5262   -3.2301
   -0.5335   -3.2394
   -0.5407   -3.2488
   -0.5478   -3.2583
   -0.5546   -3.2679
   -0.5613   -3.2776
   -0.5678   -3.2875
   -0.5742   -3.2975
   -0.5804   -3.3075
   -0.5864   -3.3177
   -0.5922   -3.3280
   -0.5978   -3.3384
   -0.6033   -3.3489
   -0.6086   -3.3594
   -0.6136   -3.3701
   -0.6185   -3.3809
   -0.6233   -3.3917
   -0.6278   -3.4026
   -0.6321   -3.4136
   -0.6363   -3.4247
   -0.6402   -3.4358
   -0.6439   -3.4470
   -0.6475   -3.4583
   -0.6509   -3.4696
   -0.6540   -3.4810
   -0.6570   -3.4924
   -0.6597   -3.5039
   -0.6623   -3.5155
   -0.6646   -3.5271
   -0.6668   -3.5387
   -0.6687   -3.5503
   -0.6705   -3.5620
   -0.6720   -3.5737
   -0.6734   -3.5855
   -0.6745   -3.5972
   -0.6754   -3.6090
   -0.6762   -3.6208
   -0.6767   -3.6326
   -0.6770   -3.6444
   -0.6771   -3.6562
   -0.6770   -3.6681
   -0.6767   -3.6799
   -0.6762   -3.6917
   -0.6754   -3.7035
   -0.6745   -3.7153
   -0.6734   -3.7270
   -0.6720   -3.7388
   -0.6705   -3.7505
   -0.6687   -3.7622
   -0.6668   -3.7738
   -0.6646   -3.7854
   -0.6623   -3.7970
   -0.6597   -3.8086
   -0.6570   -3.8201
   -0.6540   -3.8315
   -0.6509   -3.8429
   -0.6475   -3.8542
   -0.6439   -3.8655
   -0.6402   -3.8767
   -0.6363   -3.8878
   -0.6321   -3.8989
   -0.6278   -3.9099
   -0.6233   -3.9208
   -0.6185   -3.9316
   -0.6136   -3.9424
   -0.6086   -3.9531
   -0.6033   -3.9636
   -0.5978   -3.9741
   -0.5922   -3.9845
   -0.5864   -3.9948
   -0.5804   -4.0050
   -0.5742   -4.0150
   -0.5678   -4.0250
   -0.5613   -4.0349
   -0.5546   -4.0446
   -0.5478   -4.0542
   -0.5407   -4.0637
   -0.5335   -4.0731
   -0.5262   -4.0824
   -0.5187   -4.0915
   -0.5110   -4.1005
   -0.5032   -4.1093
   -0.4952   -4.1180
   -0.4871   -4.1266
   -0.4788   -4.1350
   -0.4703   -4.1433
   -0.4618   -4.1514
   -0.4531   -4.1594
   -0.4442   -4.1673
   -0.4352   -4.1749
   -0.4261   -4.1824
   -0.4169   -4.1898
   -0.4075   -4.1970
   -0.3980   -4.2040
   -0.3884   -4.2109
   -0.3786   -4.2176
   -0.3688   -4.2241
   -0.3588   -4.2304
   -0.3487   -4.2366
   -0.3385   -4.2426
   -0.3283   -4.2484
   -0.3179   -4.2541
   -0.3074   -4.2595
   -0.2968   -4.2648
   -0.2861   -4.2699
   -0.2754   -4.2748
   -0.2646   -4.2795
   -0.2536   -4.2840
   -0.2426   -4.2884
   -0.2316   -4.2925
   -0.2204   -4.2964
   -0.2092   -4.3002
   -0.1980   -4.3037
   -0.1866   -4.3071
   -0.1752   -4.3103
   -0.1638   -4.3132
   -0.1523   -4.3160
   -0.1408   -4.3185
   -0.1292   -4.3209
   -0.1176   -4.3230
   -0.1059   -4.3250
   -0.0942   -4.3267
   -0.0825   -4.3283
   -0.0708   -4.3296
   -0.0590   -4.3308
   -0.0472   -4.3317
   -0.0354   -4.3324
   -0.0236   -4.3329
   -0.0118   -4.3332
    0.0000   -4.3333
    0.0118   -4.3332
    0.0236   -4.3329
    0.0354   -4.3324
    0.0472   -4.3317
    0.0590   -4.3308
    0.0708   -4.3296
    0.0825   -4.3283
    0.0942   -4.3267
    0.1059   -4.3250
    0.1176   -4.3230
    0.1292   -4.3209
    0.1408   -4.3185
    0.1523   -4.3160
    0.1638   -4.3132
    0.1752   -4.3103
    0.1866   -4.3071
    0.1980   -4.3037
    0.2092   -4.3002
    0.2204   -4.2964
    0.2316   -4.2925
    0.2426   -4.2884
    0.2536   -4.2840
    0.2646   -4.2795
    0.2754   -4.2748
    0.2861   -4.2699
    0.2968   -4.2648
    0.3074   -4.2595
    0.3179   -4.2541
    0.3283   -4.2484
    0.3385   -4.2426
    0.3487   -4.2366
    0.3588   -4.2304
    0.3688   -4.2241
    0.3786   -4.2176
    0.3884   -4.2109
    0.3980   -4.2040
    0.4075   -4.1970
    0.4169   -4.1898
    0.4261   -4.1824
    0.4352   -4.1749
    0.4442   -4.1673
    0.4531   -4.1594
    0.4618   -4.1514
    0.4703   -4.1433
    0.4788   -4.1350
    0.4871   -4.1266
    0.4952   -4.1180
    0.5032   -4.1093
    0.5110   -4.1005
    0.5187   -4.0915
    0.5262   -4.0824
    0.5335   -4.0731
    0.5407   -4.0637
    0.5478   -4.0542
    0.5546   -4.0446
    0.5613   -4.0349
    0.5678   -4.0250
    0.5742   -4.0150
    0.5804   -4.0050
    0.5864   -3.9948
    0.5922   -3.9845
    0.5978   -3.9741
    0.6033   -3.9636
    0.6086   -3.9531
    0.6136   -3.9424
    0.6185   -3.9316
    0.6233   -3.9208
    0.6278   -3.9099
    0.6321   -3.8989
    0.6363   -3.8878
    0.6402   -3.8767
    0.6439   -3.8655
    0.6475   -3.8542
    0.6509   -3.8429
    0.6540   -3.8315
    0.6570   -3.8201
    0.6597   -3.8086
    0.6623   -3.7970
    0.6646   -3.7854
    0.6668   -3.7738
    0.6687   -3.7622
    0.6705   -3.7505
    0.6720   -3.7388
    0.6734   -3.7270
    0.6745   -3.7153
    0.6754   -3.7035
    0.6762   -3.6917
    0.6767   -3.6799
    0.6770   -3.6681
    0.6771   -3.6562
    0.0000   -3.6562
                    
    1.6250    0.7042
    1.6250    0.0000
    2.3292    0.0000
    1.6250    0.0000
    2.3021    0.0000
    2.3020    0.0118
    2.3017    0.0236
    2.3012    0.0354
    2.3004    0.0472
    2.2995    0.0590
    2.2984    0.0708
    2.2970    0.0825
    2.2955    0.0942
    2.2937    0.1059
    2.2918    0.1176
    2.2896    0.1292
    2.2873    0.1408
    2.2847    0.1523
    2.2820    0.1638
    2.2790    0.1752
    2.2759    0.1866
    2.2725    0.1980
    2.2689    0.2092
    2.2652    0.2204
    2.2613    0.2316
    2.2571    0.2426
    2.2528    0.2536
    2.2483    0.2646
    2.2435    0.2754
    2.2386    0.2861
    2.2336    0.2968
    2.2283    0.3074
    2.2228    0.3179
    2.2172    0.3283
    2.2114    0.3385
    2.2054    0.3487
    2.1992    0.3588
    2.1928    0.3688
    2.1863    0.3786
    2.1796    0.3884
    2.1728    0.3980
    2.1657    0.4075
    2.1585    0.4169
    2.1512    0.4261
    2.1437    0.4352
    2.1360    0.4442
    2.1282    0.4531
    2.1202    0.4618
    2.1121    0.4703
    2.1038    0.4788
    2.0953    0.4871
    2.0868    0.4952
    2.0781    0.5032
    2.0692    0.5110
    2.0602    0.5187
    2.0511    0.5262
    2.0419    0.5335
    2.0325    0.5407
    2.0230    0.5478
    2.0134    0.5546
    2.0036    0.5613
    1.9938    0.5678
    1.9838    0.5742
    1.9737    0.5804
    1.9635    0.5864
    1.9533    0.5922
    1.9429    0.5978
    1.9324    0.6033
    1.9218    0.6086
    1.9111    0.6136
    1.9004    0.6185
    1.8896    0.6233
    1.8786    0.6278
    1.8676    0.6321
    1.8566    0.6363
    1.8454    0.6402
    1.8342    0.6439
    1.8230    0.6475
    1.8116    0.6509
    1.8002    0.6540
    1.7888    0.6570
    1.7773    0.6597
    1.7658    0.6623
    1.7542    0.6646
    1.7426    0.6668
    1.7309    0.6687
    1.7192    0.6705
    1.7075    0.6720
    1.6958    0.6734
    1.6840    0.6745
    1.6722    0.6754
    1.6604    0.6762
    1.6486    0.6767
    1.6368    0.6770
    1.6250    0.6771
    1.6132    0.6770
    1.6014    0.6767
    1.5896    0.6762
    1.5778    0.6754
    1.5660    0.6745
    1.5542    0.6734
    1.5425    0.6720
    1.5308    0.6705
    1.5191    0.6687
    1.5074    0.6668
    1.4958    0.6646
    1.4842    0.6623
    1.4727    0.6597
    1.4612    0.6570
    1.4498    0.6540
    1.4384    0.6509
    1.4270    0.6475
    1.4158    0.6439
    1.4046    0.6402
    1.3934    0.6363
    1.3824    0.6321
    1.3714    0.6278
    1.3604    0.6233
    1.3496    0.6185
    1.3389    0.6136
    1.3282    0.6086
    1.3176    0.6033
    1.3071    0.5978
    1.2967    0.5922
    1.2865    0.5864
    1.2763    0.5804
    1.2662    0.5742
    1.2562    0.5678
    1.2464    0.5613
    1.2366    0.5546
    1.2270    0.5478
    1.2175    0.5407
    1.2081    0.5335
    1.1989    0.5262
    1.1898    0.5187
    1.1808    0.5110
    1.1719    0.5032
    1.1632    0.4952
    1.1547    0.4871
    1.1462    0.4788
    1.1379    0.4703
    1.1298    0.4618
    1.1218    0.4531
    1.1140    0.4442
    1.1063    0.4352
    1.0988    0.4261
    1.0915    0.4169
    1.0843    0.4075
    1.0772    0.3980
    1.0704    0.3884
    1.0637    0.3786
    1.0572    0.3688
    1.0508    0.3588
    1.0446    0.3487
    1.0386    0.3385
    1.0328    0.3283
    1.0272    0.3179
    1.0217    0.3074
    1.0164    0.2968
    1.0114    0.2861
    1.0065    0.2754
    1.0017    0.2646
    0.9972    0.2536
    0.9929    0.2426
    0.9887    0.2316
    0.9848    0.2204
    0.9811    0.2092
    0.9775    0.1980
    0.9741    0.1866
    0.9710    0.1752
    0.9680    0.1638
    0.9653    0.1523
    0.9627    0.1408
    0.9604    0.1292
    0.9582    0.1176
    0.9563    0.1059
    0.9545    0.0942
    0.9530    0.0825
    0.9516    0.0708
    0.9505    0.0590
    0.9496    0.0472
    0.9488    0.0354
    0.9483    0.0236
    0.9480    0.0118
    0.9479   -0.0000
    0.9480   -0.0118
    0.9483   -0.0236
    0.9488   -0.0354
    0.9496   -0.0472
    0.9505   -0.0590
    0.9516   -0.0708
    0.9530   -0.0825
    0.9545   -0.0942
    0.9563   -0.1059
    0.9582   -0.1176
    0.9604   -0.1292
    0.9627   -0.1408
    0.9653   -0.1523
    0.9680   -0.1638
    0.9710   -0.1752
    0.9741   -0.1866
    0.9775   -0.1980
    0.9811   -0.2092
    0.9848   -0.2204
    0.9887   -0.2316
    0.9929   -0.2426
    0.9972   -0.2536
    1.0017   -0.2646
    1.0065   -0.2754
    1.0114   -0.2861
    1.0164   -0.2968
    1.0217   -0.3074
    1.0272   -0.3179
    1.0328   -0.3283
    1.0386   -0.3385
    1.0446   -0.3487
    1.0508   -0.3588
    1.0572   -0.3688
    1.0637   -0.3786
    1.0704   -0.3884
    1.0772   -0.3980
    1.0843   -0.4075
    1.0915   -0.4169
    1.0988   -0.4261
    1.1063   -0.4352
    1.1140   -0.4442
    1.1218   -0.4531
    1.1298   -0.4618
    1.1379   -0.4703
    1.1462   -0.4788
    1.1547   -0.4871
    1.1632   -0.4952
    1.1719   -0.5032
    1.1808   -0.5110
    1.1898   -0.5187
    1.1989   -0.5262
    1.2081   -0.5335
    1.2175   -0.5407
    1.2270   -0.5478
    1.2366   -0.5546
    1.2464   -0.5613
    1.2562   -0.5678
    1.2662   -0.5742
    1.2763   -0.5804
    1.2865   -0.5864
    1.2967   -0.5922
    1.3071   -0.5978
    1.3176   -0.6033
    1.3282   -0.6086
    1.3389   -0.6136
    1.3496   -0.6185
    1.3604   -0.6233
    1.3714   -0.6278
    1.3824   -0.6321
    1.3934   -0.6363
    1.4046   -0.6402
    1.4158   -0.6439
    1.4270   -0.6475
    1.4384   -0.6509
    1.4498   -0.6540
    1.4612   -0.6570
    1.4727   -0.6597
    1.4842   -0.6623
    1.4958   -0.6646
    1.5074   -0.6668
    1.5191   -0.6687
    1.5308   -0.6705
    1.5425   -0.6720
    1.5542   -0.6734
    1.5660   -0.6745
    1.5778   -0.6754
    1.5896   -0.6762
    1.6014   -0.6767
    1.6132   -0.6770
    1.6250   -0.6771
    1.6368   -0.6770
    1.6486   -0.6767
    1.6604   -0.6762
    1.6722   -0.6754
    1.6840   -0.6745
    1.6958   -0.6734
    1.7075   -0.6720
    1.7192   -0.6705
    1.7309   -0.6687
    1.7426   -0.6668
    1.7542   -0.6646
    1.7658   -0.6623
    1.7773   -0.6597
    1.7888   -0.6570
    1.8002   -0.6540
    1.8116   -0.6509
    1.8230   -0.6475
    1.8342   -0.6439
    1.8454   -0.6402
    1.8566   -0.6363
    1.8676   -0.6321
    1.8786   -0.6278
    1.8896   -0.6233
    1.9004   -0.6185
    1.9111   -0.6136
    1.9218   -0.6086
    1.9324   -0.6033
    1.9429   -0.5978
    1.9533   -0.5922
    1.9635   -0.5864
    1.9737   -0.5804
    1.9838   -0.5742
    1.9938   -0.5678
    2.0036   -0.5613
    2.0134   -0.5546
    2.0230   -0.5478
    2.0325   -0.5407
    2.0419   -0.5335
    2.0511   -0.5262
    2.0602   -0.5187
    2.0692   -0.5110
    2.0781   -0.5032
    2.0868   -0.4952
    2.0953   -0.4871
    2.1038   -0.4788
    2.1121   -0.4703
    2.1202   -0.4618
    2.1282   -0.4531
    2.1360   -0.4442
    2.1437   -0.4352
    2.1512   -0.4261
    2.1585   -0.4169
    2.1657   -0.4075
    2.1728   -0.3980
    2.1796   -0.3884
    2.1863   -0.3786
    2.1928   -0.3688
    2.1992   -0.3588
    2.2054   -0.3487
    2.2114   -0.3385
    2.2172   -0.3283
    2.2228   -0.3179
    2.2283   -0.3074
    2.2336   -0.2968
    2.2386   -0.2861
    2.2435   -0.2754
    2.2483   -0.2646
    2.2528   -0.2536
    2.2571   -0.2426
    2.2613   -0.2316
    2.2652   -0.2204
    2.2689   -0.2092
    2.2725   -0.1980
    2.2759   -0.1866
    2.2790   -0.1752
    2.2820   -0.1638
    2.2847   -0.1523
    2.2873   -0.1408
    2.2896   -0.1292
    2.2918   -0.1176
    2.2937   -0.1059
    2.2955   -0.0942
    2.2970   -0.0825
    2.2984   -0.0708
    2.2995   -0.0590
    2.3004   -0.0472
    2.3012   -0.0354
    2.3017   -0.0236
    2.3020   -0.0118
    2.3021    0.0000
    1.6250    0.0000
                    
    1.6250   -1.1240
    1.6250   -1.8281
    2.3292   -1.8281
    1.6250   -1.8281
    2.3021   -1.8281
    2.3020   -1.8163
    2.3017   -1.8045
    2.3012   -1.7927
    2.3004   -1.7809
    2.2995   -1.7691
    2.2984   -1.7574
    2.2970   -1.7456
    2.2955   -1.7339
    2.2937   -1.7222
    2.2918   -1.7106
    2.2896   -1.6989
    2.2873   -1.6874
    2.2847   -1.6758
    2.2820   -1.6643
    2.2790   -1.6529
    2.2759   -1.6415
    2.2725   -1.6302
    2.2689   -1.6189
    2.2652   -1.6077
    2.2613   -1.5965
    2.2571   -1.5855
    2.2528   -1.5745
    2.2483   -1.5636
    2.2435   -1.5527
    2.2386   -1.5420
    2.2336   -1.5313
    2.2283   -1.5207
    2.2228   -1.5103
    2.2172   -1.4999
    2.2114   -1.4896
    2.2054   -1.4794
    2.1992   -1.4693
    2.1928   -1.4594
    2.1863   -1.4495
    2.1796   -1.4398
    2.1728   -1.4301
    2.1657   -1.4206
    2.1585   -1.4113
    2.1512   -1.4020
    2.1437   -1.3929
    2.1360   -1.3839
    2.1282   -1.3751
    2.1202   -1.3664
    2.1121   -1.3578
    2.1038   -1.3494
    2.0953   -1.3411
    2.0868   -1.3329
    2.0781   -1.3250
    2.0692   -1.3171
    2.0602   -1.3094
    2.0511   -1.3019
    2.0419   -1.2946
    2.0325   -1.2874
    2.0230   -1.2804
    2.0134   -1.2735
    2.0036   -1.2668
    1.9938   -1.2603
    1.9838   -1.2539
    1.9737   -1.2478
    1.9635   -1.2418
    1.9533   -1.2359
    1.9429   -1.2303
    1.9324   -1.2248
    1.9218   -1.2196
    1.9111   -1.2145
    1.9004   -1.2096
    1.8896   -1.2049
    1.8786   -1.2003
    1.8676   -1.1960
    1.8566   -1.1919
    1.8454   -1.1879
    1.8342   -1.1842
    1.8230   -1.1806
    1.8116   -1.1773
    1.8002   -1.1741
    1.7888   -1.1712
    1.7773   -1.1684
    1.7658   -1.1658
    1.7542   -1.1635
    1.7426   -1.1613
    1.7309   -1.1594
    1.7192   -1.1576
    1.7075   -1.1561
    1.6958   -1.1548
    1.6840   -1.1536
    1.6722   -1.1527
    1.6604   -1.1520
    1.6486   -1.1515
    1.6368   -1.1511
    1.6250   -1.1510
    1.6132   -1.1511
    1.6014   -1.1515
    1.5896   -1.1520
    1.5778   -1.1527
    1.5660   -1.1536
    1.5542   -1.1548
    1.5425   -1.1561
    1.5308   -1.1576
    1.5191   -1.1594
    1.5074   -1.1613
    1.4958   -1.1635
    1.4842   -1.1658
    1.4727   -1.1684
    1.4612   -1.1712
    1.4498   -1.1741
    1.4384   -1.1773
    1.4270   -1.1806
    1.4158   -1.1842
    1.4046   -1.1879
    1.3934   -1.1919
    1.3824   -1.1960
    1.3714   -1.2003
    1.3604   -1.2049
    1.3496   -1.2096
    1.3389   -1.2145
    1.3282   -1.2196
    1.3176   -1.2248
    1.3071   -1.2303
    1.2967   -1.2359
    1.2865   -1.2418
    1.2763   -1.2478
    1.2662   -1.2539
    1.2562   -1.2603
    1.2464   -1.2668
    1.2366   -1.2735
    1.2270   -1.2804
    1.2175   -1.2874
    1.2081   -1.2946
    1.1989   -1.3019
    1.1898   -1.3094
    1.1808   -1.3171
    1.1719   -1.3250
    1.1632   -1.3329
    1.1547   -1.3411
    1.1462   -1.3494
    1.1379   -1.3578
    1.1298   -1.3664
    1.1218   -1.3751
    1.1140   -1.3839
    1.1063   -1.3929
    1.0988   -1.4020
    1.0915   -1.4113
    1.0843   -1.4206
    1.0772   -1.4301
    1.0704   -1.4398
    1.0637   -1.4495
    1.0572   -1.4594
    1.0508   -1.4693
    1.0446   -1.4794
    1.0386   -1.4896
    1.0328   -1.4999
    1.0272   -1.5103
    1.0217   -1.5207
    1.0164   -1.5313
    1.0114   -1.5420
    1.0065   -1.5527
    1.0017   -1.5636
    0.9972   -1.5745
    0.9929   -1.5855
    0.9887   -1.5965
    0.9848   -1.6077
    0.9811   -1.6189
    0.9775   -1.6302
    0.9741   -1.6415
    0.9710   -1.6529
    0.9680   -1.6643
    0.9653   -1.6758
    0.9627   -1.6874
    0.9604   -1.6989
    0.9582   -1.7106
    0.9563   -1.7222
    0.9545   -1.7339
    0.9530   -1.7456
    0.9516   -1.7574
    0.9505   -1.7691
    0.9496   -1.7809
    0.9488   -1.7927
    0.9483   -1.8045
    0.9480   -1.8163
    0.9479   -1.8281
    0.9480   -1.8399
    0.9483   -1.8518
    0.9488   -1.8636
    0.9496   -1.8754
    0.9505   -1.8871
    0.9516   -1.8989
    0.9530   -1.9106
    0.9545   -1.9224
    0.9563   -1.9340
    0.9582   -1.9457
    0.9604   -1.9573
    0.9627   -1.9689
    0.9653   -1.9804
    0.9680   -1.9919
    0.9710   -2.0034
    0.9741   -2.0148
    0.9775   -2.0261
    0.9811   -2.0374
    0.9848   -2.0486
    0.9887   -2.0597
    0.9929   -2.0708
    0.9972   -2.0818
    1.0017   -2.0927
    1.0065   -2.1035
    1.0114   -2.1143
    1.0164   -2.1249
    1.0217   -2.1355
    1.0272   -2.1460
    1.0328   -2.1564
    1.0386   -2.1667
    1.0446   -2.1768
    1.0508   -2.1869
    1.0572   -2.1969
    1.0637   -2.2067
    1.0704   -2.2165
    1.0772   -2.2261
    1.0843   -2.2356
    1.0915   -2.2450
    1.0988   -2.2542
    1.1063   -2.2633
    1.1140   -2.2723
    1.1218   -2.2812
    1.1298   -2.2899
    1.1379   -2.2985
    1.1462   -2.3069
    1.1547   -2.3152
    1.1632   -2.3233
    1.1719   -2.3313
    1.1808   -2.3391
    1.1898   -2.3468
    1.1989   -2.3543
    1.2081   -2.3617
    1.2175   -2.3689
    1.2270   -2.3759
    1.2366   -2.3828
    1.2464   -2.3895
    1.2562   -2.3960
    1.2662   -2.4023
    1.2763   -2.4085
    1.2865   -2.4145
    1.2967   -2.4203
    1.3071   -2.4260
    1.3176   -2.4314
    1.3282   -2.4367
    1.3389   -2.4418
    1.3496   -2.4467
    1.3604   -2.4514
    1.3714   -2.4559
    1.3824   -2.4602
    1.3934   -2.4644
    1.4046   -2.4683
    1.4158   -2.4721
    1.4270   -2.4756
    1.4384   -2.4790
    1.4498   -2.4821
    1.4612   -2.4851
    1.4727   -2.4879
    1.4842   -2.4904
    1.4958   -2.4928
    1.5074   -2.4949
    1.5191   -2.4969
    1.5308   -2.4986
    1.5425   -2.5002
    1.5542   -2.5015
    1.5660   -2.5026
    1.5778   -2.5036
    1.5896   -2.5043
    1.6014   -2.5048
    1.6132   -2.5051
    1.6250   -2.5052
    1.6368   -2.5051
    1.6486   -2.5048
    1.6604   -2.5043
    1.6722   -2.5036
    1.6840   -2.5026
    1.6958   -2.5015
    1.7075   -2.5002
    1.7192   -2.4986
    1.7309   -2.4969
    1.7426   -2.4949
    1.7542   -2.4928
    1.7658   -2.4904
    1.7773   -2.4879
    1.7888   -2.4851
    1.8002   -2.4821
    1.8116   -2.4790
    1.8230   -2.4756
    1.8342   -2.4721
    1.8454   -2.4683
    1.8566   -2.4644
    1.8676   -2.4602
    1.8786   -2.4559
    1.8896   -2.4514
    1.9004   -2.4467
    1.9111   -2.4418
    1.9218   -2.4367
    1.9324   -2.4314
    1.9429   -2.4260
    1.9533   -2.4203
    1.9635   -2.4145
    1.9737   -2.4085
    1.9838   -2.4023
    1.9938   -2.3960
    2.0036   -2.3895
    2.0134   -2.3828
    2.0230   -2.3759
    2.0325   -2.3689
    2.0419   -2.3617
    2.0511   -2.3543
    2.0602   -2.3468
    2.0692   -2.3391
    2.0781   -2.3313
    2.0868   -2.3233
    2.0953   -2.3152
    2.1038   -2.3069
    2.1121   -2.2985
    2.1202   -2.2899
    2.1282   -2.2812
    2.1360   -2.2723
    2.1437   -2.2633
    2.1512   -2.2542
    2.1585   -2.2450
    2.1657   -2.2356
    2.1728   -2.2261
    2.1796   -2.2165
    2.1863   -2.2067
    2.1928   -2.1969
    2.1992   -2.1869
    2.2054   -2.1768
    2.2114   -2.1667
    2.2172   -2.1564
    2.2228   -2.1460
    2.2283   -2.1355
    2.2336   -2.1249
    2.2386   -2.1143
    2.2435   -2.1035
    2.2483   -2.0927
    2.2528   -2.0818
    2.2571   -2.0708
    2.2613   -2.0597
    2.2652   -2.0486
    2.2689   -2.0374
    2.2725   -2.0261
    2.2759   -2.0148
    2.2790   -2.0034
    2.2820   -1.9919
    2.2847   -1.9804
    2.2873   -1.9689
    2.2896   -1.9573
    2.2918   -1.9457
    2.2937   -1.9340
    2.2955   -1.9224
    2.2970   -1.9106
    2.2984   -1.8989
    2.2995   -1.8871
    2.3004   -1.8754
    2.3012   -1.8636
    2.3017   -1.8518
    2.3020   -1.8399
    2.3021   -1.8281
    1.6250   -1.8281
                    
    1.6250   -2.9521
    1.6250   -3.6562
    2.3292   -3.6562
    1.6250   -3.6562
    2.3021   -3.6562
    2.3020   -3.6444
    2.3017   -3.6326
    2.3012   -3.6208
    2.3004   -3.6090
    2.2995   -3.5972
    2.2984   -3.5855
    2.2970   -3.5737
    2.2955   -3.5620
    2.2937   -3.5503
    2.2918   -3.5387
    2.2896   -3.5271
    2.2873   -3.5155
    2.2847   -3.5039
    2.2820   -3.4924
    2.2790   -3.4810
    2.2759   -3.4696
    2.2725   -3.4583
    2.2689   -3.4470
    2.2652   -3.4358
    2.2613   -3.4247
    2.2571   -3.4136
    2.2528   -3.4026
    2.2483   -3.3917
    2.2435   -3.3809
    2.2386   -3.3701
    2.2336   -3.3594
    2.2283   -3.3489
    2.2228   -3.3384
    2.2172   -3.3280
    2.2114   -3.3177
    2.2054   -3.3075
    2.1992   -3.2975
    2.1928   -3.2875
    2.1863   -3.2776
    2.1796   -3.2679
    2.1728   -3.2583
    2.1657   -3.2488
    2.1585   -3.2394
    2.1512   -3.2301
    2.1437   -3.2210
    2.1360   -3.2120
    2.1282   -3.2032
    2.1202   -3.1945
    2.1121   -3.1859
    2.1038   -3.1775
    2.0953   -3.1692
    2.0868   -3.1611
    2.0781   -3.1531
    2.0692   -3.1452
    2.0602   -3.1376
    2.0511   -3.1301
    2.0419   -3.1227
    2.0325   -3.1155
    2.0230   -3.1085
    2.0134   -3.1016
    2.0036   -3.0949
    1.9938   -3.0884
    1.9838   -3.0821
    1.9737   -3.0759
    1.9635   -3.0699
    1.9533   -3.0641
    1.9429   -3.0584
    1.9324   -3.0530
    1.9218   -3.0477
    1.9111   -3.0426
    1.9004   -3.0377
    1.8896   -3.0330
    1.8786   -3.0285
    1.8676   -3.0241
    1.8566   -3.0200
    1.8454   -3.0161
    1.8342   -3.0123
    1.8230   -3.0088
    1.8116   -3.0054
    1.8002   -3.0022
    1.7888   -2.9993
    1.7773   -2.9965
    1.7658   -2.9940
    1.7542   -2.9916
    1.7426   -2.9895
    1.7309   -2.9875
    1.7192   -2.9858
    1.7075   -2.9842
    1.6958   -2.9829
    1.6840   -2.9817
    1.6722   -2.9808
    1.6604   -2.9801
    1.6486   -2.9796
    1.6368   -2.9793
    1.6250   -2.9792
    1.6132   -2.9793
    1.6014   -2.9796
    1.5896   -2.9801
    1.5778   -2.9808
    1.5660   -2.9817
    1.5542   -2.9829
    1.5425   -2.9842
    1.5308   -2.9858
    1.5191   -2.9875
    1.5074   -2.9895
    1.4958   -2.9916
    1.4842   -2.9940
    1.4727   -2.9965
    1.4612   -2.9993
    1.4498   -3.0022
    1.4384   -3.0054
    1.4270   -3.0088
    1.4158   -3.0123
    1.4046   -3.0161
    1.3934   -3.0200
    1.3824   -3.0241
    1.3714   -3.0285
    1.3604   -3.0330
    1.3496   -3.0377
    1.3389   -3.0426
    1.3282   -3.0477
    1.3176   -3.0530
    1.3071   -3.0584
    1.2967   -3.0641
    1.2865   -3.0699
    1.2763   -3.0759
    1.2662   -3.0821
    1.2562   -3.0884
    1.2464   -3.0949
    1.2366   -3.1016
    1.2270   -3.1085
    1.2175   -3.1155
    1.2081   -3.1227
    1.1989   -3.1301
    1.1898   -3.1376
    1.1808   -3.1452
    1.1719   -3.1531
    1.1632   -3.1611
    1.1547   -3.1692
    1.1462   -3.1775
    1.1379   -3.1859
    1.1298   -3.1945
    1.1218   -3.2032
    1.1140   -3.2120
    1.1063   -3.2210
    1.0988   -3.2301
    1.0915   -3.2394
    1.0843   -3.2488
    1.0772   -3.2583
    1.0704   -3.2679
    1.0637   -3.2776
    1.0572   -3.2875
    1.0508   -3.2975
    1.0446   -3.3075
    1.0386   -3.3177
    1.0328   -3.3280
    1.0272   -3.3384
    1.0217   -3.3489
    1.0164   -3.3594
    1.0114   -3.3701
    1.0065   -3.3809
    1.0017   -3.3917
    0.9972   -3.4026
    0.9929   -3.4136
    0.9887   -3.4247
    0.9848   -3.4358
    0.9811   -3.4470
    0.9775   -3.4583
    0.9741   -3.4696
    0.9710   -3.4810
    0.9680   -3.4924
    0.9653   -3.5039
    0.9627   -3.5155
    0.9604   -3.5271
    0.9582   -3.5387
    0.9563   -3.5503
    0.9545   -3.5620
    0.9530   -3.5737
    0.9516   -3.5855
    0.9505   -3.5972
    0.9496   -3.6090
    0.9488   -3.6208
    0.9483   -3.6326
    0.9480   -3.6444
    0.9479   -3.6562
    0.9480   -3.6681
    0.9483   -3.6799
    0.9488   -3.6917
    0.9496   -3.7035
    0.9505   -3.7153
    0.9516   -3.7270
    0.9530   -3.7388
    0.9545   -3.7505
    0.9563   -3.7622
    0.9582   -3.7738
    0.9604   -3.7854
    0.9627   -3.7970
    0.9653   -3.8086
    0.9680   -3.8201
    0.9710   -3.8315
    0.9741   -3.8429
    0.9775   -3.8542
    0.9811   -3.8655
    0.9848   -3.8767
    0.9887   -3.8878
    0.9929   -3.8989
    0.9972   -3.9099
    1.0017   -3.9208
    1.0065   -3.9316
    1.0114   -3.9424
    1.0164   -3.9531
    1.0217   -3.9636
    1.0272   -3.9741
    1.0328   -3.9845
    1.0386   -3.9948
    1.0446   -4.0050
    1.0508   -4.0150
    1.0572   -4.0250
    1.0637   -4.0349
    1.0704   -4.0446
    1.0772   -4.0542
    1.0843   -4.0637
    1.0915   -4.0731
    1.0988   -4.0824
    1.1063   -4.0915
    1.1140   -4.1005
    1.1218   -4.1093
    1.1298   -4.1180
    1.1379   -4.1266
    1.1462   -4.1350
    1.1547   -4.1433
    1.1632   -4.1514
    1.1719   -4.1594
    1.1808   -4.1673
    1.1898   -4.1749
    1.1989   -4.1824
    1.2081   -4.1898
    1.2175   -4.1970
    1.2270   -4.2040
    1.2366   -4.2109
    1.2464   -4.2176
    1.2562   -4.2241
    1.2662   -4.2304
    1.2763   -4.2366
    1.2865   -4.2426
    1.2967   -4.2484
    1.3071   -4.2541
    1.3176   -4.2595
    1.3282   -4.2648
    1.3389   -4.2699
    1.3496   -4.2748
    1.3604   -4.2795
    1.3714   -4.2840
    1.3824   -4.2884
    1.3934   -4.2925
    1.4046   -4.2964
    1.4158   -4.3002
    1.4270   -4.3037
    1.4384   -4.3071
    1.4498   -4.3103
    1.4612   -4.3132
    1.4727   -4.3160
    1.4842   -4.3185
    1.4958   -4.3209
    1.5074   -4.3230
    1.5191   -4.3250
    1.5308   -4.3267
    1.5425   -4.3283
    1.5542   -4.3296
    1.5660   -4.3308
    1.5778   -4.3317
    1.5896   -4.3324
    1.6014   -4.3329
    1.6132   -4.3332
    1.6250   -4.3333
    1.6368   -4.3332
    1.6486   -4.3329
    1.6604   -4.3324
    1.6722   -4.3317
    1.6840   -4.3308
    1.6958   -4.3296
    1.7075   -4.3283
    1.7192   -4.3267
    1.7309   -4.3250
    1.7426   -4.3230
    1.7542   -4.3209
    1.7658   -4.3185
    1.7773   -4.3160
    1.7888   -4.3132
    1.8002   -4.3103
    1.8116   -4.3071
    1.8230   -4.3037
    1.8342   -4.3002
    1.8454   -4.2964
    1.8566   -4.2925
    1.8676   -4.2884
    1.8786   -4.2840
    1.8896   -4.2795
    1.9004   -4.2748
    1.9111   -4.2699
    1.9218   -4.2648
    1.9324   -4.2595
    1.9429   -4.2541
    1.9533   -4.2484
    1.9635   -4.2426
    1.9737   -4.2366
    1.9838   -4.2304
    1.9938   -4.2241
    2.0036   -4.2176
    2.0134   -4.2109
    2.0230   -4.2040
    2.0325   -4.1970
    2.0419   -4.1898
    2.0511   -4.1824
    2.0602   -4.1749
    2.0692   -4.1673
    2.0781   -4.1594
    2.0868   -4.1514
    2.0953   -4.1433
    2.1038   -4.1350
    2.1121   -4.1266
    2.1202   -4.1180
    2.1282   -4.1093
    2.1360   -4.1005
    2.1437   -4.0915
    2.1512   -4.0824
    2.1585   -4.0731
    2.1657   -4.0637
    2.1728   -4.0542
    2.1796   -4.0446
    2.1863   -4.0349
    2.1928   -4.0250
    2.1992   -4.0150
    2.2054   -4.0050
    2.2114   -3.9948
    2.2172   -3.9845
    2.2228   -3.9741
    2.2283   -3.9636
    2.2336   -3.9531
    2.2386   -3.9424
    2.2435   -3.9316
    2.2483   -3.9208
    2.2528   -3.9099
    2.2571   -3.8989
    2.2613   -3.8878
    2.2652   -3.8767
    2.2689   -3.8655
    2.2725   -3.8542
    2.2759   -3.8429
    2.2790   -3.8315
    2.2820   -3.8201
    2.2847   -3.8086
    2.2873   -3.7970
    2.2896   -3.7854
    2.2918   -3.7738
    2.2937   -3.7622
    2.2955   -3.7505
    2.2970   -3.7388
    2.2984   -3.7270
    2.2995   -3.7153
    2.3004   -3.7035
    2.3012   -3.6917
    2.3017   -3.6799
    2.3020   -3.6681
    2.3021   -3.6562
    1.6250   -3.6562
                    
    3.2500    0.7042
    3.2500    0.0000
    3.9542    0.0000
    3.2500    0.0000
    3.9271    0.0000
    3.9270    0.0118
    3.9267    0.0236
    3.9262    0.0354
    3.9254    0.0472
    3.9245    0.0590
    3.9234    0.0708
    3.9220    0.0825
    3.9205    0.0942
    3.9187    0.1059
    3.9168    0.1176
    3.9146    0.1292
    3.9123    0.1408
    3.9097    0.1523
    3.9070    0.1638
    3.9040    0.1752
    3.9009    0.1866
    3.8975    0.1980
    3.8939    0.2092
    3.8902    0.2204
    3.8863    0.2316
    3.8821    0.2426
    3.8778    0.2536
    3.8733    0.2646
    3.8685    0.2754
    3.8636    0.2861
    3.8586    0.2968
    3.8533    0.3074
    3.8478    0.3179
    3.8422    0.3283
    3.8364    0.3385
    3.8304    0.3487
    3.8242    0.3588
    3.8178    0.3688
    3.8113    0.3786
    3.8046    0.3884
    3.7978    0.3980
    3.7907    0.4075
    3.7835    0.4169
    3.7762    0.4261
    3.7687    0.4352
    3.7610    0.4442
    3.7532    0.4531
    3.7452    0.4618
    3.7371    0.4703
    3.7288    0.4788
    3.7203    0.4871
    3.7118    0.4952
    3.7031    0.5032
    3.6942    0.5110
    3.6852    0.5187
    3.6761    0.5262
    3.6669    0.5335
    3.6575    0.5407
    3.6480    0.5478
    3.6384    0.5546
    3.6286    0.5613
    3.6188    0.5678
    3.6088    0.5742
    3.5987    0.5804
    3.5885    0.5864
    3.5783    0.5922
    3.5679    0.5978
    3.5574    0.6033
    3.5468    0.6086
    3.5361    0.6136
    3.5254    0.6185
    3.5146    0.6233
    3.5036    0.6278
    3.4926    0.6321
    3.4816    0.6363
    3.4704    0.6402
    3.4592    0.6439
    3.4480    0.6475
    3.4366    0.6509
    3.4252    0.6540
    3.4138    0.6570
    3.4023    0.6597
    3.3908    0.6623
    3.3792    0.6646
    3.3676    0.6668
    3.3559    0.6687
    3.3442    0.6705
    3.3325    0.6720
    3.3208    0.6734
    3.3090    0.6745
    3.2972    0.6754
    3.2854    0.6762
    3.2736    0.6767
    3.2618    0.6770
    3.2500    0.6771
    3.2382    0.6770
    3.2264    0.6767
    3.2146    0.6762
    3.2028    0.6754
    3.1910    0.6745
    3.1792    0.6734
    3.1675    0.6720
    3.1558    0.6705
    3.1441    0.6687
    3.1324    0.6668
    3.1208    0.6646
    3.1092    0.6623
    3.0977    0.6597
    3.0862    0.6570
    3.0748    0.6540
    3.0634    0.6509
    3.0520    0.6475
    3.0408    0.6439
    3.0296    0.6402
    3.0184    0.6363
    3.0074    0.6321
    2.9964    0.6278
    2.9854    0.6233
    2.9746    0.6185
    2.9639    0.6136
    2.9532    0.6086
    2.9426    0.6033
    2.9321    0.5978
    2.9217    0.5922
    2.9115    0.5864
    2.9013    0.5804
    2.8912    0.5742
    2.8812    0.5678
    2.8714    0.5613
    2.8616    0.5546
    2.8520    0.5478
    2.8425    0.5407
    2.8331    0.5335
    2.8239    0.5262
    2.8148    0.5187
    2.8058    0.5110
    2.7969    0.5032
    2.7882    0.4952
    2.7797    0.4871
    2.7712    0.4788
    2.7629    0.4703
    2.7548    0.4618
    2.7468    0.4531
    2.7390    0.4442
    2.7313    0.4352
    2.7238    0.4261
    2.7165    0.4169
    2.7093    0.4075
    2.7022    0.3980
    2.6954    0.3884
    2.6887    0.3786
    2.6822    0.3688
    2.6758    0.3588
    2.6696    0.3487
    2.6636    0.3385
    2.6578    0.3283
    2.6522    0.3179
    2.6467    0.3074
    2.6414    0.2968
    2.6364    0.2861
    2.6315    0.2754
    2.6267    0.2646
    2.6222    0.2536
    2.6179    0.2426
    2.6137    0.2316
    2.6098    0.2204
    2.6061    0.2092
    2.6025    0.1980
    2.5991    0.1866
    2.5960    0.1752
    2.5930    0.1638
    2.5903    0.1523
    2.5877    0.1408
    2.5854    0.1292
    2.5832    0.1176
    2.5813    0.1059
    2.5795    0.0942
    2.5780    0.0825
    2.5766    0.0708
    2.5755    0.0590
    2.5746    0.0472
    2.5738    0.0354
    2.5733    0.0236
    2.5730    0.0118
    2.5729   -0.0000
    2.5730   -0.0118
    2.5733   -0.0236
    2.5738   -0.0354
    2.5746   -0.0472
    2.5755   -0.0590
    2.5766   -0.0708
    2.5780   -0.0825
    2.5795   -0.0942
    2.5813   -0.1059
    2.5832   -0.1176
    2.5854   -0.1292
    2.5877   -0.1408
    2.5903   -0.1523
    2.5930   -0.1638
    2.5960   -0.1752
    2.5991   -0.1866
    2.6025   -0.1980
    2.6061   -0.2092
    2.6098   -0.2204
    2.6137   -0.2316
    2.6179   -0.2426
    2.6222   -0.2536
    2.6267   -0.2646
    2.6315   -0.2754
    2.6364   -0.2861
    2.6414   -0.2968
    2.6467   -0.3074
    2.6522   -0.3179
    2.6578   -0.3283
    2.6636   -0.3385
    2.6696   -0.3487
    2.6758   -0.3588
    2.6822   -0.3688
    2.6887   -0.3786
    2.6954   -0.3884
    2.7022   -0.3980
    2.7093   -0.4075
    2.7165   -0.4169
    2.7238   -0.4261
    2.7313   -0.4352
    2.7390   -0.4442
    2.7468   -0.4531
    2.7548   -0.4618
    2.7629   -0.4703
    2.7712   -0.4788
    2.7797   -0.4871
    2.7882   -0.4952
    2.7969   -0.5032
    2.8058   -0.5110
    2.8148   -0.5187
    2.8239   -0.5262
    2.8331   -0.5335
    2.8425   -0.5407
    2.8520   -0.5478
    2.8616   -0.5546
    2.8714   -0.5613
    2.8812   -0.5678
    2.8912   -0.5742
    2.9013   -0.5804
    2.9115   -0.5864
    2.9217   -0.5922
    2.9321   -0.5978
    2.9426   -0.6033
    2.9532   -0.6086
    2.9639   -0.6136
    2.9746   -0.6185
    2.9854   -0.6233
    2.9964   -0.6278
    3.0074   -0.6321
    3.0184   -0.6363
    3.0296   -0.6402
    3.0408   -0.6439
    3.0520   -0.6475
    3.0634   -0.6509
    3.0748   -0.6540
    3.0862   -0.6570
    3.0977   -0.6597
    3.1092   -0.6623
    3.1208   -0.6646
    3.1324   -0.6668
    3.1441   -0.6687
    3.1558   -0.6705
    3.1675   -0.6720
    3.1792   -0.6734
    3.1910   -0.6745
    3.2028   -0.6754
    3.2146   -0.6762
    3.2264   -0.6767
    3.2382   -0.6770
    3.2500   -0.6771
    3.2618   -0.6770
    3.2736   -0.6767
    3.2854   -0.6762
    3.2972   -0.6754
    3.3090   -0.6745
    3.3208   -0.6734
    3.3325   -0.6720
    3.3442   -0.6705
    3.3559   -0.6687
    3.3676   -0.6668
    3.3792   -0.6646
    3.3908   -0.6623
    3.4023   -0.6597
    3.4138   -0.6570
    3.4252   -0.6540
    3.4366   -0.6509
    3.4480   -0.6475
    3.4592   -0.6439
    3.4704   -0.6402
    3.4816   -0.6363
    3.4926   -0.6321
    3.5036   -0.6278
    3.5146   -0.6233
    3.5254   -0.6185
    3.5361   -0.6136
    3.5468   -0.6086
    3.5574   -0.6033
    3.5679   -0.5978
    3.5783   -0.5922
    3.5885   -0.5864
    3.5987   -0.5804
    3.6088   -0.5742
    3.6188   -0.5678
    3.6286   -0.5613
    3.6384   -0.5546
    3.6480   -0.5478
    3.6575   -0.5407
    3.6669   -0.5335
    3.6761   -0.5262
    3.6852   -0.5187
    3.6942   -0.5110
    3.7031   -0.5032
    3.7118   -0.4952
    3.7203   -0.4871
    3.7288   -0.4788
    3.7371   -0.4703
    3.7452   -0.4618
    3.7532   -0.4531
    3.7610   -0.4442
    3.7687   -0.4352
    3.7762   -0.4261
    3.7835   -0.4169
    3.7907   -0.4075
    3.7978   -0.3980
    3.8046   -0.3884
    3.8113   -0.3786
    3.8178   -0.3688
    3.8242   -0.3588
    3.8304   -0.3487
    3.8364   -0.3385
    3.8422   -0.3283
    3.8478   -0.3179
    3.8533   -0.3074
    3.8586   -0.2968
    3.8636   -0.2861
    3.8685   -0.2754
    3.8733   -0.2646
    3.8778   -0.2536
    3.8821   -0.2426
    3.8863   -0.2316
    3.8902   -0.2204
    3.8939   -0.2092
    3.8975   -0.1980
    3.9009   -0.1866
    3.9040   -0.1752
    3.9070   -0.1638
    3.9097   -0.1523
    3.9123   -0.1408
    3.9146   -0.1292
    3.9168   -0.1176
    3.9187   -0.1059
    3.9205   -0.0942
    3.9220   -0.0825
    3.9234   -0.0708
    3.9245   -0.0590
    3.9254   -0.0472
    3.9262   -0.0354
    3.9267   -0.0236
    3.9270   -0.0118
    3.9271    0.0000
    3.2500    0.0000
                    
    3.2500   -1.1240
    3.2500   -1.8281
    3.9542   -1.8281
    3.2500   -1.8281
    3.9271   -1.8281
    3.9270   -1.8163
    3.9267   -1.8045
    3.9262   -1.7927
    3.9254   -1.7809
    3.9245   -1.7691
    3.9234   -1.7574
    3.9220   -1.7456
    3.9205   -1.7339
    3.9187   -1.7222
    3.9168   -1.7106
    3.9146   -1.6989
    3.9123   -1.6874
    3.9097   -1.6758
    3.9070   -1.6643
    3.9040   -1.6529
    3.9009   -1.6415
    3.8975   -1.6302
    3.8939   -1.6189
    3.8902   -1.6077
    3.8863   -1.5965
    3.8821   -1.5855
    3.8778   -1.5745
    3.8733   -1.5636
    3.8685   -1.5527
    3.8636   -1.5420
    3.8586   -1.5313
    3.8533   -1.5207
    3.8478   -1.5103
    3.8422   -1.4999
    3.8364   -1.4896
    3.8304   -1.4794
    3.8242   -1.4693
    3.8178   -1.4594
    3.8113   -1.4495
    3.8046   -1.4398
    3.7978   -1.4301
    3.7907   -1.4206
    3.7835   -1.4113
    3.7762   -1.4020
    3.7687   -1.3929
    3.7610   -1.3839
    3.7532   -1.3751
    3.7452   -1.3664
    3.7371   -1.3578
    3.7288   -1.3494
    3.7203   -1.3411
    3.7118   -1.3329
    3.7031   -1.3250
    3.6942   -1.3171
    3.6852   -1.3094
    3.6761   -1.3019
    3.6669   -1.2946
    3.6575   -1.2874
    3.6480   -1.2804
    3.6384   -1.2735
    3.6286   -1.2668
    3.6188   -1.2603
    3.6088   -1.2539
    3.5987   -1.2478
    3.5885   -1.2418
    3.5783   -1.2359
    3.5679   -1.2303
    3.5574   -1.2248
    3.5468   -1.2196
    3.5361   -1.2145
    3.5254   -1.2096
    3.5146   -1.2049
    3.5036   -1.2003
    3.4926   -1.1960
    3.4816   -1.1919
    3.4704   -1.1879
    3.4592   -1.1842
    3.4480   -1.1806
    3.4366   -1.1773
    3.4252   -1.1741
    3.4138   -1.1712
    3.4023   -1.1684
    3.3908   -1.1658
    3.3792   -1.1635
    3.3676   -1.1613
    3.3559   -1.1594
    3.3442   -1.1576
    3.3325   -1.1561
    3.3208   -1.1548
    3.3090   -1.1536
    3.2972   -1.1527
    3.2854   -1.1520
    3.2736   -1.1515
    3.2618   -1.1511
    3.2500   -1.1510
    3.2382   -1.1511
    3.2264   -1.1515
    3.2146   -1.1520
    3.2028   -1.1527
    3.1910   -1.1536
    3.1792   -1.1548
    3.1675   -1.1561
    3.1558   -1.1576
    3.1441   -1.1594
    3.1324   -1.1613
    3.1208   -1.1635
    3.1092   -1.1658
    3.0977   -1.1684
    3.0862   -1.1712
    3.0748   -1.1741
    3.0634   -1.1773
    3.0520   -1.1806
    3.0408   -1.1842
    3.0296   -1.1879
    3.0184   -1.1919
    3.0074   -1.1960
    2.9964   -1.2003
    2.9854   -1.2049
    2.9746   -1.2096
    2.9639   -1.2145
    2.9532   -1.2196
    2.9426   -1.2248
    2.9321   -1.2303
    2.9217   -1.2359
    2.9115   -1.2418
    2.9013   -1.2478
    2.8912   -1.2539
    2.8812   -1.2603
    2.8714   -1.2668
    2.8616   -1.2735
    2.8520   -1.2804
    2.8425   -1.2874
    2.8331   -1.2946
    2.8239   -1.3019
    2.8148   -1.3094
    2.8058   -1.3171
    2.7969   -1.3250
    2.7882   -1.3329
    2.7797   -1.3411
    2.7712   -1.3494
    2.7629   -1.3578
    2.7548   -1.3664
    2.7468   -1.3751
    2.7390   -1.3839
    2.7313   -1.3929
    2.7238   -1.4020
    2.7165   -1.4113
    2.7093   -1.4206
    2.7022   -1.4301
    2.6954   -1.4398
    2.6887   -1.4495
    2.6822   -1.4594
    2.6758   -1.4693
    2.6696   -1.4794
    2.6636   -1.4896
    2.6578   -1.4999
    2.6522   -1.5103
    2.6467   -1.5207
    2.6414   -1.5313
    2.6364   -1.5420
    2.6315   -1.5527
    2.6267   -1.5636
    2.6222   -1.5745
    2.6179   -1.5855
    2.6137   -1.5965
    2.6098   -1.6077
    2.6061   -1.6189
    2.6025   -1.6302
    2.5991   -1.6415
    2.5960   -1.6529
    2.5930   -1.6643
    2.5903   -1.6758
    2.5877   -1.6874
    2.5854   -1.6989
    2.5832   -1.7106
    2.5813   -1.7222
    2.5795   -1.7339
    2.5780   -1.7456
    2.5766   -1.7574
    2.5755   -1.7691
    2.5746   -1.7809
    2.5738   -1.7927
    2.5733   -1.8045
    2.5730   -1.8163
    2.5729   -1.8281
    2.5730   -1.8399
    2.5733   -1.8518
    2.5738   -1.8636
    2.5746   -1.8754
    2.5755   -1.8871
    2.5766   -1.8989
    2.5780   -1.9106
    2.5795   -1.9224
    2.5813   -1.9340
    2.5832   -1.9457
    2.5854   -1.9573
    2.5877   -1.9689
    2.5903   -1.9804
    2.5930   -1.9919
    2.5960   -2.0034
    2.5991   -2.0148
    2.6025   -2.0261
    2.6061   -2.0374
    2.6098   -2.0486
    2.6137   -2.0597
    2.6179   -2.0708
    2.6222   -2.0818
    2.6267   -2.0927
    2.6315   -2.1035
    2.6364   -2.1143
    2.6414   -2.1249
    2.6467   -2.1355
    2.6522   -2.1460
    2.6578   -2.1564
    2.6636   -2.1667
    2.6696   -2.1768
    2.6758   -2.1869
    2.6822   -2.1969
    2.6887   -2.2067
    2.6954   -2.2165
    2.7022   -2.2261
    2.7093   -2.2356
    2.7165   -2.2450
    2.7238   -2.2542
    2.7313   -2.2633
    2.7390   -2.2723
    2.7468   -2.2812
    2.7548   -2.2899
    2.7629   -2.2985
    2.7712   -2.3069
    2.7797   -2.3152
    2.7882   -2.3233
    2.7969   -2.3313
    2.8058   -2.3391
    2.8148   -2.3468
    2.8239   -2.3543
    2.8331   -2.3617
    2.8425   -2.3689
    2.8520   -2.3759
    2.8616   -2.3828
    2.8714   -2.3895
    2.8812   -2.3960
    2.8912   -2.4023
    2.9013   -2.4085
    2.9115   -2.4145
    2.9217   -2.4203
    2.9321   -2.4260
    2.9426   -2.4314
    2.9532   -2.4367
    2.9639   -2.4418
    2.9746   -2.4467
    2.9854   -2.4514
    2.9964   -2.4559
    3.0074   -2.4602
    3.0184   -2.4644
    3.0296   -2.4683
    3.0408   -2.4721
    3.0520   -2.4756
    3.0634   -2.4790
    3.0748   -2.4821
    3.0862   -2.4851
    3.0977   -2.4879
    3.1092   -2.4904
    3.1208   -2.4928
    3.1324   -2.4949
    3.1441   -2.4969
    3.1558   -2.4986
    3.1675   -2.5002
    3.1792   -2.5015
    3.1910   -2.5026
    3.2028   -2.5036
    3.2146   -2.5043
    3.2264   -2.5048
    3.2382   -2.5051
    3.2500   -2.5052
    3.2618   -2.5051
    3.2736   -2.5048
    3.2854   -2.5043
    3.2972   -2.5036
    3.3090   -2.5026
    3.3208   -2.5015
    3.3325   -2.5002
    3.3442   -2.4986
    3.3559   -2.4969
    3.3676   -2.4949
    3.3792   -2.4928
    3.3908   -2.4904
    3.4023   -2.4879
    3.4138   -2.4851
    3.4252   -2.4821
    3.4366   -2.4790
    3.4480   -2.4756
    3.4592   -2.4721
    3.4704   -2.4683
    3.4816   -2.4644
    3.4926   -2.4602
    3.5036   -2.4559
    3.5146   -2.4514
    3.5254   -2.4467
    3.5361   -2.4418
    3.5468   -2.4367
    3.5574   -2.4314
    3.5679   -2.4260
    3.5783   -2.4203
    3.5885   -2.4145
    3.5987   -2.4085
    3.6088   -2.4023
    3.6188   -2.3960
    3.6286   -2.3895
    3.6384   -2.3828
    3.6480   -2.3759
    3.6575   -2.3689
    3.6669   -2.3617
    3.6761   -2.3543
    3.6852   -2.3468
    3.6942   -2.3391
    3.7031   -2.3313
    3.7118   -2.3233
    3.7203   -2.3152
    3.7288   -2.3069
    3.7371   -2.2985
    3.7452   -2.2899
    3.7532   -2.2812
    3.7610   -2.2723
    3.7687   -2.2633
    3.7762   -2.2542
    3.7835   -2.2450
    3.7907   -2.2356
    3.7978   -2.2261
    3.8046   -2.2165
    3.8113   -2.2067
    3.8178   -2.1969
    3.8242   -2.1869
    3.8304   -2.1768
    3.8364   -2.1667
    3.8422   -2.1564
    3.8478   -2.1460
    3.8533   -2.1355
    3.8586   -2.1249
    3.8636   -2.1143
    3.8685   -2.1035
    3.8733   -2.0927
    3.8778   -2.0818
    3.8821   -2.0708
    3.8863   -2.0597
    3.8902   -2.0486
    3.8939   -2.0374
    3.8975   -2.0261
    3.9009   -2.0148
    3.9040   -2.0034
    3.9070   -1.9919
    3.9097   -1.9804
    3.9123   -1.9689
    3.9146   -1.9573
    3.9168   -1.9457
    3.9187   -1.9340
    3.9205   -1.9224
    3.9220   -1.9106
    3.9234   -1.8989
    3.9245   -1.8871
    3.9254   -1.8754
    3.9262   -1.8636
    3.9267   -1.8518
    3.9270   -1.8399
    3.9271   -1.8281
    3.2500   -1.8281
                    
    3.2500   -2.9521
    3.2500   -3.6562
    3.9542   -3.6562
    3.2500   -3.6562
    3.9271   -3.6562
    3.9270   -3.6444
    3.9267   -3.6326
    3.9262   -3.6208
    3.9254   -3.6090
    3.9245   -3.5972
    3.9234   -3.5855
    3.9220   -3.5737
    3.9205   -3.5620
    3.9187   -3.5503
    3.9168   -3.5387
    3.9146   -3.5271
    3.9123   -3.5155
    3.9097   -3.5039
    3.9070   -3.4924
    3.9040   -3.4810
    3.9009   -3.4696
    3.8975   -3.4583
    3.8939   -3.4470
    3.8902   -3.4358
    3.8863   -3.4247
    3.8821   -3.4136
    3.8778   -3.4026
    3.8733   -3.3917
    3.8685   -3.3809
    3.8636   -3.3701
    3.8586   -3.3594
    3.8533   -3.3489
    3.8478   -3.3384
    3.8422   -3.3280
    3.8364   -3.3177
    3.8304   -3.3075
    3.8242   -3.2975
    3.8178   -3.2875
    3.8113   -3.2776
    3.8046   -3.2679
    3.7978   -3.2583
    3.7907   -3.2488
    3.7835   -3.2394
    3.7762   -3.2301
    3.7687   -3.2210
    3.7610   -3.2120
    3.7532   -3.2032
    3.7452   -3.1945
    3.7371   -3.1859
    3.7288   -3.1775
    3.7203   -3.1692
    3.7118   -3.1611
    3.7031   -3.1531
    3.6942   -3.1452
    3.6852   -3.1376
    3.6761   -3.1301
    3.6669   -3.1227
    3.6575   -3.1155
    3.6480   -3.1085
    3.6384   -3.1016
    3.6286   -3.0949
    3.6188   -3.0884
    3.6088   -3.0821
    3.5987   -3.0759
    3.5885   -3.0699
    3.5783   -3.0641
    3.5679   -3.0584
    3.5574   -3.0530
    3.5468   -3.0477
    3.5361   -3.0426
    3.5254   -3.0377
    3.5146   -3.0330
    3.5036   -3.0285
    3.4926   -3.0241
    3.4816   -3.0200
    3.4704   -3.0161
    3.4592   -3.0123
    3.4480   -3.0088
    3.4366   -3.0054
    3.4252   -3.0022
    3.4138   -2.9993
    3.4023   -2.9965
    3.3908   -2.9940
    3.3792   -2.9916
    3.3676   -2.9895
    3.3559   -2.9875
    3.3442   -2.9858
    3.3325   -2.9842
    3.3208   -2.9829
    3.3090   -2.9817
    3.2972   -2.9808
    3.2854   -2.9801
    3.2736   -2.9796
    3.2618   -2.9793
    3.2500   -2.9792
    3.2382   -2.9793
    3.2264   -2.9796
    3.2146   -2.9801
    3.2028   -2.9808
    3.1910   -2.9817
    3.1792   -2.9829
    3.1675   -2.9842
    3.1558   -2.9858
    3.1441   -2.9875
    3.1324   -2.9895
    3.1208   -2.9916
    3.1092   -2.9940
    3.0977   -2.9965
    3.0862   -2.9993
    3.0748   -3.0022
    3.0634   -3.0054
    3.0520   -3.0088
    3.0408   -3.0123
    3.0296   -3.0161
    3.0184   -3.0200
    3.0074   -3.0241
    2.9964   -3.0285
    2.9854   -3.0330
    2.9746   -3.0377
    2.9639   -3.0426
    2.9532   -3.0477
    2.9426   -3.0530
    2.9321   -3.0584
    2.9217   -3.0641
    2.9115   -3.0699
    2.9013   -3.0759
    2.8912   -3.0821
    2.8812   -3.0884
    2.8714   -3.0949
    2.8616   -3.1016
    2.8520   -3.1085
    2.8425   -3.1155
    2.8331   -3.1227
    2.8239   -3.1301
    2.8148   -3.1376
    2.8058   -3.1452
    2.7969   -3.1531
    2.7882   -3.1611
    2.7797   -3.1692
    2.7712   -3.1775
    2.7629   -3.1859
    2.7548   -3.1945
    2.7468   -3.2032
    2.7390   -3.2120
    2.7313   -3.2210
    2.7238   -3.2301
    2.7165   -3.2394
    2.7093   -3.2488
    2.7022   -3.2583
    2.6954   -3.2679
    2.6887   -3.2776
    2.6822   -3.2875
    2.6758   -3.2975
    2.6696   -3.3075
    2.6636   -3.3177
    2.6578   -3.3280
    2.6522   -3.3384
    2.6467   -3.3489
    2.6414   -3.3594
    2.6364   -3.3701
    2.6315   -3.3809
    2.6267   -3.3917
    2.6222   -3.4026
    2.6179   -3.4136
    2.6137   -3.4247
    2.6098   -3.4358
    2.6061   -3.4470
    2.6025   -3.4583
    2.5991   -3.4696
    2.5960   -3.4810
    2.5930   -3.4924
    2.5903   -3.5039
    2.5877   -3.5155
    2.5854   -3.5271
    2.5832   -3.5387
    2.5813   -3.5503
    2.5795   -3.5620
    2.5780   -3.5737
    2.5766   -3.5855
    2.5755   -3.5972
    2.5746   -3.6090
    2.5738   -3.6208
    2.5733   -3.6326
    2.5730   -3.6444
    2.5729   -3.6562
    2.5730   -3.6681
    2.5733   -3.6799
    2.5738   -3.6917
    2.5746   -3.7035
    2.5755   -3.7153
    2.5766   -3.7270
    2.5780   -3.7388
    2.5795   -3.7505
    2.5813   -3.7622
    2.5832   -3.7738
    2.5854   -3.7854
    2.5877   -3.7970
    2.5903   -3.8086
    2.5930   -3.8201
    2.5960   -3.8315
    2.5991   -3.8429
    2.6025   -3.8542
    2.6061   -3.8655
    2.6098   -3.8767
    2.6137   -3.8878
    2.6179   -3.8989
    2.6222   -3.9099
    2.6267   -3.9208
    2.6315   -3.9316
    2.6364   -3.9424
    2.6414   -3.9531
    2.6467   -3.9636
    2.6522   -3.9741
    2.6578   -3.9845
    2.6636   -3.9948
    2.6696   -4.0050
    2.6758   -4.0150
    2.6822   -4.0250
    2.6887   -4.0349
    2.6954   -4.0446
    2.7022   -4.0542
    2.7093   -4.0637
    2.7165   -4.0731
    2.7238   -4.0824
    2.7313   -4.0915
    2.7390   -4.1005
    2.7468   -4.1093
    2.7548   -4.1180
    2.7629   -4.1266
    2.7712   -4.1350
    2.7797   -4.1433
    2.7882   -4.1514
    2.7969   -4.1594
    2.8058   -4.1673
    2.8148   -4.1749
    2.8239   -4.1824
    2.8331   -4.1898
    2.8425   -4.1970
    2.8520   -4.2040
    2.8616   -4.2109
    2.8714   -4.2176
    2.8812   -4.2241
    2.8912   -4.2304
    2.9013   -4.2366
    2.9115   -4.2426
    2.9217   -4.2484
    2.9321   -4.2541
    2.9426   -4.2595
    2.9532   -4.2648
    2.9639   -4.2699
    2.9746   -4.2748
    2.9854   -4.2795
    2.9964   -4.2840
    3.0074   -4.2884
    3.0184   -4.2925
    3.0296   -4.2964
    3.0408   -4.3002
    3.0520   -4.3037
    3.0634   -4.3071
    3.0748   -4.3103
    3.0862   -4.3132
    3.0977   -4.3160
    3.1092   -4.3185
    3.1208   -4.3209
    3.1324   -4.3230
    3.1441   -4.3250
    3.1558   -4.3267
    3.1675   -4.3283
    3.1792   -4.3296
    3.1910   -4.3308
    3.2028   -4.3317
    3.2146   -4.3324
    3.2264   -4.3329
    3.2382   -4.3332
    3.2500   -4.3333
    3.2618   -4.3332
    3.2736   -4.3329
    3.2854   -4.3324
    3.2972   -4.3317
    3.3090   -4.3308
    3.3208   -4.3296
    3.3325   -4.3283
    3.3442   -4.3267
    3.3559   -4.3250
    3.3676   -4.3230
    3.3792   -4.3209
    3.3908   -4.3185
    3.4023   -4.3160
    3.4138   -4.3132
    3.4252   -4.3103
    3.4366   -4.3071
    3.4480   -4.3037
    3.4592   -4.3002
    3.4704   -4.2964
    3.4816   -4.2925
    3.4926   -4.2884
    3.5036   -4.2840
    3.5146   -4.2795
    3.5254   -4.2748
    3.5361   -4.2699
    3.5468   -4.2648
    3.5574   -4.2595
    3.5679   -4.2541
    3.5783   -4.2484
    3.5885   -4.2426
    3.5987   -4.2366
    3.6088   -4.2304
    3.6188   -4.2241
    3.6286   -4.2176
    3.6384   -4.2109
    3.6480   -4.2040
    3.6575   -4.1970
    3.6669   -4.1898
    3.6761   -4.1824
    3.6852   -4.1749
    3.6942   -4.1673
    3.7031   -4.1594
    3.7118   -4.1514
    3.7203   -4.1433
    3.7288   -4.1350
    3.7371   -4.1266
    3.7452   -4.1180
    3.7532   -4.1093
    3.7610   -4.1005
    3.7687   -4.0915
    3.7762   -4.0824
    3.7835   -4.0731
    3.7907   -4.0637
    3.7978   -4.0542
    3.8046   -4.0446
    3.8113   -4.0349
    3.8178   -4.0250
    3.8242   -4.0150
    3.8304   -4.0050
    3.8364   -3.9948
    3.8422   -3.9845
    3.8478   -3.9741
    3.8533   -3.9636
    3.8586   -3.9531
    3.8636   -3.9424
    3.8685   -3.9316
    3.8733   -3.9208
    3.8778   -3.9099
    3.8821   -3.8989
    3.8863   -3.8878
    3.8902   -3.8767
    3.8939   -3.8655
    3.8975   -3.8542
    3.9009   -3.8429
    3.9040   -3.8315
    3.9070   -3.8201
    3.9097   -3.8086
    3.9123   -3.7970
    3.9146   -3.7854
    3.9168   -3.7738
    3.9187   -3.7622
    3.9205   -3.7505
    3.9220   -3.7388
    3.9234   -3.7270
    3.9245   -3.7153
    3.9254   -3.7035
    3.9262   -3.6917
    3.9267   -3.6799
    3.9270   -3.6681
    3.9271   -3.6562
    3.2500   -3.6562
                    
    4.8750    0.7042
    4.8750    0.0000
    5.5792    0.0000
    4.8750    0.0000
    5.5521    0.0000
    5.5520    0.0118
    5.5517    0.0236
    5.5512    0.0354
    5.5504    0.0472
    5.5495    0.0590
    5.5484    0.0708
    5.5470    0.0825
    5.5455    0.0942
    5.5437    0.1059
    5.5418    0.1176
    5.5396    0.1292
    5.5373    0.1408
    5.5347    0.1523
    5.5320    0.1638
    5.5290    0.1752
    5.5259    0.1866
    5.5225    0.1980
    5.5189    0.2092
    5.5152    0.2204
    5.5113    0.2316
    5.5071    0.2426
    5.5028    0.2536
    5.4983    0.2646
    5.4935    0.2754
    5.4886    0.2861
    5.4836    0.2968
    5.4783    0.3074
    5.4728    0.3179
    5.4672    0.3283
    5.4614    0.3385
    5.4554    0.3487
    5.4492    0.3588
    5.4428    0.3688
    5.4363    0.3786
    5.4296    0.3884
    5.4228    0.3980
    5.4157    0.4075
    5.4085    0.4169
    5.4012    0.4261
    5.3937    0.4352
    5.3860    0.4442
    5.3782    0.4531
    5.3702    0.4618
    5.3621    0.4703
    5.3538    0.4788
    5.3453    0.4871
    5.3368    0.4952
    5.3281    0.5032
    5.3192    0.5110
    5.3102    0.5187
    5.3011    0.5262
    5.2919    0.5335
    5.2825    0.5407
    5.2730    0.5478
    5.2634    0.5546
    5.2536    0.5613
    5.2438    0.5678
    5.2338    0.5742
    5.2237    0.5804
    5.2135    0.5864
    5.2033    0.5922
    5.1929    0.5978
    5.1824    0.6033
    5.1718    0.6086
    5.1611    0.6136
    5.1504    0.6185
    5.1396    0.6233
    5.1286    0.6278
    5.1176    0.6321
    5.1066    0.6363
    5.0954    0.6402
    5.0842    0.6439
    5.0730    0.6475
    5.0616    0.6509
    5.0502    0.6540
    5.0388    0.6570
    5.0273    0.6597
    5.0158    0.6623
    5.0042    0.6646
    4.9926    0.6668
    4.9809    0.6687
    4.9692    0.6705
    4.9575    0.6720
    4.9458    0.6734
    4.9340    0.6745
    4.9222    0.6754
    4.9104    0.6762
    4.8986    0.6767
    4.8868    0.6770
    4.8750    0.6771
    4.8632    0.6770
    4.8514    0.6767
    4.8396    0.6762
    4.8278    0.6754
    4.8160    0.6745
    4.8042    0.6734
    4.7925    0.6720
    4.7808    0.6705
    4.7691    0.6687
    4.7574    0.6668
    4.7458    0.6646
    4.7342    0.6623
    4.7227    0.6597
    4.7112    0.6570
    4.6998    0.6540
    4.6884    0.6509
    4.6770    0.6475
    4.6658    0.6439
    4.6546    0.6402
    4.6434    0.6363
    4.6324    0.6321
    4.6214    0.6278
    4.6104    0.6233
    4.5996    0.6185
    4.5889    0.6136
    4.5782    0.6086
    4.5676    0.6033
    4.5571    0.5978
    4.5467    0.5922
    4.5365    0.5864
    4.5263    0.5804
    4.5162    0.5742
    4.5062    0.5678
    4.4964    0.5613
    4.4866    0.5546
    4.4770    0.5478
    4.4675    0.5407
    4.4581    0.5335
    4.4489    0.5262
    4.4398    0.5187
    4.4308    0.5110
    4.4219    0.5032
    4.4132    0.4952
    4.4047    0.4871
    4.3962    0.4788
    4.3879    0.4703
    4.3798    0.4618
    4.3718    0.4531
    4.3640    0.4442
    4.3563    0.4352
    4.3488    0.4261
    4.3415    0.4169
    4.3343    0.4075
    4.3272    0.3980
    4.3204    0.3884
    4.3137    0.3786
    4.3072    0.3688
    4.3008    0.3588
    4.2946    0.3487
    4.2886    0.3385
    4.2828    0.3283
    4.2772    0.3179
    4.2717    0.3074
    4.2664    0.2968
    4.2614    0.2861
    4.2565    0.2754
    4.2517    0.2646
    4.2472    0.2536
    4.2429    0.2426
    4.2387    0.2316
    4.2348    0.2204
    4.2311    0.2092
    4.2275    0.1980
    4.2241    0.1866
    4.2210    0.1752
    4.2180    0.1638
    4.2153    0.1523
    4.2127    0.1408
    4.2104    0.1292
    4.2082    0.1176
    4.2063    0.1059
    4.2045    0.0942
    4.2030    0.0825
    4.2016    0.0708
    4.2005    0.0590
    4.1996    0.0472
    4.1988    0.0354
    4.1983    0.0236
    4.1980    0.0118
    4.1979   -0.0000
    4.1980   -0.0118
    4.1983   -0.0236
    4.1988   -0.0354
    4.1996   -0.0472
    4.2005   -0.0590
    4.2016   -0.0708
    4.2030   -0.0825
    4.2045   -0.0942
    4.2063   -0.1059
    4.2082   -0.1176
    4.2104   -0.1292
    4.2127   -0.1408
    4.2153   -0.1523
    4.2180   -0.1638
    4.2210   -0.1752
    4.2241   -0.1866
    4.2275   -0.1980
    4.2311   -0.2092
    4.2348   -0.2204
    4.2387   -0.2316
    4.2429   -0.2426
    4.2472   -0.2536
    4.2517   -0.2646
    4.2565   -0.2754
    4.2614   -0.2861
    4.2664   -0.2968
    4.2717   -0.3074
    4.2772   -0.3179
    4.2828   -0.3283
    4.2886   -0.3385
    4.2946   -0.3487
    4.3008   -0.3588
    4.3072   -0.3688
    4.3137   -0.3786
    4.3204   -0.3884
    4.3272   -0.3980
    4.3343   -0.4075
    4.3415   -0.4169
    4.3488   -0.4261
    4.3563   -0.4352
    4.3640   -0.4442
    4.3718   -0.4531
    4.3798   -0.4618
    4.3879   -0.4703
    4.3962   -0.4788
    4.4047   -0.4871
    4.4132   -0.4952
    4.4219   -0.5032
    4.4308   -0.5110
    4.4398   -0.5187
    4.4489   -0.5262
    4.4581   -0.5335
    4.4675   -0.5407
    4.4770   -0.5478
    4.4866   -0.5546
    4.4964   -0.5613
    4.5062   -0.5678
    4.5162   -0.5742
    4.5263   -0.5804
    4.5365   -0.5864
    4.5467   -0.5922
    4.5571   -0.5978
    4.5676   -0.6033
    4.5782   -0.6086
    4.5889   -0.6136
    4.5996   -0.6185
    4.6104   -0.6233
    4.6214   -0.6278
    4.6324   -0.6321
    4.6434   -0.6363
    4.6546   -0.6402
    4.6658   -0.6439
    4.6770   -0.6475
    4.6884   -0.6509
    4.6998   -0.6540
    4.7112   -0.6570
    4.7227   -0.6597
    4.7342   -0.6623
    4.7458   -0.6646
    4.7574   -0.6668
    4.7691   -0.6687
    4.7808   -0.6705
    4.7925   -0.6720
    4.8042   -0.6734
    4.8160   -0.6745
    4.8278   -0.6754
    4.8396   -0.6762
    4.8514   -0.6767
    4.8632   -0.6770
    4.8750   -0.6771
    4.8868   -0.6770
    4.8986   -0.6767
    4.9104   -0.6762
    4.9222   -0.6754
    4.9340   -0.6745
    4.9458   -0.6734
    4.9575   -0.6720
    4.9692   -0.6705
    4.9809   -0.6687
    4.9926   -0.6668
    5.0042   -0.6646
    5.0158   -0.6623
    5.0273   -0.6597
    5.0388   -0.6570
    5.0502   -0.6540
    5.0616   -0.6509
    5.0730   -0.6475
    5.0842   -0.6439
    5.0954   -0.6402
    5.1066   -0.6363
    5.1176   -0.6321
    5.1286   -0.6278
    5.1396   -0.6233
    5.1504   -0.6185
    5.1611   -0.6136
    5.1718   -0.6086
    5.1824   -0.6033
    5.1929   -0.5978
    5.2033   -0.5922
    5.2135   -0.5864
    5.2237   -0.5804
    5.2338   -0.5742
    5.2438   -0.5678
    5.2536   -0.5613
    5.2634   -0.5546
    5.2730   -0.5478
    5.2825   -0.5407
    5.2919   -0.5335
    5.3011   -0.5262
    5.3102   -0.5187
    5.3192   -0.5110
    5.3281   -0.5032
    5.3368   -0.4952
    5.3453   -0.4871
    5.3538   -0.4788
    5.3621   -0.4703
    5.3702   -0.4618
    5.3782   -0.4531
    5.3860   -0.4442
    5.3937   -0.4352
    5.4012   -0.4261
    5.4085   -0.4169
    5.4157   -0.4075
    5.4228   -0.3980
    5.4296   -0.3884
    5.4363   -0.3786
    5.4428   -0.3688
    5.4492   -0.3588
    5.4554   -0.3487
    5.4614   -0.3385
    5.4672   -0.3283
    5.4728   -0.3179
    5.4783   -0.3074
    5.4836   -0.2968
    5.4886   -0.2861
    5.4935   -0.2754
    5.4983   -0.2646
    5.5028   -0.2536
    5.5071   -0.2426
    5.5113   -0.2316
    5.5152   -0.2204
    5.5189   -0.2092
    5.5225   -0.1980
    5.5259   -0.1866
    5.5290   -0.1752
    5.5320   -0.1638
    5.5347   -0.1523
    5.5373   -0.1408
    5.5396   -0.1292
    5.5418   -0.1176
    5.5437   -0.1059
    5.5455   -0.0942
    5.5470   -0.0825
    5.5484   -0.0708
    5.5495   -0.0590
    5.5504   -0.0472
    5.5512   -0.0354
    5.5517   -0.0236
    5.5520   -0.0118
    5.5521    0.0000
    4.8750    0.0000
                    
    4.8750   -1.1240
    4.8750   -1.8281
    5.5792   -1.8281
    4.8750   -1.8281
    5.5521   -1.8281
    5.5520   -1.8163
    5.5517   -1.8045
    5.5512   -1.7927
    5.5504   -1.7809
    5.5495   -1.7691
    5.5484   -1.7574
    5.5470   -1.7456
    5.5455   -1.7339
    5.5437   -1.7222
    5.5418   -1.7106
    5.5396   -1.6989
    5.5373   -1.6874
    5.5347   -1.6758
    5.5320   -1.6643
    5.5290   -1.6529
    5.5259   -1.6415
    5.5225   -1.6302
    5.5189   -1.6189
    5.5152   -1.6077
    5.5113   -1.5965
    5.5071   -1.5855
    5.5028   -1.5745
    5.4983   -1.5636
    5.4935   -1.5527
    5.4886   -1.5420
    5.4836   -1.5313
    5.4783   -1.5207
    5.4728   -1.5103
    5.4672   -1.4999
    5.4614   -1.4896
    5.4554   -1.4794
    5.4492   -1.4693
    5.4428   -1.4594
    5.4363   -1.4495
    5.4296   -1.4398
    5.4228   -1.4301
    5.4157   -1.4206
    5.4085   -1.4113
    5.4012   -1.4020
    5.3937   -1.3929
    5.3860   -1.3839
    5.3782   -1.3751
    5.3702   -1.3664
    5.3621   -1.3578
    5.3538   -1.3494
    5.3453   -1.3411
    5.3368   -1.3329
    5.3281   -1.3250
    5.3192   -1.3171
    5.3102   -1.3094
    5.3011   -1.3019
    5.2919   -1.2946
    5.2825   -1.2874
    5.2730   -1.2804
    5.2634   -1.2735
    5.2536   -1.2668
    5.2438   -1.2603
    5.2338   -1.2539
    5.2237   -1.2478
    5.2135   -1.2418
    5.2033   -1.2359
    5.1929   -1.2303
    5.1824   -1.2248
    5.1718   -1.2196
    5.1611   -1.2145
    5.1504   -1.2096
    5.1396   -1.2049
    5.1286   -1.2003
    5.1176   -1.1960
    5.1066   -1.1919
    5.0954   -1.1879
    5.0842   -1.1842
    5.0730   -1.1806
    5.0616   -1.1773
    5.0502   -1.1741
    5.0388   -1.1712
    5.0273   -1.1684
    5.0158   -1.1658
    5.0042   -1.1635
    4.9926   -1.1613
    4.9809   -1.1594
    4.9692   -1.1576
    4.9575   -1.1561
    4.9458   -1.1548
    4.9340   -1.1536
    4.9222   -1.1527
    4.9104   -1.1520
    4.8986   -1.1515
    4.8868   -1.1511
    4.8750   -1.1510
    4.8632   -1.1511
    4.8514   -1.1515
    4.8396   -1.1520
    4.8278   -1.1527
    4.8160   -1.1536
    4.8042   -1.1548
    4.7925   -1.1561
    4.7808   -1.1576
    4.7691   -1.1594
    4.7574   -1.1613
    4.7458   -1.1635
    4.7342   -1.1658
    4.7227   -1.1684
    4.7112   -1.1712
    4.6998   -1.1741
    4.6884   -1.1773
    4.6770   -1.1806
    4.6658   -1.1842
    4.6546   -1.1879
    4.6434   -1.1919
    4.6324   -1.1960
    4.6214   -1.2003
    4.6104   -1.2049
    4.5996   -1.2096
    4.5889   -1.2145
    4.5782   -1.2196
    4.5676   -1.2248
    4.5571   -1.2303
    4.5467   -1.2359
    4.5365   -1.2418
    4.5263   -1.2478
    4.5162   -1.2539
    4.5062   -1.2603
    4.4964   -1.2668
    4.4866   -1.2735
    4.4770   -1.2804
    4.4675   -1.2874
    4.4581   -1.2946
    4.4489   -1.3019
    4.4398   -1.3094
    4.4308   -1.3171
    4.4219   -1.3250
    4.4132   -1.3329
    4.4047   -1.3411
    4.3962   -1.3494
    4.3879   -1.3578
    4.3798   -1.3664
    4.3718   -1.3751
    4.3640   -1.3839
    4.3563   -1.3929
    4.3488   -1.4020
    4.3415   -1.4113
    4.3343   -1.4206
    4.3272   -1.4301
    4.3204   -1.4398
    4.3137   -1.4495
    4.3072   -1.4594
    4.3008   -1.4693
    4.2946   -1.4794
    4.2886   -1.4896
    4.2828   -1.4999
    4.2772   -1.5103
    4.2717   -1.5207
    4.2664   -1.5313
    4.2614   -1.5420
    4.2565   -1.5527
    4.2517   -1.5636
    4.2472   -1.5745
    4.2429   -1.5855
    4.2387   -1.5965
    4.2348   -1.6077
    4.2311   -1.6189
    4.2275   -1.6302
    4.2241   -1.6415
    4.2210   -1.6529
    4.2180   -1.6643
    4.2153   -1.6758
    4.2127   -1.6874
    4.2104   -1.6989
    4.2082   -1.7106
    4.2063   -1.7222
    4.2045   -1.7339
    4.2030   -1.7456
    4.2016   -1.7574
    4.2005   -1.7691
    4.1996   -1.7809
    4.1988   -1.7927
    4.1983   -1.8045
    4.1980   -1.8163
    4.1979   -1.8281
    4.1980   -1.8399
    4.1983   -1.8518
    4.1988   -1.8636
    4.1996   -1.8754
    4.2005   -1.8871
    4.2016   -1.8989
    4.2030   -1.9106
    4.2045   -1.9224
    4.2063   -1.9340
    4.2082   -1.9457
    4.2104   -1.9573
    4.2127   -1.9689
    4.2153   -1.9804
    4.2180   -1.9919
    4.2210   -2.0034
    4.2241   -2.0148
    4.2275   -2.0261
    4.2311   -2.0374
    4.2348   -2.0486
    4.2387   -2.0597
    4.2429   -2.0708
    4.2472   -2.0818
    4.2517   -2.0927
    4.2565   -2.1035
    4.2614   -2.1143
    4.2664   -2.1249
    4.2717   -2.1355
    4.2772   -2.1460
    4.2828   -2.1564
    4.2886   -2.1667
    4.2946   -2.1768
    4.3008   -2.1869
    4.3072   -2.1969
    4.3137   -2.2067
    4.3204   -2.2165
    4.3272   -2.2261
    4.3343   -2.2356
    4.3415   -2.2450
    4.3488   -2.2542
    4.3563   -2.2633
    4.3640   -2.2723
    4.3718   -2.2812
    4.3798   -2.2899
    4.3879   -2.2985
    4.3962   -2.3069
    4.4047   -2.3152
    4.4132   -2.3233
    4.4219   -2.3313
    4.4308   -2.3391
    4.4398   -2.3468
    4.4489   -2.3543
    4.4581   -2.3617
    4.4675   -2.3689
    4.4770   -2.3759
    4.4866   -2.3828
    4.4964   -2.3895
    4.5062   -2.3960
    4.5162   -2.4023
    4.5263   -2.4085
    4.5365   -2.4145
    4.5467   -2.4203
    4.5571   -2.4260
    4.5676   -2.4314
    4.5782   -2.4367
    4.5889   -2.4418
    4.5996   -2.4467
    4.6104   -2.4514
    4.6214   -2.4559
    4.6324   -2.4602
    4.6434   -2.4644
    4.6546   -2.4683
    4.6658   -2.4721
    4.6770   -2.4756
    4.6884   -2.4790
    4.6998   -2.4821
    4.7112   -2.4851
    4.7227   -2.4879
    4.7342   -2.4904
    4.7458   -2.4928
    4.7574   -2.4949
    4.7691   -2.4969
    4.7808   -2.4986
    4.7925   -2.5002
    4.8042   -2.5015
    4.8160   -2.5026
    4.8278   -2.5036
    4.8396   -2.5043
    4.8514   -2.5048
    4.8632   -2.5051
    4.8750   -2.5052
    4.8868   -2.5051
    4.8986   -2.5048
    4.9104   -2.5043
    4.9222   -2.5036
    4.9340   -2.5026
    4.9458   -2.5015
    4.9575   -2.5002
    4.9692   -2.4986
    4.9809   -2.4969
    4.9926   -2.4949
    5.0042   -2.4928
    5.0158   -2.4904
    5.0273   -2.4879
    5.0388   -2.4851
    5.0502   -2.4821
    5.0616   -2.4790
    5.0730   -2.4756
    5.0842   -2.4721
    5.0954   -2.4683
    5.1066   -2.4644
    5.1176   -2.4602
    5.1286   -2.4559
    5.1396   -2.4514
    5.1504   -2.4467
    5.1611   -2.4418
    5.1718   -2.4367
    5.1824   -2.4314
    5.1929   -2.4260
    5.2033   -2.4203
    5.2135   -2.4145
    5.2237   -2.4085
    5.2338   -2.4023
    5.2438   -2.3960
    5.2536   -2.3895
    5.2634   -2.3828
    5.2730   -2.3759
    5.2825   -2.3689
    5.2919   -2.3617
    5.3011   -2.3543
    5.3102   -2.3468
    5.3192   -2.3391
    5.3281   -2.3313
    5.3368   -2.3233
    5.3453   -2.3152
    5.3538   -2.3069
    5.3621   -2.2985
    5.3702   -2.2899
    5.3782   -2.2812
    5.3860   -2.2723
    5.3937   -2.2633
    5.4012   -2.2542
    5.4085   -2.2450
    5.4157   -2.2356
    5.4228   -2.2261
    5.4296   -2.2165
    5.4363   -2.2067
    5.4428   -2.1969
    5.4492   -2.1869
    5.4554   -2.1768
    5.4614   -2.1667
    5.4672   -2.1564
    5.4728   -2.1460
    5.4783   -2.1355
    5.4836   -2.1249
    5.4886   -2.1143
    5.4935   -2.1035
    5.4983   -2.0927
    5.5028   -2.0818
    5.5071   -2.0708
    5.5113   -2.0597
    5.5152   -2.0486
    5.5189   -2.0374
    5.5225   -2.0261
    5.5259   -2.0148
    5.5290   -2.0034
    5.5320   -1.9919
    5.5347   -1.9804
    5.5373   -1.9689
    5.5396   -1.9573
    5.5418   -1.9457
    5.5437   -1.9340
    5.5455   -1.9224
    5.5470   -1.9106
    5.5484   -1.8989
    5.5495   -1.8871
    5.5504   -1.8754
    5.5512   -1.8636
    5.5517   -1.8518
    5.5520   -1.8399
    5.5521   -1.8281
    4.8750   -1.8281
                    
    4.8750   -2.9521
    4.8750   -3.6562
    5.5792   -3.6562
    4.8750   -3.6562
    5.5521   -3.6562
    5.5520   -3.6444
    5.5517   -3.6326
    5.5512   -3.6208
    5.5504   -3.6090
    5.5495   -3.5972
    5.5484   -3.5855
    5.5470   -3.5737
    5.5455   -3.5620
    5.5437   -3.5503
    5.5418   -3.5387
    5.5396   -3.5271
    5.5373   -3.5155
    5.5347   -3.5039
    5.5320   -3.4924
    5.5290   -3.4810
    5.5259   -3.4696
    5.5225   -3.4583
    5.5189   -3.4470
    5.5152   -3.4358
    5.5113   -3.4247
    5.5071   -3.4136
    5.5028   -3.4026
    5.4983   -3.3917
    5.4935   -3.3809
    5.4886   -3.3701
    5.4836   -3.3594
    5.4783   -3.3489
    5.4728   -3.3384
    5.4672   -3.3280
    5.4614   -3.3177
    5.4554   -3.3075
    5.4492   -3.2975
    5.4428   -3.2875
    5.4363   -3.2776
    5.4296   -3.2679
    5.4228   -3.2583
    5.4157   -3.2488
    5.4085   -3.2394
    5.4012   -3.2301
    5.3937   -3.2210
    5.3860   -3.2120
    5.3782   -3.2032
    5.3702   -3.1945
    5.3621   -3.1859
    5.3538   -3.1775
    5.3453   -3.1692
    5.3368   -3.1611
    5.3281   -3.1531
    5.3192   -3.1452
    5.3102   -3.1376
    5.3011   -3.1301
    5.2919   -3.1227
    5.2825   -3.1155
    5.2730   -3.1085
    5.2634   -3.1016
    5.2536   -3.0949
    5.2438   -3.0884
    5.2338   -3.0821
    5.2237   -3.0759
    5.2135   -3.0699
    5.2033   -3.0641
    5.1929   -3.0584
    5.1824   -3.0530
    5.1718   -3.0477
    5.1611   -3.0426
    5.1504   -3.0377
    5.1396   -3.0330
    5.1286   -3.0285
    5.1176   -3.0241
    5.1066   -3.0200
    5.0954   -3.0161
    5.0842   -3.0123
    5.0730   -3.0088
    5.0616   -3.0054
    5.0502   -3.0022
    5.0388   -2.9993
    5.0273   -2.9965
    5.0158   -2.9940
    5.0042   -2.9916
    4.9926   -2.9895
    4.9809   -2.9875
    4.9692   -2.9858
    4.9575   -2.9842
    4.9458   -2.9829
    4.9340   -2.9817
    4.9222   -2.9808
    4.9104   -2.9801
    4.8986   -2.9796
    4.8868   -2.9793
    4.8750   -2.9792
    4.8632   -2.9793
    4.8514   -2.9796
    4.8396   -2.9801
    4.8278   -2.9808
    4.8160   -2.9817
    4.8042   -2.9829
    4.7925   -2.9842
    4.7808   -2.9858
    4.7691   -2.9875
    4.7574   -2.9895
    4.7458   -2.9916
    4.7342   -2.9940
    4.7227   -2.9965
    4.7112   -2.9993
    4.6998   -3.0022
    4.6884   -3.0054
    4.6770   -3.0088
    4.6658   -3.0123
    4.6546   -3.0161
    4.6434   -3.0200
    4.6324   -3.0241
    4.6214   -3.0285
    4.6104   -3.0330
    4.5996   -3.0377
    4.5889   -3.0426
    4.5782   -3.0477
    4.5676   -3.0530
    4.5571   -3.0584
    4.5467   -3.0641
    4.5365   -3.0699
    4.5263   -3.0759
    4.5162   -3.0821
    4.5062   -3.0884
    4.4964   -3.0949
    4.4866   -3.1016
    4.4770   -3.1085
    4.4675   -3.1155
    4.4581   -3.1227
    4.4489   -3.1301
    4.4398   -3.1376
    4.4308   -3.1452
    4.4219   -3.1531
    4.4132   -3.1611
    4.4047   -3.1692
    4.3962   -3.1775
    4.3879   -3.1859
    4.3798   -3.1945
    4.3718   -3.2032
    4.3640   -3.2120
    4.3563   -3.2210
    4.3488   -3.2301
    4.3415   -3.2394
    4.3343   -3.2488
    4.3272   -3.2583
    4.3204   -3.2679
    4.3137   -3.2776
    4.3072   -3.2875
    4.3008   -3.2975
    4.2946   -3.3075
    4.2886   -3.3177
    4.2828   -3.3280
    4.2772   -3.3384
    4.2717   -3.3489
    4.2664   -3.3594
    4.2614   -3.3701
    4.2565   -3.3809
    4.2517   -3.3917
    4.2472   -3.4026
    4.2429   -3.4136
    4.2387   -3.4247
    4.2348   -3.4358
    4.2311   -3.4470
    4.2275   -3.4583
    4.2241   -3.4696
    4.2210   -3.4810
    4.2180   -3.4924
    4.2153   -3.5039
    4.2127   -3.5155
    4.2104   -3.5271
    4.2082   -3.5387
    4.2063   -3.5503
    4.2045   -3.5620
    4.2030   -3.5737
    4.2016   -3.5855
    4.2005   -3.5972
    4.1996   -3.6090
    4.1988   -3.6208
    4.1983   -3.6326
    4.1980   -3.6444
    4.1979   -3.6562
    4.1980   -3.6681
    4.1983   -3.6799
    4.1988   -3.6917
    4.1996   -3.7035
    4.2005   -3.7153
    4.2016   -3.7270
    4.2030   -3.7388
    4.2045   -3.7505
    4.2063   -3.7622
    4.2082   -3.7738
    4.2104   -3.7854
    4.2127   -3.7970
    4.2153   -3.8086
    4.2180   -3.8201
    4.2210   -3.8315
    4.2241   -3.8429
    4.2275   -3.8542
    4.2311   -3.8655
    4.2348   -3.8767
    4.2387   -3.8878
    4.2429   -3.8989
    4.2472   -3.9099
    4.2517   -3.9208
    4.2565   -3.9316
    4.2614   -3.9424
    4.2664   -3.9531
    4.2717   -3.9636
    4.2772   -3.9741
    4.2828   -3.9845
    4.2886   -3.9948
    4.2946   -4.0050
    4.3008   -4.0150
    4.3072   -4.0250
    4.3137   -4.0349
    4.3204   -4.0446
    4.3272   -4.0542
    4.3343   -4.0637
    4.3415   -4.0731
    4.3488   -4.0824
    4.3563   -4.0915
    4.3640   -4.1005
    4.3718   -4.1093
    4.3798   -4.1180
    4.3879   -4.1266
    4.3962   -4.1350
    4.4047   -4.1433
    4.4132   -4.1514
    4.4219   -4.1594
    4.4308   -4.1673
    4.4398   -4.1749
    4.4489   -4.1824
    4.4581   -4.1898
    4.4675   -4.1970
    4.4770   -4.2040
    4.4866   -4.2109
    4.4964   -4.2176
    4.5062   -4.2241
    4.5162   -4.2304
    4.5263   -4.2366
    4.5365   -4.2426
    4.5467   -4.2484
    4.5571   -4.2541
    4.5676   -4.2595
    4.5782   -4.2648
    4.5889   -4.2699
    4.5996   -4.2748
    4.6104   -4.2795
    4.6214   -4.2840
    4.6324   -4.2884
    4.6434   -4.2925
    4.6546   -4.2964
    4.6658   -4.3002
    4.6770   -4.3037
    4.6884   -4.3071
    4.6998   -4.3103
    4.7112   -4.3132
    4.7227   -4.3160
    4.7342   -4.3185
    4.7458   -4.3209
    4.7574   -4.3230
    4.7691   -4.3250
    4.7808   -4.3267
    4.7925   -4.3283
    4.8042   -4.3296
    4.8160   -4.3308
    4.8278   -4.3317
    4.8396   -4.3324
    4.8514   -4.3329
    4.8632   -4.3332
    4.8750   -4.3333
    4.8868   -4.3332
    4.8986   -4.3329
    4.9104   -4.3324
    4.9222   -4.3317
    4.9340   -4.3308
    4.9458   -4.3296
    4.9575   -4.3283
    4.9692   -4.3267
    4.9809   -4.3250
    4.9926   -4.3230
    5.0042   -4.3209
    5.0158   -4.3185
    5.0273   -4.3160
    5.0388   -4.3132
    5.0502   -4.3103
    5.0616   -4.3071
    5.0730   -4.3037
    5.0842   -4.3002
    5.0954   -4.2964
    5.1066   -4.2925
    5.1176   -4.2884
    5.1286   -4.2840
    5.1396   -4.2795
    5.1504   -4.2748
    5.1611   -4.2699
    5.1718   -4.2648
    5.1824   -4.2595
    5.1929   -4.2541
    5.2033   -4.2484
    5.2135   -4.2426
    5.2237   -4.2366
    5.2338   -4.2304
    5.2438   -4.2241
    5.2536   -4.2176
    5.2634   -4.2109
    5.2730   -4.2040
    5.2825   -4.1970
    5.2919   -4.1898
    5.3011   -4.1824
    5.3102   -4.1749
    5.3192   -4.1673
    5.3281   -4.1594
    5.3368   -4.1514
    5.3453   -4.1433
    5.3538   -4.1350
    5.3621   -4.1266
    5.3702   -4.1180
    5.3782   -4.1093
    5.3860   -4.1005
    5.3937   -4.0915
    5.4012   -4.0824
    5.4085   -4.0731
    5.4157   -4.0637
    5.4228   -4.0542
    5.4296   -4.0446
    5.4363   -4.0349
    5.4428   -4.0250
    5.4492   -4.0150
    5.4554   -4.0050
    5.4614   -3.9948
    5.4672   -3.9845
    5.4728   -3.9741
    5.4783   -3.9636
    5.4836   -3.9531
    5.4886   -3.9424
    5.4935   -3.9316
    5.4983   -3.9208
    5.5028   -3.9099
    5.5071   -3.8989
    5.5113   -3.8878
    5.5152   -3.8767
    5.5189   -3.8655
    5.5225   -3.8542
    5.5259   -3.8429
    5.5290   -3.8315
    5.5320   -3.8201
    5.5347   -3.8086
    5.5373   -3.7970
    5.5396   -3.7854
    5.5418   -3.7738
    5.5437   -3.7622
    5.5455   -3.7505
    5.5470   -3.7388
    5.5484   -3.7270
    5.5495   -3.7153
    5.5504   -3.7035
    5.5512   -3.6917
    5.5517   -3.6799
    5.5520   -3.6681
    5.5521   -3.6562
    4.8750   -3.6562
                    
