  -0.51234   0.44266
  -0.51024   0.43904
  -0.49497   0.41932
  -0.47375   0.40209
  -0.47205   0.40112
  -0.46994   0.39991
  -0.44796   0.38204
  -0.42532   0.37252
  -0.41792   0.36929
  -0.40656   0.36413
  -0.38704   0.35447
  -0.37447   0.34940
  -0.35004   0.34614
  -0.34532   0.34532
  -0.32244   0.33762
  -0.31119   0.33525
  -0.27250   0.32475
  -0.27232   0.32469
  -0.27219   0.32467
  -0.27025   0.32442
  -0.22593   0.31421
  -0.22274   0.31281
  -0.21897   0.31273
  -0.20557   0.31380
  -0.18040   0.31246
  -0.17493   0.31186
  -0.16226   0.31289
  -0.14614   0.31340
  -0.12723   0.31042
  -0.11348   0.31178
  -0.09257   0.31264
  -0.08335   0.31107
  -0.07817   0.31200
  -0.05503   0.31209
  -0.04186   0.31134
  -0.03020   0.30880
  -0.02700   0.30857
  -0.02374   0.30919
  -0.00000   0.31358
   0.00388   0.31412
   0.02593   0.31552
   0.02761   0.31561
   0.03007   0.31621
   0.05683   0.32230
   0.07285   0.32466
   0.08713   0.32517
   0.11949   0.33159
   0.12036   0.33171
   0.12081   0.33191
   0.12594   0.33419
   0.16086   0.34497
   0.16568   0.34491
   0.17211   0.34663
   0.20280   0.35126
   0.21578   0.35223
   0.22595   0.35840
   0.25619   0.37419
   0.26093   0.37570
   0.26201   0.37624
   0.26488   0.37829
   0.29713   0.39250
   0.31144   0.39770
   0.32859   0.40924
   0.34715   0.42841
   0.35215   0.43246
   0.35591   0.43547
   0.37441   0.45436
   0.39668   0.47274
   0.39835   0.47408
   0.39850   0.47426
   0.39866   0.47444
   0.42133   0.49326
   0.43589   0.51723
   0.43628   0.51779
                    
  -0.43628  -0.51779
  -0.43583  -0.51735
  -0.43005  -0.51252
  -0.41437  -0.49913
  -0.39209  -0.48961
  -0.38167  -0.48791
  -0.35075  -0.48129
  -0.34322  -0.47835
  -0.34009  -0.47694
  -0.33327  -0.47595
  -0.30904  -0.46425
  -0.29175  -0.45479
  -0.27024  -0.44991
  -0.25761  -0.44619
  -0.24020  -0.44022
  -0.22393  -0.43840
  -0.20280  -0.43491
  -0.18629  -0.43011
  -0.16328  -0.42728
  -0.15461  -0.42477
  -0.13417  -0.41781
  -0.11100  -0.41424
  -0.09063  -0.41387
  -0.07665  -0.41300
  -0.07287  -0.41326
  -0.06810  -0.41353
  -0.03594  -0.41081
  -0.01403  -0.40943
  -0.00000  -0.40862
   0.01619  -0.40706
   0.03531  -0.40360
   0.05218  -0.40166
   0.07022  -0.39822
   0.08934  -0.39363
   0.10444  -0.38979
   0.12821  -0.39024
   0.14164  -0.38914
   0.14960  -0.38826
   0.17250  -0.38697
   0.18010  -0.38623
   0.20658  -0.38302
   0.22218  -0.38483
   0.24521  -0.38614
   0.25966  -0.38569
   0.27081  -0.38676
   0.30473  -0.38663
   0.31443  -0.38599
   0.32578  -0.38825
   0.34925  -0.39175
   0.36651  -0.39621
   0.38472  -0.40377
   0.41431  -0.41431
   0.41677  -0.41452
   0.41776  -0.41485
   0.41949  -0.41553
   0.45461  -0.42078
   0.46924  -0.42214
   0.48623  -0.42943
   0.50691  -0.44050
   0.51234  -0.44266
                    
   0.44043  -1.31387
   0.43831  -1.31624
   0.42571  -1.33864
   0.41201  -1.35650
   0.40785  -1.36188
   0.40334  -1.36769
   0.38890  -1.38611
   0.36746  -1.40206
   0.36412  -1.40569
   0.36089  -1.40919
   0.33738  -1.42610
   0.33726  -1.42619
   0.31466  -1.44309
   0.30964  -1.44542
   0.29854  -1.45086
   0.27860  -1.46534
   0.26667  -1.47032
   0.25006  -1.47100
   0.23201  -1.47362
   0.21602  -1.47688
   0.20261  -1.47720
   0.17006  -1.48049
   0.16533  -1.48223
   0.16114  -1.48256
   0.12466  -1.49844
   0.12168  -1.50005
   0.11930  -1.50035
   0.11330  -1.50122
   0.08508  -1.51061
   0.07624  -1.51129
   0.06260  -1.52029
   0.05333  -1.52565
   0.03957  -1.53483
   0.02511  -1.54108
   0.00882  -1.53641
  -0.00000  -1.53319
  -0.01523  -1.52845
  -0.02639  -1.52652
  -0.03382  -1.52499
  -0.04967  -1.51794
  -0.05484  -1.51712
  -0.07761  -1.51468
  -0.08391  -1.51498
  -0.09308  -1.51510
  -0.11262  -1.51870
  -0.12850  -1.52256
  -0.14183  -1.52397
  -0.17033  -1.52508
  -0.17436  -1.52612
  -0.17691  -1.52681
  -0.18217  -1.52639
  -0.21156  -1.52599
  -0.22460  -1.52793
  -0.23846  -1.52331
  -0.26382  -1.51371
  -0.27307  -1.51081
  -0.27754  -1.50801
  -0.28572  -1.50305
  -0.31102  -1.49272
  -0.32232  -1.48924
  -0.34366  -1.47565
  -0.36503  -1.46309
  -0.37196  -1.46176
  -0.37513  -1.46108
  -0.38598  -1.45953
  -0.42093  -1.46227
  -0.42638  -1.46298
  -0.44310  -1.45632
  -0.45335  -1.45250
  -0.47469  -1.43074
  -0.47500  -1.43051
  -0.47534  -1.43026
  -0.47933  -1.42592
  -0.49488  -1.40869
  -0.50876  -1.38844
  -0.51054  -1.38338
                    
  -0.44043  -2.34238
  -0.43837  -2.33986
  -0.41716  -2.32492
  -0.41670  -2.32473
  -0.39344  -2.31451
  -0.38543  -2.31307
  -0.36284  -2.30816
  -0.34862  -2.30256
  -0.34228  -2.29999
  -0.33063  -2.30032
  -0.31074  -2.29124
  -0.29225  -2.28171
  -0.27646  -2.27424
  -0.25263  -2.26569
  -0.24311  -2.26174
  -0.23263  -2.26197
  -0.20185  -2.26100
  -0.18481  -2.26128
  -0.15739  -2.26054
  -0.15056  -2.26005
  -0.13129  -2.25069
  -0.11318  -2.25053
  -0.08016  -2.24415
  -0.07534  -2.24295
  -0.07313  -2.24289
  -0.06973  -2.24278
  -0.03570  -2.23616
  -0.01718  -2.23408
  -0.00000  -2.23228
   0.02167  -2.22892
   0.03479  -2.22573
   0.04669  -2.22528
   0.06988  -2.22441
   0.08878  -2.22268
   0.10491  -2.21967
   0.13616  -2.22228
   0.14271  -2.22021
   0.14878  -2.21819
   0.15481  -2.22251
   0.18216  -2.23966
   0.19177  -2.24341
   0.19293  -2.24360
   0.19372  -2.24357
   0.19540  -2.24332
   0.23077  -2.22783
   0.26010  -2.21214
   0.26884  -2.21207
   0.30964  -2.21083
   0.31532  -2.21029
   0.32194  -2.21180
   0.35233  -2.21711
   0.36713  -2.22144
   0.39422  -2.22262
   0.39449  -2.22262
   0.42185  -2.22030
   0.43495  -2.22491
   0.44888  -2.23533
   0.45873  -2.24441
   0.46846  -2.25338
   0.48170  -2.26262
   0.50141  -2.27097
   0.51054  -2.27287
                    
  -0.09630  -3.75255
  -0.09392  -3.74941
  -0.07685  -3.72884
  -0.06600  -3.71758
  -0.05861  -3.71304
  -0.05771  -3.71396
  -0.05679  -3.71486
  -0.06131  -3.72227
  -0.07277  -3.73339
  -0.09315  -3.75018
  -0.09630  -3.75255
                    
   0.10560  -3.76185
   0.09180  -3.75151
   0.07525  -3.73755
   0.06053  -3.72299
   0.05466  -3.71318
   0.05581  -3.71206
   0.05693  -3.71091
   0.06676  -3.71676
   0.08111  -3.73139
   0.09523  -3.74807
   0.10560  -3.76185
                    
   0.05701  -3.59747
   0.06146  -3.59036
   0.07147  -3.58121
   0.08401  -3.57224
   0.07511  -3.58474
   0.06594  -3.59485
   0.05878  -3.59924
   0.05790  -3.59835
   0.05701  -3.59747
                    
  -0.05865  -3.59941
  -0.06600  -3.59492
  -0.07629  -3.58400
  -0.09081  -3.56544
  -0.07227  -3.57993
  -0.06137  -3.59029
  -0.05684  -3.59760
  -0.05775  -3.59850
  -0.05865  -3.59941
                    
   0.43669  -3.13881
   0.43614  -3.13958
   0.42153  -3.16316
   0.40505  -3.18311
   0.40371  -3.18642
   0.40172  -3.19123
   0.38530  -3.21109
   0.35958  -3.22915
   0.35907  -3.22951
   0.35871  -3.22977
   0.35643  -3.23148
   0.33245  -3.25014
   0.31440  -3.27012
   0.31058  -3.27431
   0.30636  -3.27894
   0.28739  -3.30039
   0.26848  -3.30695
   0.24473  -3.30674
   0.23605  -3.30442
   0.21470  -3.29967
   0.20149  -3.30726
   0.18630  -3.31703
   0.17070  -3.32719
   0.15121  -3.33199
   0.13407  -3.33028
   0.12221  -3.32966
   0.11944  -3.32810
   0.11730  -3.32693
   0.08922  -3.32327
   0.06908  -3.32370
   0.05796  -3.32756
   0.03022  -3.33986
   0.02760  -3.34077
   0.02603  -3.34090
   0.01120  -3.34231
  -0.00000  -3.34370
  -0.02294  -3.34790
  -0.02691  -3.34866
  -0.03062  -3.34809
  -0.03586  -3.34416
  -0.05623  -3.33735
  -0.07348  -3.33299
  -0.08614  -3.33479
  -0.10014  -3.33803
  -0.11268  -3.34665
  -0.13084  -3.36094
  -0.13678  -3.36293
  -0.16567  -3.35506
  -0.17423  -3.35447
  -0.17682  -3.35435
  -0.17908  -3.35267
  -0.18592  -3.34776
  -0.21459  -3.33418
  -0.22106  -3.33189
  -0.22540  -3.33434
  -0.25162  -3.33369
  -0.26847  -3.33630
  -0.27291  -3.33714
  -0.27649  -3.33522
  -0.28429  -3.33120
  -0.31424  -3.32385
  -0.32237  -3.31787
  -0.34430  -3.30440
  -0.36173  -3.29452
  -0.37245  -3.29282
  -0.37816  -3.29232
  -0.40250  -3.29115
  -0.42399  -3.29394
  -0.42681  -3.29440
  -0.43419  -3.29192
  -0.45694  -3.28500
  -0.47487  -3.25984
  -0.47550  -3.25923
  -0.47607  -3.25867
  -0.47811  -3.25507
  -0.49058  -3.23179
  -0.50371  -3.21438
  -0.50739  -3.20793
                    
   0.50739  -4.10457
   0.49787  -4.10057
   0.48114  -4.09137
   0.46882  -4.08007
   0.46008  -4.07104
   0.45178  -4.06251
   0.43785  -4.04984
   0.42239  -4.04572
   0.39578  -4.05203
   0.39278  -4.05218
   0.36650  -4.05254
   0.34815  -4.04898
   0.31983  -4.03741
   0.31594  -4.03564
   0.31427  -4.03516
   0.30882  -4.03354
   0.27708  -4.02020
   0.26588  -4.01749
   0.25426  -4.01936
   0.23909  -4.02841
   0.22496  -4.04589
   0.20953  -4.06286
   0.19754  -4.07209
   0.19430  -4.07292
   0.19238  -4.07302
   0.18989  -4.07239
   0.17663  -4.06613
   0.15713  -4.04971
   0.15017  -4.04325
   0.14178  -4.04580
   0.13218  -4.04848
   0.10414  -4.04490
   0.08822  -4.05175
   0.07061  -4.05671
   0.05527  -4.06035
   0.03589  -4.06650
   0.00929  -4.07071
  -0.00000  -4.07138
  -0.00824  -4.07180
  -0.03650  -4.07339
  -0.06956  -4.07079
  -0.07302  -4.07037
  -0.07613  -4.06998
  -0.10929  -4.06413
  -0.11217  -4.06481
  -0.13680  -4.06954
  -0.15557  -4.08368
  -0.15814  -4.08546
  -0.18266  -4.09366
  -0.20634  -4.09876
  -0.21895  -4.09716
  -0.24160  -4.09333
  -0.25405  -4.09627
  -0.27898  -4.10079
  -0.29436  -4.10454
  -0.31586  -4.11589
  -0.32487  -4.12021
  -0.34419  -4.12358
  -0.35395  -4.12672
  -0.36989  -4.13541
  -0.38728  -4.13972
  -0.39404  -4.14120
  -0.41497  -4.15488
  -0.42761  -4.16585
  -0.43608  -4.17306
  -0.43669  -4.17369
                    
   1.01989   0.30378
   1.03673   0.28915
   1.04220   0.28490
   1.04730   0.28200
   1.06712   0.26924
   1.09080   0.25447
   1.09341   0.25305
   1.09622   0.25208
   1.12303   0.24302
   1.14698   0.23448
   1.15411   0.23174
   1.16538   0.23072
   1.18847   0.22755
   1.20229   0.22517
   1.22455   0.22107
   1.24547   0.21912
   1.25676   0.21762
   1.26139   0.21747
   1.27615   0.21658
   1.30155   0.21250
   1.30994   0.21141
   1.32298   0.21148
   1.34250   0.21077
   1.35862   0.20912
   1.37913   0.20631
   1.38681   0.20482
   1.40566   0.20185
   1.42307   0.20193
   1.43254   0.20242
   1.44715   0.20229
   1.45547   0.20204
   1.48364   0.19834
   1.48661   0.19764
   1.48742   0.19757
   1.48935   0.19735
   1.51053   0.19827
   1.52202   0.19770
   1.53272   0.19791
   1.54686   0.20014
   1.55199   0.20059
   1.55580   0.20083
   1.57102   0.20146
   1.58820   0.20369
   1.58908   0.20373
   1.58984   0.20377
   1.60711   0.20446
   1.62426   0.20673
   1.62500   0.20682
   1.62583   0.20691
   1.64317   0.20763
   1.65842   0.20935
   1.66203   0.21000
   1.66733   0.21082
   1.68155   0.21107
   1.69228   0.21162
   1.70218   0.21205
   1.71804   0.21168
   1.72344   0.21111
   1.72695   0.21129
   1.73474   0.21285
   1.75158   0.21924
   1.76492   0.22299
   1.78411   0.22723
   1.78667   0.22776
   1.80581   0.23063
   1.82061   0.23312
   1.83406   0.23447
   1.84962   0.23766
   1.86693   0.24193
   1.87833   0.24506
   1.89783   0.24926
   1.91685   0.25416
   1.93358   0.25893
   1.94879   0.26252
   1.95594   0.26455
   1.97282   0.26877
   1.99270   0.27208
   2.00104   0.27498
   2.02740   0.28357
   2.03185   0.28488
   2.05487   0.29120
   2.06040   0.29304
   2.06572   0.29724
   2.08572   0.31428
   2.10758   0.33357
   2.10919   0.33494
   2.11046   0.33629
   2.12206   0.34805
   2.13107   0.35724
   2.14886   0.37605
   2.15138   0.37914
   2.15464   0.38379
   2.16865   0.40360
                    
   1.08135  -0.40360
   1.09789  -0.39817
   1.10995  -0.39441
   1.12892  -0.38930
   1.14063  -0.38615
   1.14794  -0.38405
   1.17159  -0.37556
   1.18188  -0.37182
   1.19864  -0.36529
   1.20287  -0.36447
   1.21213  -0.36253
   1.23697  -0.35338
   1.25086  -0.35199
   1.27426  -0.35074
   1.27900  -0.35018
   1.30347  -0.34623
   1.32270  -0.34329
   1.33809  -0.34192
   1.35476  -0.33958
   1.37050  -0.33872
   1.38931  -0.33660
   1.40553  -0.33452
   1.42445  -0.33099
   1.43487  -0.32931
   1.45327  -0.32530
   1.47438  -0.32300
   1.48192  -0.32212
   1.50029  -0.31903
   1.50985  -0.31638
   1.54359  -0.30341
   1.54367  -0.30338
   1.54371  -0.30337
   1.54379  -0.30337
   1.57182  -0.30158
   1.58873  -0.29909
   1.59897  -0.29755
   1.61167  -0.29740
   1.62500  -0.29661
   1.63673  -0.29542
   1.65067  -0.29341
   1.66477  -0.29294
   1.67649  -0.29203
   1.68964  -0.29045
   1.70227  -0.28836
   1.71275  -0.28800
   1.73028  -0.28925
   1.74737  -0.28933
   1.75689  -0.28984
   1.76004  -0.28960
   1.76691  -0.28993
   1.79167  -0.28868
   1.80384  -0.28723
   1.82470  -0.28520
   1.83237  -0.28500
   1.85112  -0.28358
   1.86265  -0.28322
   1.89207  -0.28009
   1.89896  -0.27936
   1.90379  -0.27879
   1.94295  -0.28003
   1.94992  -0.27970
   1.95836  -0.27972
   1.98829  -0.27795
   2.00124  -0.27734
   2.01903  -0.27590
   2.03251  -0.27618
   2.05427  -0.27559
   2.07087  -0.27686
   2.10122  -0.28219
   2.10572  -0.28275
   2.10820  -0.28304
   2.11744  -0.28431
   2.13924  -0.28667
   2.16141  -0.29032
   2.17115  -0.29230
   2.18471  -0.29484
   2.20179  -0.29689
   2.21324  -0.30014
   2.23011  -0.30378
                    
   1.01923  -1.52567
   1.03018  -1.55076
   1.03216  -1.55783
   1.03181  -1.56553
   1.03732  -1.56058
   1.04406  -1.55723
   1.07079  -1.55139
   1.08895  -1.54838
   1.10522  -1.55163
   1.11712  -1.56289
   1.12827  -1.57455
   1.14682  -1.59269
   1.15325  -1.59814
   1.16765  -1.59622
   1.19134  -1.59516
   1.20078  -1.59512
   1.21918  -1.59382
   1.23235  -1.59348
   1.25351  -1.59337
   1.27318  -1.59207
   1.28763  -1.59190
   1.30520  -1.59341
   1.31856  -1.59176
   1.34947  -1.60166
   1.35330  -1.60360
   1.35557  -1.60477
   1.35986  -1.60565
   1.39406  -1.61517
   1.40573  -1.62667
   1.41896  -1.63954
   1.43201  -1.65210
   1.44775  -1.66710
   1.45686  -1.66415
   1.46052  -1.66365
   1.46155  -1.66011
   1.47540  -1.64984
   1.48819  -1.64169
   1.49147  -1.63742
   1.49441  -1.63481
   1.50556  -1.62125
   1.50682  -1.61985
   1.51477  -1.60414
   1.51868  -1.60012
   1.52433  -1.59890
   1.54173  -1.59933
   1.55145  -1.60023
   1.56214  -1.59955
   1.56370  -1.59937
   1.56838  -1.60178
   1.58667  -1.61073
   1.59302  -1.61456
   1.60030  -1.62440
   1.60830  -1.63723
   1.62370  -1.62291
   1.62464  -1.62216
   1.62500  -1.62188
   1.62580  -1.62127
   1.64416  -1.60918
   1.65933  -1.62160
   1.66130  -1.62225
   1.66300  -1.62282
   1.66464  -1.62677
   1.67225  -1.65178
   1.68125  -1.65050
   1.68847  -1.65374
   1.69606  -1.65757
   1.70554  -1.65540
   1.71415  -1.64328
   1.72776  -1.62602
   1.73343  -1.61461
   1.76338  -1.58845
   1.76472  -1.58744
   1.76603  -1.58703
   1.79903  -1.57959
   1.80595  -1.58698
   1.82328  -1.59182
   1.83755  -1.59681
   1.84832  -1.59940
   1.85792  -1.59520
   1.88010  -1.58491
   1.89791  -1.57791
   1.91329  -1.56994
   1.94372  -1.56069
   1.94932  -1.55929
   1.95132  -1.55791
   1.95367  -1.55629
   1.98380  -1.54440
   2.00216  -1.53380
   2.01210  -1.52399
   2.02007  -1.51598
   2.03838  -1.50476
   2.05452  -1.49662
   2.08158  -1.50843
   2.08213  -1.50864
   2.10863  -1.52007
   2.12538  -1.51790
   2.13969  -1.50607
   2.14322  -1.48876
   2.14724  -1.46245
   2.14466  -1.44994
   2.14824  -1.44465
   2.15372  -1.43883
   2.17015  -1.42656
                    
   2.23077  -2.13058
   2.21312  -2.13495
   2.19806  -2.13214
   2.17016  -2.13250
   2.16481  -2.13198
   2.16153  -2.13164
   2.15112  -2.13188
   2.12947  -2.13166
   2.10858  -2.12249
   2.10030  -2.11988
   2.08873  -2.11607
   2.06944  -2.10727
   2.05440  -2.10598
   2.03490  -2.10074
   2.00155  -2.09006
   2.00025  -2.08969
   1.99964  -2.08977
   1.99888  -2.08992
   1.99504  -2.09177
   1.95696  -2.10667
   1.94995  -2.10884
   1.93884  -2.11275
   1.91622  -2.11934
   1.89921  -2.12281
   1.87656  -2.12222
   1.87003  -2.12014
   1.85103  -2.11312
   1.83462  -2.11148
   1.82199  -2.10946
   1.81516  -2.12489
   1.80941  -2.13613
   1.80402  -2.13819
   1.80000  -2.13965
   1.77864  -2.15760
   1.76014  -2.15365
   1.74865  -2.15046
   1.74110  -2.14712
   1.71090  -2.13029
   1.70872  -2.12615
   1.70401  -2.12299
   1.69875  -2.12599
   1.67802  -2.12881
   1.65953  -2.13011
   1.65161  -2.13233
   1.63841  -2.12562
   1.62500  -2.12436
   1.61385  -2.12283
   1.61003  -2.10704
   1.60384  -2.07003
   1.59063  -2.10531
   1.58422  -2.11919
   1.57716  -2.13860
   1.56857  -2.14818
   1.55590  -2.16064
   1.54039  -2.17028
   1.53211  -2.17481
   1.52088  -2.16486
   1.51118  -2.15535
   1.50767  -2.15048
   1.49623  -2.13259
   1.48879  -2.12023
   1.46610  -2.14274
   1.45336  -2.15377
   1.43995  -2.16803
   1.42352  -2.17710
   1.41002  -2.18361
   1.39564  -2.18435
   1.37562  -2.18428
   1.35577  -2.17349
   1.33999  -2.16779
   1.30411  -2.15182
   1.30243  -2.15069
   1.30146  -2.15060
   1.30085  -2.15086
   1.29987  -2.15148
   1.27666  -2.17598
   1.26901  -2.18411
   1.25506  -2.19945
   1.25440  -2.19974
   1.25400  -2.19998
   1.25124  -2.20189
   1.22497  -2.21672
   1.20460  -2.22725
   1.19674  -2.23213
   1.15191  -2.22509
   1.15016  -2.22472
   1.14899  -2.22453
   1.14374  -2.22366
   1.10383  -2.21440
   1.09633  -2.21771
   1.07985  -2.22969
                    
   1.02138  -3.34952
   1.03671  -3.36280
   1.04356  -3.36858
   1.05005  -3.37221
   1.07020  -3.38070
   1.08970  -3.38906
   1.09807  -3.39364
   1.10730  -3.39700
   1.12632  -3.40655
   1.14613  -3.41650
   1.15622  -3.42025
   1.16886  -3.42373
   1.18746  -3.43065
   1.20352  -3.43686
   1.22077  -3.44217
   1.25031  -3.43992
   1.25701  -3.43977
   1.26138  -3.43880
   1.30579  -3.43274
   1.30757  -3.43255
   1.30904  -3.43277
   1.31320  -3.43334
   1.34227  -3.44579
   1.36058  -3.45461
   1.37945  -3.45021
   1.38931  -3.44856
   1.40392  -3.44346
   1.42706  -3.45919
   1.43021  -3.46146
   1.44979  -3.46682
   1.45194  -3.45000
   1.45294  -3.44467
   1.47107  -3.43641
   1.48516  -3.43563
   1.50092  -3.44134
   1.51076  -3.44578
   1.52236  -3.45238
   1.53488  -3.46298
   1.54809  -3.45719
   1.55251  -3.45709
   1.55556  -3.45708
   1.57038  -3.45240
   1.58804  -3.45234
   1.58906  -3.45240
   1.58985  -3.45245
   1.59713  -3.45293
   1.60731  -3.45408
   1.62171  -3.45106
   1.62477  -3.45056
   1.62500  -3.45046
   1.62535  -3.45032
   1.64325  -3.44769
   1.65799  -3.44561
   1.66203  -3.44627
   1.66605  -3.44701
   1.68096  -3.44741
   1.69283  -3.44734
   1.70267  -3.44286
   1.72049  -3.43664
   1.72608  -3.43445
   1.72895  -3.43333
   1.74117  -3.42810
   1.76122  -3.42030
   1.76488  -3.41916
   1.77252  -3.41907
   1.79046  -3.41995
   1.80577  -3.42661
   1.82420  -3.41885
   1.82879  -3.41718
   1.85063  -3.40920
   1.87081  -3.40365
   1.87948  -3.40177
   1.89814  -3.40269
   1.91168  -3.39627
   1.94454  -3.38813
   1.94934  -3.38722
   1.95237  -3.38731
   1.98530  -3.39015
   1.99832  -3.39193
   1.99997  -3.39163
   2.02671  -3.37170
   2.05067  -3.35366
   2.05324  -3.35284
   2.05499  -3.35159
   2.06903  -3.34534
   2.08375  -3.33911
   2.10801  -3.32951
   2.11266  -3.32639
   2.11654  -3.32271
   2.12829  -3.30384
   2.13096  -3.29886
   2.14200  -3.27673
   2.14594  -3.26966
   2.15223  -3.25875
   2.16106  -3.24264
                    
   1.08894  -4.06986
   1.10046  -4.06705
   1.11896  -4.06215
   1.14033  -4.05040
   1.14447  -4.04716
   1.14855  -4.04397
   1.17138  -4.03155
   1.18128  -4.02858
   1.19881  -4.02280
   1.20232  -4.02009
   1.20612  -4.01715
   1.23197  -4.00406
   1.24981  -3.99948
   1.27571  -4.00554
   1.27880  -4.00623
   1.30458  -4.01094
   1.32431  -4.01459
   1.34389  -4.01710
   1.35762  -4.01086
   1.37279  -3.99668
   1.39443  -3.97521
   1.39970  -3.97091
   1.40240  -3.96987
   1.40581  -3.96928
   1.41233  -3.97157
   1.43862  -3.97907
   1.45347  -3.98232
   1.47141  -3.98562
   1.49058  -3.98207
   1.50161  -3.97935
   1.50811  -3.97739
   1.53436  -3.96740
   1.54268  -3.96348
   1.54489  -3.96308
   1.55149  -3.96167
   1.57166  -3.95878
   1.58859  -3.95511
   1.59882  -3.95543
   1.61151  -3.95385
   1.62500  -3.95239
   1.63597  -3.95073
   1.65040  -3.94652
   1.66606  -3.94679
   1.67620  -3.94664
   1.68878  -3.94596
   1.70223  -3.94447
   1.71264  -3.94453
   1.73142  -3.94865
   1.73734  -3.94961
   1.75542  -3.95354
   1.76368  -3.95364
   1.77477  -3.95026
   1.79133  -3.94434
   1.80428  -3.93898
   1.81837  -3.93241
   1.83968  -3.93579
   1.85128  -3.93684
   1.86106  -3.93757
   1.89077  -3.93757
   1.89913  -3.94033
   1.90977  -3.94102
   1.93649  -3.94344
   1.95010  -3.94375
   1.96370  -3.94045
   1.98967  -3.93239
   2.00087  -3.92933
   2.01658  -3.93044
   2.03224  -3.93283
   2.05445  -3.93521
   2.06720  -3.93892
   2.09275  -3.94240
   2.10354  -3.94266
   2.10835  -3.94269
   2.12483  -3.94483
   2.13744  -3.94612
   2.16151  -3.95206
   2.16890  -3.95272
   2.18099  -3.95360
   2.20013  -3.95633
   2.21320  -3.95947
   2.22862  -3.96298
                    
   2.66664   0.34371
   2.66864   0.34199
   2.68865   0.32514
   2.71357   0.31143
   2.71432   0.31109
   2.71517   0.31070
   2.74125   0.29630
   2.76670   0.28529
   2.77005   0.28404
   2.77431   0.28244
   2.80038   0.27071
   2.82154   0.26468
   2.83369   0.26273
   2.85781   0.25788
   2.86960   0.25403
   2.87616   0.25260
   2.88938   0.25251
   2.90806   0.25017
   2.92817   0.24651
   2.94876   0.24296
   2.96167   0.24194
   2.97810   0.23977
   2.99181   0.23993
   3.01112   0.23888
   3.02530   0.23829
   3.04522   0.23822
   3.05005   0.23829
   3.06904   0.23755
   3.08300   0.23851
   3.10636   0.23955
   3.11022   0.23947
   3.11166   0.23961
   3.11435   0.23983
   3.13862   0.23885
   3.15033   0.23945
   3.16229   0.24097
   3.17807   0.24204
   3.18529   0.24152
   3.19039   0.24211
   3.20709   0.24337
   3.22616   0.24338
   3.22872   0.24326
   3.23114   0.24365
   3.25000   0.24536
   3.26803   0.24563
   3.27149   0.24563
   3.27582   0.24645
   3.29374   0.24809
   3.30796   0.24840
   3.31664   0.24870
   3.33127   0.25087
   3.34107   0.25022
   3.34819   0.24949
   3.36732   0.25160
   3.37025   0.25210
   3.38856   0.25426
   3.39794   0.25623
   3.42686   0.25963
   3.43022   0.26002
   3.43244   0.26055
   3.46231   0.26714
   3.47533   0.26854
   3.47656   0.26863
   3.47772   0.26902
   3.48495   0.27129
   3.51916   0.27808
   3.52396   0.27936
   3.53310   0.28310
   3.55733   0.29163
   3.57507   0.29671
   3.59171   0.30408
   3.62144   0.31758
   3.62511   0.31879
   3.62700   0.31940
   3.63506   0.32311
   3.65629   0.33223
   3.67863   0.34465
   3.68467   0.34942
   3.69070   0.35418
   3.71135   0.36576
   3.72810   0.37740
   3.73668   0.38324
   3.74582   0.38941
   3.76099   0.39965
   3.77390   0.41374
   3.78053   0.42069
                    
   3.83336  -0.34371
   3.83041  -0.34263
   3.80644  -0.33347
   3.78573  -0.32924
   3.77528  -0.32834
   3.75666  -0.32622
   3.74231  -0.32289
   3.73329  -0.32093
   3.70807  -0.31813
   3.70339  -0.31747
   3.68005  -0.31289
   3.67215  -0.31183
   3.64670  -0.31171
   3.63216  -0.31031
   3.62727  -0.30971
   3.61895  -0.30958
   3.58872  -0.30742
   3.57474  -0.30641
   3.55717  -0.30717
   3.54156  -0.30741
   3.52383  -0.30668
   3.50800  -0.30747
   3.48551  -0.30710
   3.47372  -0.30669
   3.46551  -0.30778
   3.44286  -0.31055
   3.42931  -0.31057
   3.42523  -0.31045
   3.41494  -0.31149
   3.39570  -0.31245
   3.37609  -0.31444
   3.36470  -0.31514
   3.34614  -0.31533
   3.33434  -0.31476
   3.32670  -0.31571
   3.30616  -0.31849
   3.28333  -0.32001
   3.27799  -0.31989
   3.27279  -0.32087
   3.25000  -0.32393
   3.22993  -0.32525
   3.22152  -0.32552
   3.20932  -0.32803
   3.19182  -0.32993
   3.17998  -0.33065
   3.16100  -0.33216
   3.14184  -0.33546
   3.13155  -0.33668
   3.12727  -0.33721
   3.11612  -0.33829
   3.09198  -0.33888
   3.08224  -0.33874
   3.06752  -0.34129
   3.05131  -0.34415
   3.03284  -0.34625
   3.00868  -0.34823
   3.00610  -0.34833
   2.98146  -0.34896
   2.95874  -0.35270
   2.95291  -0.35406
   2.93013  -0.35834
   2.91589  -0.36154
   2.88332  -0.36668
   2.87813  -0.36689
   2.87534  -0.36753
   2.86978  -0.36964
   2.83865  -0.37660
   2.82568  -0.37879
   2.80542  -0.38597
   2.77801  -0.39605
   2.77524  -0.39699
   2.77464  -0.39719
   2.77373  -0.39751
   2.74450  -0.40657
   2.72671  -0.41644
   2.71947  -0.42069
                    
   3.20472  -1.90655
   3.19392  -1.91142
   3.19297  -1.90958
   3.19218  -1.90810
   3.19386  -1.89860
   3.20754  -1.88460
   3.20948  -1.88600
   3.21146  -1.88733
   3.20542  -1.90534
   3.20519  -1.90629
   3.20472  -1.90655
                    
   3.32745  -1.84731
   3.33746  -1.84978
   3.34084  -1.85184
   3.34120  -1.85256
   3.34229  -1.85383
   3.33569  -1.85597
   3.32667  -1.85023
   3.32707  -1.84878
   3.32745  -1.84731
                    
   2.66560  -1.48620
   2.66761  -1.48684
   2.68916  -1.50211
   2.71399  -1.50422
   2.72054  -1.50657
   2.72878  -1.50961
   2.75153  -1.51484
   2.76635  -1.52881
   2.77507  -1.53576
   2.78272  -1.54177
   2.80026  -1.55760
   2.82250  -1.57281
   2.82935  -1.57241
   2.85192  -1.57199
   2.86366  -1.58323
   2.87581  -1.57196
   2.88043  -1.56935
   2.91731  -1.56578
   2.92621  -1.56559
   2.94039  -1.56833
   2.95907  -1.57291
   2.97822  -1.58938
   2.98953  -1.59067
   3.01807  -1.59620
   3.02633  -1.59718
   3.03948  -1.59496
   3.05126  -1.59127
   3.06905  -1.58685
   3.07763  -1.58195
   3.10984  -1.58598
   3.11021  -1.58600
   3.11036  -1.58600
   3.11053  -1.58613
   3.11155  -1.58684
   3.14520  -1.61280
   3.14825  -1.61511
   3.15114  -1.61611
   3.15468  -1.61488
   3.16828  -1.60359
   3.16968  -1.60252
   3.18228  -1.59045
   3.18618  -1.58995
   3.18978  -1.58851
   3.20583  -1.57765
   3.21689  -1.57132
   3.22736  -1.56930
   3.23854  -1.56844
   3.25000  -1.57245
   3.26683  -1.57971
   3.27171  -1.57999
   3.27741  -1.57931
   3.29418  -1.57757
   3.30719  -1.57706
   3.31715  -1.57752
   3.33090  -1.57758
   3.33796  -1.58645
   3.35109  -1.60654
   3.35423  -1.60461
   3.38589  -1.58410
   3.38939  -1.58229
   3.39207  -1.58205
   3.39960  -1.58157
   3.42419  -1.57935
   3.43047  -1.57463
   3.43568  -1.57473
   3.47604  -1.55874
   3.47656  -1.55858
   3.47700  -1.55850
   3.49348  -1.55582
   3.52277  -1.55359
   3.52370  -1.55375
   3.52471  -1.55342
   3.56030  -1.53965
   3.57511  -1.53507
   3.59110  -1.52336
   3.62231  -1.51572
   3.62720  -1.51476
   3.62934  -1.51438
   3.63487  -1.51343
   3.66698  -1.50942
   3.67900  -1.48824
   3.68449  -1.47848
   3.68751  -1.47288
   3.69571  -1.45413
   3.69863  -1.44688
   3.70946  -1.44259
   3.72577  -1.43655
   3.72829  -1.43447
   3.73080  -1.43240
   3.75547  -1.42151
   3.77077  -1.40106
   3.77262  -1.39764
                    
   3.83440  -2.17005
   3.83315  -2.16889
   3.80922  -2.15692
   3.78580  -2.15608
   3.77458  -2.15759
   3.74470  -2.16019
   3.73642  -2.15981
   3.73285  -2.15751
   3.71689  -2.15505
   3.70416  -2.15181
   3.68001  -2.14480
   3.67015  -2.14264
   3.63212  -2.14876
   3.62692  -2.14927
   3.62334  -2.14899
   3.61038  -2.14768
   3.58082  -2.14402
   3.57441  -2.14018
   3.56223  -2.14036
   3.52998  -2.14611
   3.52294  -2.14692
   3.51843  -2.14803
   3.50449  -2.15105
   3.47813  -2.15392
   3.47083  -2.15413
   3.46126  -2.15238
   3.43086  -2.14138
   3.42517  -2.13885
   3.42083  -2.13642
   3.39501  -2.11971
   3.38467  -2.11194
   3.38307  -2.11164
   3.38224  -2.11171
   3.38123  -2.11211
   3.37741  -2.11527
   3.36094  -2.13293
   3.34798  -2.14480
   3.33560  -2.14759
   3.32424  -2.14966
   3.30677  -2.15009
   3.28427  -2.14920
   3.27810  -2.14932
   3.27228  -2.14983
   3.25000  -2.14228
   3.24997  -2.14226
   3.22797  -2.13550
   3.22319  -2.13461
   3.21892  -2.13557
   3.20827  -2.13948
   3.19376  -2.14705
   3.17772  -2.15403
   3.16256  -2.15446
   3.13447  -2.16111
   3.13039  -2.16182
   3.12837  -2.16230
   3.12109  -2.16389
   3.09169  -2.16762
   3.08269  -2.16827
   3.07028  -2.17087
   3.04985  -2.17479
   3.03339  -2.17685
   3.01608  -2.18137
   3.00045  -2.18452
   2.98351  -2.18676
   2.97028  -2.19005
   2.94469  -2.19198
   2.93107  -2.19221
   2.91953  -2.19299
   2.88503  -2.19309
   2.87752  -2.19138
   2.87421  -2.19450
   2.86658  -2.19719
   2.83933  -2.20547
   2.82601  -2.20887
   2.80506  -2.21367
   2.78158  -2.22860
   2.77848  -2.22986
   2.77635  -2.23072
   2.75340  -2.24551
   2.75111  -2.24675
   2.72989  -2.25782
   2.72738  -2.25861
                    
   3.77451  -3.22808
   3.77144  -3.23191
   3.75637  -3.25077
   3.74110  -3.26479
   3.73509  -3.27100
   3.72801  -3.27823
   3.71261  -3.29209
   3.69346  -3.30301
   3.68496  -3.30719
   3.67853  -3.31043
   3.65654  -3.32433
   3.63166  -3.33600
   3.62705  -3.33829
   3.62584  -3.33831
   3.62045  -3.33848
   3.58764  -3.34765
   3.57472  -3.34950
   3.55091  -3.35800
   3.54647  -3.35978
   3.52414  -3.37172
   3.51664  -3.37575
   3.48125  -3.38549
   3.47737  -3.38693
   3.47656  -3.38724
   3.47545  -3.38757
   3.43602  -3.40311
   3.43065  -3.40568
   3.42697  -3.40352
   3.41965  -3.40206
   3.40034  -3.39586
   3.38724  -3.39252
   3.37168  -3.39532
   3.35818  -3.39874
   3.34735  -3.40222
   3.34213  -3.40312
   3.33116  -3.40548
   3.31563  -3.41130
   3.30881  -3.41098
   3.29386  -3.40752
   3.27906  -3.40503
   3.27194  -3.40547
   3.26596  -3.40588
   3.25000  -3.40839
   3.23104  -3.41286
   3.22875  -3.41342
   3.22639  -3.41323
   3.20694  -3.41206
   3.19085  -3.41231
   3.18479  -3.41287
   3.17568  -3.41185
   3.16155  -3.41323
   3.15057  -3.41488
   3.13720  -3.41435
   3.11827  -3.40995
   3.11075  -3.40874
   3.10762  -3.40965
   3.10328  -3.41098
   3.08065  -3.41439
   3.06906  -3.42103
   3.04861  -3.41516
   3.04744  -3.41484
   3.02443  -3.40988
   3.00222  -3.40847
   2.99868  -3.40913
   2.97783  -3.41405
   2.95448  -3.40637
   2.95131  -3.40562
   2.92698  -3.40093
   2.91145  -3.40152
   2.88938  -3.40374
   2.87673  -3.40880
   2.86565  -3.40825
   2.85066  -3.40050
   2.83295  -3.39470
   2.82151  -3.39125
   2.80265  -3.38179
   2.77963  -3.37130
   2.77196  -3.36900
   2.76657  -3.36743
   2.74305  -3.35688
   2.71881  -3.34340
   2.71632  -3.34174
   2.71370  -3.33998
   2.69079  -3.32744
   2.67302  -3.31132
   2.66950  -3.30773
                    
   3.83050  -4.00476
   3.82432  -4.00294
   3.80297  -3.99545
   3.78535  -3.99144
   3.77335  -3.98765
   3.75715  -3.98222
   3.74314  -3.97786
   3.73334  -3.97590
   3.70737  -3.97539
   3.70564  -3.97530
   3.68002  -3.97255
   3.67046  -3.97035
   3.64267  -3.96903
   3.63237  -3.96631
   3.62729  -3.96487
   3.61957  -3.96636
   3.58189  -3.97102
   3.57413  -3.97210
   3.56596  -3.97221
   3.53617  -3.96868
   3.52363  -3.96631
   3.50674  -3.96222
   3.49242  -3.95792
   3.47463  -3.95623
   3.45936  -3.95524
   3.43319  -3.96386
   3.42808  -3.96469
   3.42555  -3.96507
   3.41253  -3.96900
   3.39761  -3.97280
   3.37496  -3.97446
   3.36559  -3.97383
   3.34597  -3.97145
   3.33403  -3.96986
   3.32721  -3.97069
   3.30573  -3.97230
   3.27992  -3.97228
   3.27764  -3.97217
   3.27542  -3.97266
   3.25000  -3.97747
   3.22888  -3.97983
   3.22166  -3.98017
   3.21074  -3.98279
   3.19186  -3.98595
   3.18017  -3.98729
   3.16084  -3.98901
   3.14550  -3.99286
   3.13255  -3.99540
   3.12624  -3.99627
   3.10896  -3.99794
   3.09030  -3.99873
   3.08288  -3.99695
   3.06138  -3.99418
   3.05498  -3.99404
   3.03080  -3.99232
   3.00766  -4.00378
   3.00620  -4.00443
   2.98375  -4.01591
   2.97261  -4.01996
   2.94509  -4.01963
   2.93077  -4.01858
   2.91563  -4.01755
   2.89167  -4.01458
   2.87635  -4.01183
   2.86683  -4.01490
   2.85156  -4.02227
   2.83651  -4.03049
   2.82585  -4.03606
   2.80595  -4.04283
   2.78068  -4.05640
   2.77803  -4.05746
   2.77621  -4.05817
   2.76180  -4.06590
   2.75142  -4.07128
   2.72905  -4.08258
   2.72549  -4.08442
                    
   5.41053   0.41430
   5.40017   0.40782
   5.38664   0.39881
   5.37472   0.38768
   5.36682   0.37662
   5.35523   0.36112
   5.34625   0.35291
   5.33635   0.34661
   5.32022   0.33588
   5.30479   0.32549
   5.29283   0.31759
   5.26914   0.31239
   5.25843   0.30874
   5.25231   0.30654
   5.23589   0.30282
   5.22125   0.29890
   5.20011   0.29327
   5.17607   0.30107
   5.17285   0.30131
   5.14904   0.30201
   5.12601   0.29914
   5.12150   0.29835
   5.10040   0.29285
   5.08301   0.29707
   5.06117   0.29928
   5.05218   0.29969
   5.04779   0.29928
   5.03097   0.29697
   5.01190   0.29357
   5.00605   0.29427
   4.99315   0.29107
   4.98014   0.28888
   4.96383   0.28505
   4.95137   0.28503
   4.93118   0.28279
   4.92474   0.28208
   4.92058   0.28153
   4.90597   0.27759
   4.89909   0.27537
   4.87750   0.27543
   4.87500   0.27525
   4.87225   0.27502
   4.85112   0.27297
   4.83571   0.27653
   4.82777   0.27796
   4.82599   0.27796
   4.82373   0.27794
   4.80023   0.27906
   4.78364   0.27753
   4.77391   0.27774
   4.75679   0.27720
   4.74666   0.27522
   4.73965   0.27380
   4.72842   0.27785
   4.71353   0.27967
   4.69554   0.28062
   4.68242   0.27504
   4.65867   0.26804
   4.65262   0.26502
   4.64850   0.26287
   4.63642   0.25944
   4.62085   0.25415
   4.60253   0.24519
   4.58406   0.24413
   4.57378   0.24298
   4.55448   0.23854
   4.53481   0.23820
   4.51341   0.22081
   4.50727   0.21531
   4.50454   0.21388
   4.49066   0.20610
   4.46881   0.18941
   4.48505   0.16566
   4.49488   0.15314
   4.51503   0.14210
   4.53391   0.13974
   4.55031   0.13714
   4.58050   0.13100
   4.58860   0.12906
   4.59198   0.12925
   4.59715   0.12956
   4.63079   0.13556
   4.63503   0.13592
   4.63996   0.13570
   4.67464   0.13116
   4.68064   0.13299
   4.68485   0.13314
   4.69279   0.13640
   4.70644   0.14144
   4.71308   0.14342
   4.72926   0.14574
   4.73162   0.14682
   4.74449   0.15199
   4.74689   0.15268
   4.75052   0.15365
   4.76492   0.15720
   4.77572   0.15410
   4.79072   0.14064
   4.79417   0.14000
   4.80587   0.13699
   4.81106   0.13712
   4.81627   0.13932
   4.82177   0.14625
   4.83232   0.15715
   4.83286   0.15728
   4.83335   0.15748
   4.84742   0.15642
   4.85764   0.15476
   4.86140   0.15547
   4.86506   0.15573
   4.87500   0.15659
   4.88551   0.15680
   4.88870   0.15654
   4.89191   0.15615
   4.90274   0.15733
   4.91682   0.15767
   4.91722   0.15755
   4.91763   0.15741
   4.92875   0.14769
   4.93528   0.14080
   4.93962   0.13857
   4.94421   0.13851
   4.95671   0.14215
   4.95747   0.14284
   4.97482   0.15675
   4.98693   0.15986
   5.00384   0.15973
   5.00747   0.15945
   5.00864   0.15927
   5.01079   0.15890
   5.02997   0.15497
   5.04069   0.15478
   5.05702   0.15561
   5.06274   0.15753
   5.08334   0.16317
   5.10166   0.16322
   5.10761   0.16288
   5.12811   0.16643
   5.13966   0.16922
   5.16881   0.17804
   5.17744   0.18100
   5.18244   0.18265
   5.19325   0.18374
   5.21501   0.18485
   5.23782   0.19657
   5.24748   0.20189
   5.25677   0.20702
   5.27740   0.21750
   5.29920   0.23292
   5.30751   0.23511
   5.31970   0.23813
   5.33490   0.25287
   5.35600   0.25555
   5.37691   0.24316
   5.38508   0.23785
   5.40784   0.24161
   5.41143   0.24262
   5.41582   0.24393
   5.44183   0.24987
   5.46190   0.25398
   5.47091   0.25636
   5.47855   0.26152
   5.49468   0.27282
                    
   4.33947  -0.41430
   4.34925  -0.40504
   4.36043  -0.39503
   4.37134  -0.38589
   4.37995  -0.37236
   4.39383  -0.35199
   4.39960  -0.34729
   4.40693  -0.34388
   4.42575  -0.33047
   4.44499  -0.31671
   4.45355  -0.31277
   4.48682  -0.31390
   4.49437  -0.31219
   4.49776  -0.31138
   4.50146  -0.31344
   4.51231  -0.31917
   4.54558  -0.32942
   4.55189  -0.32929
   4.55825  -0.33000
   4.59765  -0.33053
   4.60336  -0.33019
   4.61058  -0.33104
   4.64199  -0.33277
   4.65514  -0.33228
   4.67540  -0.33156
   4.68536  -0.32846
   4.70244  -0.32213
   4.72178  -0.31741
   4.72783  -0.31560
   4.74707  -0.30779
   4.76501  -0.30220
   4.77576  -0.29805
   4.78206  -0.27232
   4.79645  -0.26804
   4.80390  -0.26536
   4.81830  -0.25271
   4.83129  -0.24791
   4.85122  -0.23829
   4.83393  -0.23292
   4.81809  -0.22662
   4.81442  -0.22609
   4.81116  -0.22534
   4.79346  -0.22403
   4.78890  -0.22346
   4.77625  -0.24606
   4.76649  -0.23271
   4.75551  -0.23035
   4.73913  -0.23534
   4.73509  -0.23633
   4.71669  -0.22609
   4.71029  -0.22558
   4.69457  -0.22352
   4.68832  -0.22247
   4.67352  -0.21927
   4.65973  -0.21527
   4.65368  -0.21459
   4.64516  -0.21414
   4.60914  -0.22308
   4.60550  -0.22371
   4.60277  -0.22388
   4.56613  -0.22338
   4.55850  -0.22271
   4.55759  -0.22362
   4.55623  -0.22321
   4.52309  -0.23593
   4.50232  -0.24278
   4.49096  -0.24848
   4.47807  -0.25649
   4.46354  -0.27026
   4.44519  -0.28859
   4.43915  -0.29237
   4.42879  -0.29517
   4.41005  -0.30799
   4.39170  -0.32060
   4.38043  -0.31941
   4.34465  -0.30620
   4.33847  -0.30354
   4.33196  -0.29806
   4.29989  -0.26818
   4.28735  -0.26672
   4.28352  -0.26643
   4.27878  -0.26757
   4.25532  -0.27282
                    
   5.51811  -0.21178
   5.50831  -0.20592
   5.49396  -0.19421
   5.47695  -0.19361
   5.46265  -0.19594
   5.45452  -0.19708
   5.43107  -0.19342
   5.40338  -0.18749
   5.40036  -0.18716
   5.39815  -0.18691
   5.36827  -0.17926
   5.36733  -0.17920
   5.34021  -0.17675
   5.33504  -0.17523
   5.32913  -0.17349
   5.30044  -0.16803
   5.28259  -0.16954
   5.26450  -0.16671
   5.23450  -0.16083
   5.22746  -0.15982
   5.22442  -0.15986
   5.21933  -0.16056
   5.18290  -0.17155
   5.17884  -0.17241
   5.17348  -0.17233
   5.13953  -0.16943
   5.12919  -0.16966
   5.11877  -0.17069
   5.08992  -0.17839
   5.08869  -0.17862
   5.08793  -0.17867
   5.08387  -0.17888
   5.05342  -0.17842
   5.04787  -0.18050
   5.03234  -0.18053
   5.02780  -0.18210
   5.01182  -0.18666
   5.00692  -0.18840
   4.99759  -0.18951
   4.98582  -0.19194
   4.97809  -0.19313
   4.96374  -0.19030
   4.95326  -0.20023
   4.94865  -0.20236
   4.94362  -0.20453
   4.93179  -0.21193
   4.92203  -0.21633
   4.91436  -0.22322
   4.89720  -0.23604
   4.89570  -0.23657
   4.89458  -0.23691
   4.87500  -0.23888
   4.86504  -0.23926
   4.87500  -0.24081
   4.89430  -0.24257
   4.89620  -0.24237
   4.90088  -0.24653
   4.92129  -0.26254
   4.92706  -0.26629
   4.93918  -0.27184
   4.94885  -0.27561
   4.96579  -0.27931
   4.98041  -0.28960
   4.98679  -0.29357
   5.00539  -0.29743
   5.01411  -0.29832
   5.04001  -0.30092
   5.04899  -0.30137
   5.05189  -0.30144
   5.05807  -0.30119
   5.08409  -0.29861
   5.10029  -0.29403
   5.12077  -0.29895
   5.12601  -0.29914
   5.14913  -0.29881
   5.17175  -0.29675
   5.17883  -0.29528
   5.20012  -0.28985
   5.22471  -0.29485
   5.22643  -0.29489
   5.25216  -0.29431
   5.26911  -0.29499
   5.29554  -0.29446
   5.30470  -0.28495
   5.31667  -0.28350
   5.35085  -0.28236
   5.35676  -0.28097
   5.35808  -0.28064
   5.36230  -0.28134
   5.39009  -0.28514
   5.41150  -0.29475
   5.41805  -0.29803
   5.42481  -0.30141
   5.44478  -0.31013
   5.46279  -0.31642
   5.47259  -0.31832
                    
   5.20780   0.58965
   5.20837   0.58678
   5.20799   0.57676
   5.20675   0.55747
   5.18709   0.53642
   5.18635   0.53553
   5.18573   0.53479
   5.18041   0.52898
   5.16543   0.51213
   5.14638   0.49713
   5.13512   0.49333
   5.09785   0.47791
   5.09629   0.47659
   5.09551   0.47626
   5.09234   0.47488
   5.06302   0.45496
   5.05260   0.44689
   5.03673   0.44435
   5.00763   0.43777
   5.00149   0.43009
   4.98965   0.42790
   4.95641   0.41578
   4.95127   0.41353
   4.94791   0.41348
   4.94285   0.41336
   4.91046   0.40532
   4.89336   0.40463
   4.87500   0.40401
   4.85467   0.40235
   4.84002   0.39986
   4.82273   0.40173
   4.80428   0.40107
   4.78954   0.39992
   4.76768   0.40051
   4.74303   0.40260
   4.73256   0.40297
   4.72738   0.40557
   4.69339   0.41982
   4.68386   0.41962
   4.67866   0.42106
   4.62889   0.42634
   4.62884   0.42636
   4.62889   0.42634
                    
   5.29852  -0.52827
   5.28335  -0.52506
   5.26506  -0.51834
   5.25463  -0.51676
   5.23964  -0.52076
   5.21912  -0.51508
   5.20010  -0.50885
   5.17760  -0.50503
   5.16398  -0.50053
   5.14783  -0.49449
   5.13382  -0.49401
   5.10418  -0.49148
   5.08966  -0.48824
   5.06951  -0.48745
   5.04982  -0.48031
   5.03569  -0.47438
   5.01387  -0.47229
   5.00107  -0.47050
   4.97216  -0.47112
   4.95833  -0.47256
   4.94128  -0.47378
   4.91633  -0.47236
   4.89307  -0.47713
   4.87500  -0.47878
   4.85975  -0.47964
   4.83279  -0.48248
   4.81084  -0.48808
   4.79547  -0.49127
   4.78760  -0.49568
   4.75572  -0.51110
   4.74397  -0.51287
   4.73689  -0.51545
   4.69192  -0.52680
   4.68701  -0.52772
   4.68181  -0.53078
   4.65372  -0.54558
   4.63827  -0.55095
   4.61732  -0.56332
   4.61063  -0.56695
   4.58676  -0.56916
   4.57302  -0.57414
   4.54876  -0.58727
   4.54220  -0.58965
                    
   4.45148   0.52827
   4.45134   0.52160
   4.45648   0.49878
   4.45712   0.49619
   4.46064   0.49382
   4.47928   0.48080
   4.48276   0.47945
   4.48938   0.47680
   4.51096   0.46271
   4.52698   0.45774
   4.55492   0.45712
   4.55526   0.45695
   4.57902   0.44410
   4.59106   0.44139
   4.62884   0.42636
                    
   4.23189   0.21178
   4.24102   0.21090
   4.26249   0.21369
   4.27236   0.21934
   4.29051   0.22892
   4.30237   0.23626
   4.33275   0.25286
   4.31842   0.27192
   4.30677   0.28891
   4.29937   0.29913
   4.28694   0.30881
   4.27741   0.31832
                    
   5.27918  -1.54511
   5.27884  -1.54661
   5.27209  -1.57169
   5.25905  -1.57965
   5.24327  -1.61038
   5.24005  -1.61309
   5.23769  -1.61507
   5.23862  -1.61819
   5.24011  -1.62342
   5.23773  -1.65898
   5.24027  -1.66926
   5.23002  -1.67407
   5.22193  -1.67478
   5.19919  -1.67695
   5.19309  -1.67630
   5.17060  -1.67508
   5.15416  -1.68406
   5.13466  -1.69027
   5.14395  -1.70271
   5.13279  -1.72060
   5.12575  -1.73016
   5.12043  -1.73880
   5.10452  -1.75979
   5.08485  -1.75175
   5.07594  -1.74905
   5.06473  -1.73965
   5.06692  -1.72503
   5.07930  -1.71017
   5.08162  -1.70708
   5.10729  -1.68812
   5.09933  -1.67105
   5.08734  -1.65377
   5.08414  -1.65263
   5.07706  -1.65031
   5.06661  -1.63651
   5.05060  -1.63702
   5.03363  -1.64873
   5.02306  -1.65168
   5.00998  -1.65633
   4.99697  -1.66309
   4.98568  -1.67005
   4.98047  -1.65208
   4.97939  -1.64920
   4.97988  -1.64646
   4.98296  -1.61437
   4.98412  -1.60495
   4.98077  -1.60131
   4.97586  -1.60167
   4.96920  -1.60796
   4.95661  -1.62508
   4.94980  -1.63702
   4.94587  -1.64426
   4.93786  -1.65543
   4.92710  -1.67267
   4.92850  -1.68114
   4.92952  -1.69305
   4.93065  -1.70811
   4.93065  -1.70877
   4.92670  -1.72838
   4.91643  -1.74812
   4.90973  -1.75752
   4.90825  -1.75681
   4.90676  -1.75614
   4.90020  -1.75888
   4.89537  -1.76162
   4.89300  -1.76094
   4.89061  -1.76035
   4.88823  -1.75311
   4.88322  -1.74335
   4.88242  -1.74328
   4.88163  -1.74322
   4.88130  -1.73825
   4.88121  -1.72253
   4.88531  -1.71032
   4.88982  -1.69667
   4.89525  -1.68359
   4.90249  -1.67225
   4.90625  -1.66717
   4.90401  -1.66360
   4.89518  -1.65171
   4.89027  -1.65357
   4.88561  -1.65037
   4.87500  -1.66355
   4.87457  -1.66417
   4.86853  -1.67936
   4.86167  -1.67573
   4.85486  -1.68315
   4.85021  -1.68754
   4.84766  -1.69019
   4.84372  -1.69959
   4.84198  -1.70488
   4.83833  -1.70102
   4.82976  -1.69327
   4.82369  -1.67240
   4.81141  -1.64205
   4.81324  -1.63242
   4.81799  -1.61536
   4.82593  -1.60953
   4.82669  -1.59358
   4.82485  -1.55699
   4.81482  -1.55537
   4.80152  -1.55389
   4.79985  -1.55911
   4.79495  -1.57835
   4.79153  -1.59878
   4.79099  -1.60387
   4.79057  -1.62281
   4.77752  -1.61907
   4.77190  -1.63718
   4.76949  -1.64537
   4.76881  -1.64803
   4.76898  -1.65241
   4.77332  -1.68291
   4.76795  -1.68453
   4.75158  -1.68104
   4.74574  -1.68030
   4.73502  -1.68815
   4.72648  -1.68651
   4.71317  -1.68493
   4.70569  -1.68606
   4.68519  -1.69107
   4.68087  -1.69219
   4.68006  -1.69376
   4.67436  -1.69740
   4.66749  -1.68926
   4.64156  -1.67476
   4.62303  -1.66494
   4.61270  -1.65526
   4.59766  -1.64843
   4.58104  -1.63366
   4.55916  -1.61281
   4.55339  -1.61285
   4.52453  -1.62578
   4.51242  -1.63235
   4.50341  -1.65485
   4.48540  -1.67913
   4.48120  -1.68479
   4.47896  -1.68790
   4.47007  -1.70348
   4.46276  -1.71767
   4.44530  -1.73401
   4.42574  -1.74213
   4.41285  -1.72395
   4.41007  -1.70355
   4.41662  -1.67191
   4.41912  -1.66220
   4.42128  -1.65440
   4.43185  -1.62148
   4.45127  -1.59775
   4.46047  -1.58880
   4.48072  -1.57085
   4.49277  -1.56049
   4.49819  -1.54218
   4.52056  -1.53071
   4.53193  -1.52557
   4.54989  -1.54033
   4.56627  -1.53797
   4.58334  -1.53647
   4.60092  -1.54581
   4.60420  -1.55164
   4.64567  -1.55482
   4.64847  -1.55528
   4.65189  -1.55527
   4.68570  -1.55778
   4.69653  -1.53765
   4.70280  -1.52987
   4.70632  -1.52572
   4.71059  -1.51636
   4.72074  -1.49731
   4.74817  -1.49346
   4.75259  -1.49180
   4.75705  -1.49019
   4.76859  -1.49211
   4.78600  -1.49598
   4.80196  -1.50389
   4.81342  -1.52008
   4.82474  -1.54307
   4.82782  -1.55006
   4.85003  -1.54274
   4.87023  -1.54188
   4.87500  -1.54637
   4.87598  -1.54733
   4.89947  -1.54845
   4.91994  -1.54525
   4.92658  -1.53562
   4.93843  -1.52046
   4.94440  -1.49621
   4.96171  -1.48650
   4.96728  -1.48375
   4.99360  -1.49182
   4.99686  -1.49333
   4.99963  -1.49464
   5.02549  -1.50540
   5.04923  -1.51303
   5.05759  -1.51186
   5.09516  -1.50984
   5.09672  -1.50889
   5.09821  -1.50934
   5.10570  -1.50913
   5.13227  -1.52152
   5.14917  -1.53078
   5.15824  -1.51304
   5.16302  -1.50302
   5.18492  -1.49170
   5.19682  -1.48441
   5.21635  -1.48677
   5.24414  -1.51010
   5.24857  -1.51466
   5.25228  -1.51856
   5.27365  -1.53931
   5.27918  -1.54511
                    
   4.79516  -1.71411
   4.80026  -1.71897
   4.81491  -1.73472
   4.82060  -1.73390
   4.82744  -1.73340
   4.83297  -1.73799
   4.83288  -1.73015
   4.84010  -1.74506
   4.83977  -1.75066
   4.83904  -1.75100
   4.83831  -1.75134
   4.83317  -1.75567
   4.82877  -1.76002
   4.82779  -1.76070
   4.82682  -1.76140
   4.81843  -1.75800
   4.80868  -1.74047
   4.79810  -1.72048
   4.79516  -1.71411
                    
   5.41978  -2.23019
   5.40078  -2.23300
   5.38128  -2.23373
   5.38436  -2.21135
   5.37964  -2.18738
   5.37798  -2.18032
   5.39745  -2.14596
   5.37614  -2.13713
   5.36747  -2.11245
   5.36403  -2.10387
   5.36263  -2.09878
   5.35483  -2.07437
   5.34742  -2.05673
   5.31843  -2.08414
   5.30375  -2.09629
   5.28910  -2.11808
   5.25791  -2.13751
   5.25222  -2.14066
   5.24324  -2.13712
   5.22086  -2.12748
   5.20211  -2.10260
   5.20034  -2.10037
   5.20004  -2.09988
   5.19946  -2.09895
   5.17704  -2.07009
   5.15747  -2.06515
   5.14609  -2.06169
   5.12456  -2.07702
   5.12416  -2.07728
   5.12405  -2.07753
   5.11341  -2.09986
   5.11409  -2.11306
   5.11390  -2.13259
   5.12778  -2.15083
   5.13403  -2.16339
   5.14260  -2.18169
   5.15075  -2.19308
   5.15177  -2.20432
   5.14243  -2.21006
   5.13488  -2.21300
   5.13049  -2.20754
   5.12342  -2.20151
   5.10662  -2.18289
   5.09354  -2.16771
   5.08060  -2.15600
   5.06136  -2.15091
   5.04845  -2.14660
   5.02631  -2.15262
   5.00546  -2.15555
   4.99662  -2.15638
   4.99396  -2.15496
   4.95796  -2.13111
   4.95779  -2.12829
   4.95655  -2.09527
   4.95487  -2.07774
   4.95014  -2.05550
   4.94274  -2.03751
   4.93215  -2.02522
   4.92539  -2.01618
   4.91526  -2.00912
   4.90987  -1.98833
   4.91214  -1.98016
   4.91524  -1.97830
   4.91929  -1.97507
   4.92633  -1.96914
   4.93098  -1.96471
   4.93596  -1.95885
   4.94381  -1.96050
   4.95579  -1.96805
   4.95825  -1.96938
   4.97542  -1.98818
   4.98972  -1.99828
   4.99744  -2.00298
   5.01161  -2.01242
   5.02591  -2.01406
   5.03386  -2.01745
   5.05156  -2.02362
   5.06586  -2.01898
   5.08612  -2.00731
   5.08669  -2.00575
   5.08759  -2.00323
   5.09301  -2.00273
   5.11821  -1.99843
   5.11736  -1.96873
   5.11717  -1.96794
   5.11713  -1.96777
   5.11721  -1.96723
   5.11945  -1.94211
   5.12986  -1.94241
   5.14959  -1.94184
   5.16719  -1.94350
   5.18379  -1.95579
   5.19210  -1.97599
   5.19166  -1.98291
   5.18953  -2.00248
   5.20696  -2.01978
   5.20961  -2.02257
   5.21158  -2.02245
   5.23632  -2.01982
   5.25864  -2.00702
   5.25944  -2.00619
   5.27813  -1.98527
   5.28552  -1.97754
   5.30510  -1.95461
   5.31181  -1.94517
   5.31533  -1.94321
   5.31772  -1.94315
   5.32005  -1.94442
   5.32489  -1.94867
   5.33894  -1.99274
   5.33956  -1.99526
   5.34033  -1.99749
   5.35307  -2.04468
   5.36304  -2.04291
   5.39289  -2.03506
   5.40198  -2.03218
   5.42166  -2.02709
   5.42998  -2.02464
   5.45604  -2.03357
   5.46799  -2.00726
   5.47542  -1.98901
   5.49698  -1.97591
   5.50742  -1.97262
   5.51493  -1.98069
   5.51940  -2.00079
   5.50915  -2.04036
   5.49140  -2.05248
   5.48129  -2.05887
   5.45855  -2.04980
   5.44527  -2.09404
   5.42522  -2.12927
   5.44175  -2.14375
   5.46164  -2.16341
   5.46462  -2.16098
                    
   4.60243  -1.76713
   4.61247  -1.77467
   4.63924  -1.78611
   4.66163  -1.78367
   4.67647  -1.77617
   4.67825  -1.77541
   4.67705  -1.77401
   4.66653  -1.76021
   4.65753  -1.74897
   4.65196  -1.74095
   4.63488  -1.74073
   4.61952  -1.74149
   4.60889  -1.74327
   4.58285  -1.74984
   4.60243  -1.76713
                    
   4.58900  -2.16897
   4.57375  -2.17234
   4.55217  -2.16125
   4.54557  -2.15755
   4.53607  -2.15044
   4.51470  -2.13045
   4.49823  -2.11319
   4.48538  -2.10094
   4.48434  -2.08644
   4.49047  -2.07586
   4.50750  -2.04242
   4.50871  -2.04104
   4.50933  -2.04033
   4.50939  -2.03921
   4.50979  -2.03319
   4.51838  -1.99442
   4.52060  -1.99058
   4.52292  -1.98879
   4.52526  -1.98887
   4.52687  -1.99046
   4.53016  -1.99383
   4.55006  -2.01573
   4.56263  -2.02779
   4.57767  -2.03632
   4.59944  -2.04789
   4.60570  -2.05078
   4.60991  -2.05057
   4.64804  -2.04532
   4.65478  -2.03505
   4.66999  -2.01782
   4.68270  -2.00399
   4.69500  -1.98607
   4.70766  -1.98888
   4.71303  -1.99009
   4.71263  -1.99587
   4.70981  -2.00150
   4.69780  -2.02685
   4.68797  -2.03557
   4.67428  -2.04725
   4.68956  -2.04912
   4.69473  -2.04950
   4.70627  -2.06910
   4.72258  -2.07590
   4.72965  -2.07987
   4.73657  -2.08352
   4.75411  -2.08736
   4.76224  -2.08366
   4.77654  -2.07603
   4.79124  -2.05825
   4.79463  -2.05371
   4.80667  -2.03433
   4.81979  -2.03419
   4.83185  -2.03994
   4.83710  -2.04306
   4.84517  -2.04743
   4.85549  -2.05109
   4.86441  -2.05227
   4.87500  -2.06210
   4.88170  -2.06750
   4.87500  -2.08038
   4.86672  -2.09377
   4.85116  -2.10060
   4.84739  -2.10607
   4.83543  -2.12142
   4.83130  -2.13921
   4.81563  -2.16485
   4.81136  -2.17098
   4.80409  -2.17338
   4.78082  -2.17962
   4.75891  -2.17054
   4.75065  -2.16978
   4.73753  -2.16815
   4.72161  -2.15707
   4.70196  -2.14832
   4.69229  -2.14458
   4.67989  -2.13930
   4.66375  -2.12982
   4.64986  -2.12357
   4.63753  -2.13371
   4.61404  -2.15177
   4.60928  -2.15812
   4.60430  -2.16481
   4.58900  -2.16897
                    
   4.91847  -2.20164
   4.92026  -2.21248
   4.91522  -2.21966
   4.90933  -2.22047
   4.90148  -2.22308
   4.89755  -2.21447
   4.89991  -2.20611
   4.90758  -2.20048
   4.91847  -2.20164
                    
   4.46118  -1.29222
   4.50020  -1.29285
   4.50389  -1.29489
   4.50447  -1.29565
   4.50470  -1.29648
   4.50413  -1.29847
   4.48835  -1.34416
   4.48620  -1.35187
   4.49717  -1.37661
   4.51881  -1.39352
   4.53945  -1.38266
   4.55718  -1.37423
   4.58464  -1.36998
   4.61071  -1.37035
   4.61762  -1.37074
   4.63123  -1.39606
   4.63641  -1.39753
   4.67651  -1.41201
   4.67759  -1.41550
   4.68103  -1.41492
   4.68276  -1.41586
   4.68680  -1.41490
   4.72364  -1.41226
   4.73972  -1.41221
   4.76268  -1.40895
   4.77017  -1.41762
   4.78469  -1.43612
   4.80482  -1.43012
   4.82208  -1.42588
   4.84023  -1.43069
   4.85748  -1.42256
   4.87500  -1.42217
   4.89252  -1.42255
   4.90549  -1.40555
   4.91272  -1.39704
   4.94682  -1.40854
   4.94874  -1.40992
   4.94935  -1.41037
   4.95616  -1.41229
   4.98396  -1.42148
   4.98967  -1.42026
   5.01267  -1.41637
   5.02983  -1.40273
   5.03441  -1.39938
   5.05347  -1.38281
   5.06036  -1.37208
   5.06970  -1.35804
   5.08214  -1.34590
   5.09067  -1.34159
   5.10602  -1.33270
   5.12651  -1.33035
   5.14532  -1.32909
   5.16215  -1.31415
   5.17785  -1.30357
   5.18799  -1.29717
   5.19081  -1.29522
   5.19557  -1.29197
   5.21899  -1.27812
   5.21809  -1.24840
   5.21919  -1.24505
                    
   4.53081  -2.41120
   4.53276  -2.40911
   4.54011  -2.40817
   4.57334  -2.40243
   4.58525  -2.39517
   4.60606  -2.40487
   4.62890  -2.39660
   4.64605  -2.38942
   4.67252  -2.38096
   4.67449  -2.37902
   4.69141  -2.36150
   4.70562  -2.35949
   4.73409  -2.35401
   4.74963  -2.34768
   4.77336  -2.34302
   4.78852  -2.31859
   4.79090  -2.31446
   4.79209  -2.31337
   4.79689  -2.30888
   4.81744  -2.28191
   4.82647  -2.27507
   4.83607  -2.27310
   4.84477  -2.27701
   4.84216  -2.28436
   4.87500  -2.31307
   4.87973  -2.31663
   4.91120  -2.31907
   4.91797  -2.31933
   4.92967  -2.31736
   4.95772  -2.31144
   4.96004  -2.31044
   4.96436  -2.30854
   5.00046  -2.29635
   5.01721  -2.29942
   5.03604  -2.30199
   5.04884  -2.30574
   5.07734  -2.31238
   5.08967  -2.31636
   5.10618  -2.32388
   5.12567  -2.32632
   5.14495  -2.32783
   5.16442  -2.32942
   5.18261  -2.33012
   5.20417  -2.32886
   5.22799  -2.33225
   5.23565  -2.33177
   5.26210  -2.32914
   5.29153  -2.32453
   5.29294  -2.32427
   5.29294  -2.32621
   5.29231  -2.35122
   5.28882  -2.36403
                    
   4.52064  -1.48641
   4.53595  -1.48907
   4.53377  -1.47330
   4.53200  -1.45291
   4.51805  -1.44337
   4.51030  -1.42394
   4.49561  -1.44874
   4.48781  -1.45976
   4.49407  -1.46710
   4.49992  -1.48387
   4.52064  -1.48641
                    
   5.40232  -1.40342
   5.39630  -1.40322
   5.37867  -1.41929
   5.35589  -1.43244
   5.35438  -1.43580
   5.35166  -1.44167
   5.32717  -1.45107
   5.32178  -1.47605
   5.32781  -1.50256
   5.32923  -1.51007
   5.34319  -1.54218
   5.35175  -1.55287
   5.35724  -1.56003
   5.37224  -1.59626
   5.38607  -1.60488
   5.40338  -1.61678
   5.42410  -1.61573
   5.44887  -1.60926
   5.45180  -1.60223
   5.46183  -1.57510
   5.47339  -1.57761
   5.47158  -1.56084
   5.46897  -1.55115
   5.46619  -1.49807
                    
   4.28381  -2.15818
   4.28822  -2.16152
   4.29330  -2.16397
   4.32969  -2.17951
   4.32964  -2.14299
   4.33012  -2.13268
   4.32617  -2.11537
   4.32084  -2.08653
   4.31983  -2.06174
   4.32942  -2.04941
   4.34373  -2.05732
   4.35934  -2.06858
   4.37991  -2.10063
   4.38669  -2.11005
   4.39158  -2.11660
   4.41722  -2.14866
   4.43079  -2.18110
   4.43547  -2.19693
   4.44902  -2.23453
   4.42656  -2.23547
   4.40892  -2.23617
   4.40251  -2.23625
   4.39065  -2.23454
   4.36567  -2.22989
   4.35040  -2.23863
   4.34768  -2.25283
                    
   4.33022  -1.42606
   4.33388  -1.44923
   4.29529  -1.48502
   4.29648  -1.49412
   4.30174  -1.52447
   4.32159  -1.50861
   4.33948  -1.49559
   4.34516  -1.50720
   4.34805  -1.51283
   4.37444  -1.51818
   4.36943  -1.53623
   4.36274  -1.56551
   4.35753  -1.58682
   4.34561  -1.61104
   4.33746  -1.63248
   4.33031  -1.65380
   4.32157  -1.67983
   4.31252  -1.69623
   4.29773  -1.71242
   4.28636  -1.69590
   4.28115  -1.66900
   4.28459  -1.64068
   4.28784  -1.62073
   4.28715  -1.61417
   4.28473  -1.55904
   4.27692  -1.56207
   4.28013  -1.55073
   4.28538  -1.49527
                    
   4.95913  -3.64800
   4.96465  -3.64727
   4.97027  -3.64698
   4.98129  -3.64695
   4.98024  -3.64999
   4.98091  -3.65625
   4.98119  -3.66237
   4.97985  -3.66542
   4.96998  -3.66544
   4.96466  -3.66516
   4.95861  -3.66453
   4.95870  -3.66357
   4.95878  -3.66261
   4.95928  -3.65625
   4.95928  -3.64977
   4.95921  -3.64888
   4.95913  -3.64800
                    
   5.49809  -3.39130
   5.48559  -3.40076
   5.47444  -3.40826
   5.46120  -3.41107
   5.44465  -3.41288
   5.42118  -3.41607
   5.41337  -3.41796
   5.40715  -3.42044
   5.38282  -3.42571
   5.35438  -3.43271
   5.35115  -3.43200
   5.34973  -3.43246
   5.34859  -3.43324
   5.31722  -3.43997
   5.29437  -3.44574
   5.28419  -3.45181
   5.26519  -3.45234
   5.24636  -3.45229
   5.23985  -3.45250
   5.21952  -3.45734
   5.20871  -3.46027
   5.18332  -3.47085
   5.17661  -3.47388
   5.16756  -3.47804
   5.14175  -3.49033
   5.12701  -3.49296
   5.11607  -3.48745
   5.09291  -3.48152
   5.08777  -3.48059
   5.08357  -3.48124
   5.04769  -3.49034
   5.04266  -3.49421
   5.03378  -3.49747
   5.03017  -3.49045
   5.01882  -3.48486
   5.01048  -3.48129
   5.00308  -3.47334
   4.98368  -3.48217
   4.97690  -3.48602
   4.97226  -3.48779
   4.95644  -3.49537
   4.94704  -3.50177
   4.94537  -3.49812
   4.93745  -3.50465
   4.92888  -3.50822
   4.91969  -3.51304
   4.91385  -3.52980
   4.90588  -3.55381
   4.89979  -3.56963
   4.89787  -3.57372
   4.89716  -3.57353
   4.89646  -3.57334
   4.89419  -3.56822
   4.89873  -3.53233
   4.89951  -3.52625
   4.89998  -3.52232
   4.89983  -3.51543
   4.89802  -3.49391
   4.89577  -3.47865
   4.89041  -3.48008
   4.88609  -3.48015
   4.87500  -3.48143
   4.86293  -3.48368
   4.85995  -3.48421
   4.85539  -3.48100
   4.84690  -3.49472
   4.84713  -3.49822
   4.84922  -3.52093
   4.85142  -3.52608
   4.85186  -3.52717
   4.85884  -3.56761
   4.85593  -3.57910
   4.85443  -3.57948
   4.85294  -3.57990
   4.84826  -3.57021
   4.83874  -3.54469
   4.83554  -3.52998
   4.83135  -3.50466
   4.82429  -3.50033
   4.81653  -3.49561
   4.80407  -3.48954
   4.80059  -3.49667
   4.79230  -3.49421
   4.78267  -3.49633
   4.77499  -3.49846
   4.75973  -3.49162
   4.75052  -3.49310
   4.74209  -3.49493
   4.73957  -3.49486
   4.73301  -3.49487
   4.71698  -3.49823
   4.70795  -3.49661
   4.70054  -3.49220
   4.67491  -3.48836
   4.66468  -3.48779
   4.64807  -3.49340
   4.64447  -3.49483
   4.63097  -3.51221
   4.62730  -3.51324
   4.60950  -3.51931
   4.60116  -3.52856
   4.59219  -3.52741
   4.58732  -3.53006
   4.56735  -3.52828
   4.56717  -3.51271
   4.55718  -3.50387
   4.54000  -3.48730
   4.53131  -3.47833
   4.51408  -3.46583
   4.49632  -3.46624
   4.47198  -3.46832
   4.46312  -3.47291
   4.45881  -3.46646
   4.45543  -3.46509
   4.44796  -3.45712
   4.45777  -3.45387
   4.47015  -3.42251
   4.48136  -3.39879
   4.49282  -3.38864
   4.49970  -3.38878
   4.50411  -3.38853
   4.52009  -3.38893
   4.54262  -3.39352
   4.55140  -3.39569
   4.56211  -3.39371
   4.59391  -3.39024
   4.60135  -3.38951
   4.60517  -3.38642
   4.61502  -3.38278
   4.64053  -3.37682
   4.64873  -3.37542
   4.67056  -3.36914
   4.67347  -3.36843
   4.69682  -3.36352
   4.70798  -3.36697
   4.73201  -3.37654
   4.74008  -3.38044
   4.74503  -3.37753
   4.75277  -3.37684
   4.75957  -3.36408
   4.76470  -3.35320
   4.77359  -3.33714
   4.78657  -3.32622
   4.80394  -3.32776
   4.81885  -3.33782
   4.82879  -3.34553
   4.83907  -3.35659
   4.84853  -3.35373
   4.85664  -3.35294
   4.87500  -3.35119
   4.89549  -3.35055
   4.90172  -3.35088
   4.90830  -3.35228
   4.91283  -3.34440
   4.93243  -3.33053
   4.94405  -3.32364
   4.96424  -3.32322
   4.98251  -3.33301
   4.98936  -3.34204
   5.00760  -3.37147
   5.00765  -3.37159
   5.00773  -3.37160
   5.00778  -3.37163
   5.00784  -3.37158
   5.01143  -3.36938
   5.04998  -3.35029
   5.05102  -3.34989
   5.05182  -3.34999
   5.05349  -3.35021
   5.08815  -3.35184
   5.09951  -3.35530
   5.11541  -3.35297
   5.13137  -3.35072
   5.14881  -3.34931
   5.16183  -3.34443
   5.19724  -3.33401
   5.19859  -3.33423
   5.19937  -3.33373
   5.20810  -3.33342
   5.24934  -3.33654
   5.25200  -3.33692
   5.25681  -3.33587
   5.28666  -3.33070
   5.30421  -3.31942
   5.31454  -3.31297
   5.32624  -3.30579
   5.34121  -3.29671
   5.35327  -3.27997
   5.36240  -3.27393
   5.37225  -3.26747
   5.37969  -3.24867
   5.39669  -3.23297
   5.40000  -3.22868
                    
   4.79247  -3.65017
   4.78490  -3.65624
   4.76907  -3.65009
   4.76309  -3.64646
   4.77786  -3.64646
   4.78537  -3.64706
   4.79267  -3.64791
   4.79256  -3.64904
   4.79247  -3.65017
                    
   5.51727  -3.87057
   5.50892  -3.86669
   5.49147  -3.85823
   5.47108  -3.85547
   5.46184  -3.85460
   5.45462  -3.85385
   5.43108  -3.84962
   5.40742  -3.84060
   5.40226  -3.83800
   5.39603  -3.83489
   5.37171  -3.82574
   5.34964  -3.82901
   5.33934  -3.83013
   5.33596  -3.82903
   5.33233  -3.82784
   5.30039  -3.82442
   5.28026  -3.81910
   5.26266  -3.82719
   5.25129  -3.83172
   5.23288  -3.83774
   5.21751  -3.83641
   5.18438  -3.83487
   5.18096  -3.83452
   5.17933  -3.83404
   5.17636  -3.83316
   5.14090  -3.82353
   5.12809  -3.82261
   5.12096  -3.82847
   5.10202  -3.83690
   5.09450  -3.84043
   5.09074  -3.84207
   5.08217  -3.84359
   5.06429  -3.84554
   5.05130  -3.85053
   5.03605  -3.84818
   5.02246  -3.84494
   5.01182  -3.84290
   5.00687  -3.84458
   4.99984  -3.84688
   4.98450  -3.84591
   4.97809  -3.84507
   4.96486  -3.84895
   4.95147  -3.85492
   4.95056  -3.86384
   4.94671  -3.88473
   4.95328  -3.90441
   4.94623  -3.92210
   4.92658  -3.92381
   4.91949  -3.89155
   4.91586  -3.88796
   4.90481  -3.87559
   4.89443  -3.87838
   4.88599  -3.88102
   4.87500  -3.88265
   4.86214  -3.88385
   4.85501  -3.88478
   4.84802  -3.88234
   4.83796  -3.89284
   4.82967  -3.91333
   4.82408  -3.92549
   4.80371  -3.92230
   4.78993  -3.91042
   4.79401  -3.88161
   4.79354  -3.88007
   4.78924  -3.86260
   4.77969  -3.86064
   4.77243  -3.86108
   4.75671  -3.86447
   4.75215  -3.86903
   4.73498  -3.88466
   4.71967  -3.87808
   4.70377  -3.87692
   4.69489  -3.87574
   4.69126  -3.87522
   4.68235  -3.87368
   4.66252  -3.86873
   4.65414  -3.86739
   4.63536  -3.85936
   4.63198  -3.86017
   4.60884  -3.86448
   4.59433  -3.86945
   4.56019  -3.87863
   4.55844  -3.87887
   4.55769  -3.87945
   4.55671  -3.87912
   4.52081  -3.88874
   4.50330  -3.89228
   4.48466  -3.89472
   4.46170  -3.90734
   4.45483  -3.91276
   4.44669  -3.91928
   4.42694  -3.92954
   4.39872  -3.93841
   4.39535  -3.94081
   4.39162  -3.94347
   4.37486  -3.94501
   4.36237  -3.94579
   4.33881  -3.93936
   4.31382  -3.91793
   4.31353  -3.91792
   4.28771  -3.91626
   4.28063  -3.91616
   4.27175  -3.91802
   4.25191  -3.92120
                    
   5.46300  -3.99195
   5.46165  -3.99138
   5.45056  -3.98855
   5.43470  -3.98423
   5.41125  -3.97408
   5.40715  -3.97333
   5.40093  -3.97213
   5.37789  -3.96239
   5.35866  -3.95869
   5.34036  -3.96362
   5.32019  -3.96798
   5.30503  -3.96355
   5.30148  -3.96212
   5.28862  -3.96294
   5.26125  -3.96146
   5.25231  -3.96054
   5.23922  -3.96187
   5.21435  -3.96296
   5.19993  -3.95807
   5.18300  -3.96425
   5.16430  -3.96578
   5.14864  -3.96617
   5.13591  -3.96719
   5.10518  -3.96736
   5.09839  -3.96508
   5.09220  -3.96644
   5.06333  -3.96548
   5.05294  -3.96445
   5.05073  -3.96417
   5.04751  -3.96361
   5.01440  -3.95518
   5.00407  -3.95949
   4.98910  -3.96974
   4.97807  -3.97652
   4.96201  -3.98097
   4.94844  -3.97959
   4.93060  -3.97160
   4.92168  -3.96690
   4.91896  -3.94112
   4.90035  -3.94605
   4.88301  -3.94690
   4.87500  -3.94965
   4.86174  -3.95356
   4.84908  -3.95256
   4.83496  -3.94869
   4.83969  -3.96840
   4.81779  -3.98069
   4.80484  -3.98661
   4.78552  -3.99020
   4.75911  -3.98474
   4.75650  -3.98183
   4.74993  -3.97411
   4.72743  -3.97272
   4.72448  -3.97495
   4.70514  -3.98823
   4.68367  -3.99265
   4.68094  -3.99237
   4.65515  -3.98855
   4.64310  -3.98744
   4.61321  -3.98937
   4.60376  -3.98936
   4.59401  -3.99113
   4.56694  -3.99438
   4.55265  -3.99485
   4.53935  -3.99190
   4.50358  -3.97934
   4.49807  -3.97705
   4.49180  -3.97779
   4.46186  -3.97992
   4.44549  -3.98805
   4.43319  -3.99660
   4.42036  -4.00545
   4.40621  -4.01242
   4.39621  -4.02886
   4.38774  -4.03874
   4.38120  -4.04655
   4.37343  -4.06765
   4.35389  -4.08192
   4.35000  -4.08382
                    
   5.20657  -3.06591
   5.20692  -3.06936
   5.20588  -3.08315
   5.20446  -3.09742
   5.18818  -3.11381
   5.18384  -3.11832
   5.18327  -3.11895
   5.18254  -3.11975
   5.16208  -3.14224
   5.14664  -3.15958
   5.13604  -3.16341
   5.09726  -3.18050
   5.09704  -3.18070
   5.09691  -3.18078
   5.09670  -3.18080
   5.06211  -3.20092
   5.05181  -3.20793
   5.03816  -3.20797
   5.00153  -3.21038
   4.99396  -3.21230
   4.99232  -3.21278
   4.98947  -3.21338
   4.96308  -3.22998
   4.95211  -3.23965
   4.95029  -3.24135
   4.94820  -3.24110
   4.94585  -3.24083
   4.91057  -3.24973
   4.89230  -3.25043
   4.87500  -3.25065
   4.85658  -3.25169
   4.83984  -3.25438
   4.81868  -3.25134
   4.80400  -3.25358
   4.78954  -3.25633
   4.76640  -3.25094
   4.75592  -3.24965
   4.73537  -3.24803
   4.72443  -3.24256
   4.70184  -3.23287
   4.68469  -3.23477
   4.67781  -3.23338
   4.63064  -3.22890
   4.62929  -3.22886
   4.62802  -3.22847
   4.58601  -3.21815
   4.57762  -3.21592
   4.55716  -3.19798
   4.54985  -3.19188
   4.53288  -3.18399
   4.52772  -3.18084
   4.51334  -3.17608
   4.49187  -3.16949
   4.48274  -3.16703
   4.46125  -3.16316
   4.45461  -3.16218
   4.45385  -3.15434
   4.45248  -3.13437
   4.45463  -3.12547
                    
   4.52346  -3.56205
   4.53320  -3.53990
   4.52339  -3.52827
   4.51422  -3.51620
   4.50234  -3.52061
   4.48486  -3.52824
   4.48241  -3.55106
   4.49380  -3.55988
   4.49969  -3.56183
   4.50499  -3.56265
   4.52346  -3.56205
                    
   5.29537  -4.18703
   5.25753  -4.18609
   5.25078  -4.18504
   5.24819  -4.18558
   5.24614  -4.18629
   5.21273  -4.17554
   5.19769  -4.16974
   5.17349  -4.16372
   5.16577  -4.15988
   5.14805  -4.15034
   5.13600  -4.14911
   5.10232  -4.14373
   5.09159  -4.14120
   5.07513  -4.14143
   5.04981  -4.13653
   5.03431  -4.13265
   5.00263  -4.13256
   4.99908  -4.13264
   4.96825  -4.13211
   4.95852  -4.12990
   4.92751  -4.12106
   4.91538  -4.11777
   4.90670  -4.12043
   4.87500  -4.12612
   4.85195  -4.12882
   4.83333  -4.13250
   4.81286  -4.14459
   4.79938  -4.15160
   4.78636  -4.15894
   4.76519  -4.16946
   4.74547  -4.17092
   4.73654  -4.17299
   4.68870  -4.18192
   4.68574  -4.18229
   4.68291  -4.18400
   4.65162  -4.20097
   4.63779  -4.20655
   4.61527  -4.21863
   4.61201  -4.22024
   4.58583  -4.22412
   4.57144  -4.22956
   4.54968  -4.24358
   4.54343  -4.24659
                    
   4.28700  -3.32055
   4.28832  -3.32154
   4.30848  -3.34020
   4.32412  -3.35554
   4.32826  -3.36504
   4.33966  -3.38853
   4.34670  -3.39640
   4.35237  -3.40013
   4.36452  -3.41821
   4.34331  -3.42397
   4.33491  -3.42188
   4.30973  -3.43042
   4.29553  -3.43730
   4.29209  -3.43906
   4.28379  -3.44107
   4.26080  -3.44747
   4.24080  -3.44365
   4.23273  -3.44193
                    
