   0.39593   0.54926
   0.38770   0.52899
   0.38436   0.52259
   0.37917   0.51769
   0.35987   0.50420
   0.34563   0.49362
   0.33639   0.48524
   0.33516   0.48403
   0.33331   0.48260
   0.31339   0.46133
   0.29655   0.44258
   0.29003   0.43741
   0.27468   0.42921
   0.25931   0.41845
   0.25137   0.41252
   0.23197   0.40178
   0.22560   0.39792
   0.20461   0.38836
   0.17916   0.38420
   0.17880   0.38410
   0.15473   0.37625
   0.13468   0.37002
   0.12480   0.36633
   0.10811   0.35943
   0.09578   0.35744
   0.07461   0.35749
   0.06301   0.35734
   0.05510   0.35701
   0.03093   0.35354
   0.00904   0.35235
   0.00078   0.35153
  -0.00000   0.35147
  -0.00091   0.35138
  -0.03034   0.34681
  -0.05909   0.34533
  -0.06089   0.34533
  -0.06224   0.34532
  -0.08661   0.34166
  -0.09130   0.34075
  -0.11598   0.34267
  -0.12562   0.34513
  -0.16248   0.35125
  -0.16337   0.35139
  -0.16388   0.35143
  -0.16585   0.35174
  -0.20330   0.35212
  -0.21602   0.35124
  -0.23196   0.35454
  -0.25012   0.35721
  -0.26622   0.35977
  -0.27762   0.36354
  -0.31320   0.37326
  -0.31706   0.37408
  -0.31909   0.37486
  -0.32411   0.37676
  -0.35654   0.38513
  -0.36741   0.39197
  -0.38525   0.40325
  -0.41011   0.41786
  -0.41312   0.41947
  -0.41522   0.42073
  -0.43627   0.43627
  -0.43835   0.43769
  -0.46070   0.45253
  -0.46284   0.45454
  -0.46440   0.45684
  -0.47216   0.47216
  -0.47684   0.48070
                    
  -0.39593  -0.54926
  -0.37473  -0.53102
  -0.37387  -0.53014
  -0.37299  -0.52971
  -0.37060  -0.52927
  -0.34168  -0.51670
  -0.32526  -0.50854
  -0.30930  -0.50095
  -0.28336  -0.49080
  -0.27642  -0.48774
  -0.27193  -0.48692
  -0.23498  -0.47810
  -0.22444  -0.47442
  -0.22288  -0.47381
  -0.22083  -0.47358
  -0.17164  -0.46139
  -0.16954  -0.46070
  -0.16760  -0.46048
  -0.15907  -0.45942
  -0.12075  -0.45064
  -0.11290  -0.45008
  -0.08707  -0.44906
  -0.07902  -0.44814
  -0.05152  -0.44377
  -0.03873  -0.44272
  -0.02123  -0.44205
  -0.00000  -0.43957
   0.01517  -0.43714
   0.03792  -0.43343
   0.06333  -0.43031
   0.07557  -0.42859
   0.08833  -0.42641
   0.11267  -0.42049
   0.13274  -0.42019
   0.15305  -0.42050
   0.18358  -0.41897
   0.19169  -0.41835
   0.19506  -0.41830
   0.21494  -0.42046
   0.24302  -0.42092
   0.24833  -0.42077
   0.25437  -0.42147
   0.29655  -0.42352
   0.30347  -0.42317
   0.30879  -0.42438
   0.32360  -0.42985
   0.34782  -0.43596
   0.35525  -0.43751
   0.37210  -0.44345
   0.38321  -0.44696
   0.40614  -0.45215
   0.41854  -0.45667
   0.44137  -0.46407
   0.45126  -0.46604
   0.45544  -0.46850
   0.47684  -0.48070
                    
  -0.47084  -1.34155
  -0.45835  -1.36831
  -0.45801  -1.36871
  -0.45788  -1.36914
  -0.45635  -1.37178
  -0.44348  -1.39563
  -0.43173  -1.41580
  -0.42632  -1.42207
  -0.41954  -1.42513
  -0.40446  -1.42366
  -0.38750  -1.42702
  -0.36657  -1.43218
  -0.34899  -1.43614
  -0.31655  -1.45102
  -0.31649  -1.45107
  -0.31645  -1.45110
  -0.31634  -1.45113
  -0.27837  -1.46516
  -0.26681  -1.47092
  -0.24596  -1.47686
  -0.23798  -1.47760
  -0.21687  -1.48058
  -0.19375  -1.49311
  -0.19341  -1.49313
  -0.16976  -1.49581
  -0.15548  -1.49470
  -0.13106  -1.49126
  -0.12261  -1.49125
  -0.11841  -1.49134
  -0.09793  -1.48954
  -0.09081  -1.48922
  -0.06512  -1.48797
  -0.05990  -1.48844
  -0.05165  -1.48936
  -0.02946  -1.49143
  -0.00812  -1.48575
  -0.00000  -1.48811
   0.01304  -1.49242
   0.03014  -1.48361
   0.04077  -1.47803
   0.05527  -1.47137
   0.06263  -1.47293
   0.06939  -1.47451
   0.09502  -1.47352
   0.10875  -1.46994
   0.12489  -1.46182
   0.13470  -1.45803
   0.15461  -1.45159
   0.17684  -1.44312
   0.18002  -1.44207
   0.20462  -1.43980
   0.22677  -1.43534
   0.23284  -1.43440
   0.25436  -1.42439
   0.26933  -1.41606
   0.29822  -1.40223
   0.30185  -1.40042
   0.30290  -1.39952
   0.30447  -1.39813
   0.33267  -1.38050
   0.34850  -1.37165
   0.35984  -1.36215
   0.36898  -1.34885
   0.37723  -1.33677
   0.38576  -1.32417
   0.39359  -1.31246
   0.39909  -1.30120
   0.40243  -1.28361
                    
  -0.40243  -2.37264
  -0.37686  -2.35884
  -0.37514  -2.35737
  -0.37364  -2.35660
  -0.36943  -2.35572
  -0.34317  -2.34384
  -0.32608  -2.33507
  -0.31242  -2.32714
  -0.27894  -2.31126
  -0.27881  -2.31119
  -0.27876  -2.31117
  -0.27860  -2.31110
  -0.24399  -2.29279
  -0.23097  -2.28727
  -0.21408  -2.28722
  -0.17440  -2.28848
  -0.16981  -2.28838
  -0.16751  -2.28834
  -0.16083  -2.28817
  -0.12237  -2.28482
  -0.11000  -2.28235
  -0.08266  -2.27801
  -0.07916  -2.27708
  -0.05398  -2.26922
  -0.03834  -2.26639
  -0.01373  -2.26407
  -0.00000  -2.26167
   0.00885  -2.25987
   0.03727  -2.25412
   0.06853  -2.25198
   0.07457  -2.25103
   0.08074  -2.24997
   0.11157  -2.24452
   0.13424  -2.24581
   0.15618  -2.25721
   0.15719  -2.25769
   0.18376  -2.26338
   0.20249  -2.26236
   0.24220  -2.25387
   0.24500  -2.25248
   0.24740  -2.25128
   0.25146  -2.25134
   0.29489  -2.24927
   0.30441  -2.24860
   0.31167  -2.25039
   0.33007  -2.25772
   0.34648  -2.26515
   0.35432  -2.26842
   0.37133  -2.27066
   0.38670  -2.27207
   0.40916  -2.27072
   0.42043  -2.28306
   0.43132  -2.29500
   0.44582  -2.29937
   0.45231  -2.30545
   0.47084  -2.31470
                    
   0.40047  -3.11030
   0.39302  -3.12819
   0.38843  -3.13668
   0.38237  -3.14509
   0.36652  -3.15686
   0.34433  -3.17443
   0.34237  -3.17729
   0.34004  -3.17921
   0.32392  -3.19364
   0.31904  -3.19881
   0.29905  -3.22055
   0.29660  -3.22326
   0.28599  -3.22651
   0.27103  -3.24529
   0.25749  -3.26271
   0.23656  -3.24652
   0.21960  -3.23473
   0.19772  -3.23224
   0.18989  -3.23383
   0.18458  -3.23772
   0.17435  -3.24709
   0.16599  -3.26644
   0.15729  -3.28663
   0.13372  -3.29308
   0.13212  -3.29326
   0.10822  -3.29703
   0.09665  -3.29554
   0.07971  -3.29516
   0.06406  -3.29296
   0.04993  -3.29156
   0.03155  -3.29562
   0.00529  -3.29775
  -0.00000  -3.29849
  -0.00407  -3.29911
  -0.03082  -3.30403
  -0.05773  -3.30337
  -0.06195  -3.30490
  -0.06501  -3.30605
  -0.09283  -3.30981
  -0.11697  -3.31594
  -0.12387  -3.31591
  -0.13734  -3.31629
  -0.15560  -3.32256
  -0.16862  -3.32021
  -0.18012  -3.31372
  -0.20369  -3.30344
  -0.21465  -3.29948
  -0.24015  -3.31328
  -0.24881  -3.31332
  -0.26986  -3.31442
  -0.29261  -3.30753
  -0.29522  -3.30685
  -0.31824  -3.28829
  -0.32321  -3.28493
  -0.33082  -3.27992
  -0.35091  -3.26598
  -0.36631  -3.25910
  -0.39155  -3.25911
  -0.39693  -3.25932
  -0.42146  -3.26216
  -0.43346  -3.25783
  -0.44069  -3.24651
  -0.44690  -3.22729
  -0.45366  -3.20259
  -0.45496  -3.19632
  -0.45625  -3.19509
  -0.45733  -3.19333
  -0.47166  -3.17047
                    
  -0.40047  -4.20220
  -0.38161  -4.18623
  -0.37850  -4.18309
  -0.37561  -4.18096
  -0.36564  -4.17843
  -0.34652  -4.16972
  -0.32763  -4.16011
  -0.31491  -4.15370
  -0.27889  -4.13930
  -0.27883  -4.13927
  -0.27880  -4.13927
  -0.27857  -4.13922
  -0.23456  -4.12575
  -0.22651  -4.12367
  -0.21854  -4.12490
  -0.17426  -4.11666
  -0.17033  -4.11565
  -0.16682  -4.11458
  -0.12207  -4.09708
  -0.12021  -4.09554
  -0.11759  -4.09509
  -0.11371  -4.09594
  -0.07863  -4.10217
  -0.04639  -4.10542
  -0.03933  -4.10580
  -0.03095  -4.10566
  -0.00000  -4.10273
   0.02239  -4.09920
   0.03853  -4.09663
   0.06015  -4.09035
   0.07541  -4.08392
   0.08389  -4.08003
   0.11072  -4.06947
   0.13554  -4.07172
   0.15559  -4.08372
   0.15853  -4.08532
   0.18319  -4.09262
   0.20295  -4.09147
   0.23638  -4.08106
   0.24239  -4.07608
   0.25160  -4.06811
   0.27083  -4.06733
   0.28686  -4.06593
   0.30591  -4.07227
   0.31453  -4.07639
   0.34632  -4.08474
   0.35441  -4.08687
   0.35723  -4.08757
   0.36216  -4.08786
   0.40019  -4.08807
   0.41153  -4.09080
   0.42509  -4.10683
   0.43734  -4.12147
   0.44739  -4.12601
   0.45359  -4.13002
   0.47166  -4.14203
                    
   1.54099   0.00642
   1.54020   0.00000
   1.53991  -0.00667
   1.53998  -0.00744
   1.54005  -0.00820
   1.53532  -0.00873
   1.53101  -0.00893
   1.52810  -0.00848
   1.52807  -0.00727
   1.52706   0.00000
   1.52662   0.00712
   1.52682   0.00859
   1.52970   0.00928
   1.53535   0.00896
   1.54115   0.00827
   1.54106   0.00734
   1.54099   0.00642
                    
   1.71541  -0.00000
   1.71815  -0.00761
   1.71811  -0.00815
   1.71657  -0.00830
   1.71473  -0.00819
   1.71274  -0.00802
   1.71277  -0.00768
   1.71279  -0.00734
   1.71492  -0.00000
   1.71510   0.00073
   1.71541  -0.00000
                    
   0.97436   0.18739
   0.99650   0.17712
   1.00038   0.17516
   1.00370   0.17375
   1.02748   0.16339
   1.04965   0.15417
   1.05486   0.15100
   1.05584   0.15060
   1.05688   0.15034
   1.08492   0.14471
   1.08631   0.14438
   1.11767   0.13682
   1.11828   0.13669
   1.11900   0.13664
   1.14994   0.12907
   1.18178   0.12113
   1.18387   0.12097
   1.18703   0.12114
   1.21854   0.11956
   1.24046   0.11761
   1.25624   0.11744
   1.28436   0.11684
   1.29212   0.11583
   1.29696   0.11515
   1.30949   0.11484
   1.33199   0.11327
   1.35314   0.10926
   1.36763   0.10852
   1.40164   0.10415
   1.40649   0.10304
   1.40871   0.10278
   1.41699   0.10229
   1.44345   0.09568
   1.45502   0.09207
   1.46107   0.09464
   1.47320   0.09879
   1.48462   0.09829
   1.48793   0.09768
   1.49279   0.09697
   1.51447   0.09274
   1.52013   0.09100
   1.52614   0.08790
   1.55826   0.06674
   1.55846   0.06764
   1.55289   0.08594
   1.55179   0.09318
   1.55630   0.09811
   1.56392   0.09623
   1.57040   0.09457
   1.58055   0.09069
   1.58347   0.08907
   1.58493   0.08893
   1.59186   0.09105
   1.59911   0.09267
   1.60023   0.09243
   1.60117   0.09219
   1.60714   0.08831
   1.60990   0.08562
   1.61650   0.07763
   1.61819   0.07780
   1.61989   0.07793
   1.62500   0.08677
   1.62742   0.09007
   1.63248   0.09473
   1.63332   0.09513
   1.63425   0.09519
   1.64127   0.09227
   1.64847   0.08846
   1.64870   0.08844
   1.64903   0.08864
   1.65785   0.09026
   1.66554   0.09082
   1.66775   0.09168
   1.67388   0.09636
   1.68452   0.10309
   1.68888   0.10530
   1.70002   0.10896
   1.70156   0.10935
   1.70386   0.10621
   1.70796   0.10002
   1.70748   0.09830
   1.70445   0.08906
   1.70303   0.07803
   1.72087   0.09116
   1.73441   0.09976
   1.74714   0.10248
   1.75239   0.10322
   1.76755   0.10547
   1.77745   0.10675
   1.80201   0.10384
   1.80336   0.10355
   1.80470   0.10375
   1.83986   0.10574
   1.84659   0.10701
   1.86316   0.11106
   1.88033   0.11323
   1.90009   0.11456
   1.91666   0.11670
   1.95246   0.12190
   1.95564   0.12209
   1.95712   0.12217
   1.96269   0.12291
   1.99100   0.12577
   2.01576   0.12923
   2.02763   0.13189
   2.04158   0.13489
   2.06138   0.13714
   2.07715   0.14044
   2.09434   0.14852
   2.10757   0.15496
   2.12516   0.15902
   2.14239   0.16588
   2.15576   0.17124
   2.16762   0.17607
   2.18453   0.18316
   2.20467   0.19785
   2.21059   0.20203
   2.21478   0.20504
   2.23460   0.22185
   2.23469   0.22191
   2.25624   0.23649
   2.25866   0.23857
                    
   0.99134  -0.23857
   0.99587  -0.23852
   1.02071  -0.23592
   1.04059  -0.22830
   1.04827  -0.22606
   1.05684  -0.22353
   1.07718  -0.21567
   1.09658  -0.21158
   1.10834  -0.20999
   1.12503  -0.20744
   1.14125  -0.20355
   1.15318  -0.20215
   1.17803  -0.20630
   1.18161  -0.20676
   1.20726  -0.20426
   1.21592  -0.20466
   1.23928  -0.20560
   1.25370  -0.20406
   1.26030  -0.20319
   1.27088  -0.20445
   1.29735  -0.20595
   1.31138  -0.20482
   1.33026  -0.20638
   1.33828  -0.20499
   1.36108  -0.19985
   1.38008  -0.19671
   1.39766  -0.19076
   1.40915  -0.18623
   1.41664  -0.18601
   1.44182  -0.18318
   1.45209  -0.18066
   1.46542  -0.17855
   1.47758  -0.17569
   1.49003  -0.17176
   1.50470  -0.17181
   1.51104  -0.17067
   1.52343  -0.16757
   1.52808  -0.16787
   1.53533  -0.16805
   1.54812  -0.16487
   1.55415  -0.16487
   1.56485  -0.16526
   1.57845  -0.16466
   1.58100  -0.16422
   1.58285  -0.16393
   1.59588  -0.16515
   1.60990  -0.16529
   1.61055  -0.16511
   1.61110  -0.16509
   1.62500  -0.16549
   1.63899  -0.16471
   1.63940  -0.16463
   1.63982  -0.16463
   1.65363  -0.16240
   1.66741  -0.15893
   1.66758  -0.15891
   1.66778  -0.15892
   1.68299  -0.15933
   1.69541  -0.15850
   1.69872  -0.15810
   1.70451  -0.15908
   1.71675  -0.15891
   1.72509  -0.15820
   1.73601  -0.15853
   1.75200  -0.15490
   1.75359  -0.15325
   1.75534  -0.15141
   1.76388  -0.15109
   1.77493  -0.14993
   1.78929  -0.15026
   1.80077  -0.14749
   1.81807  -0.14166
   1.82271  -0.14017
   1.82698  -0.14143
   1.86271  -0.14666
   1.87042  -0.14706
   1.88257  -0.14871
   1.90092  -0.15018
   1.91846  -0.14866
   1.94213  -0.15381
   1.96206  -0.15717
   1.97339  -0.15710
   1.97827  -0.15802
   1.98782  -0.15972
   2.01743  -0.15969
   2.02887  -0.15908
   2.05238  -0.16302
   2.07721  -0.16459
   2.08644  -0.16490
   2.08852  -0.16580
   2.09039  -0.16661
   2.12136  -0.17051
   2.14393  -0.17109
   2.15518  -0.17304
   2.16861  -0.17523
   2.18695  -0.17559
   2.20018  -0.17674
   2.21772  -0.18003
   2.23711  -0.18345
   2.24703  -0.18412
   2.25494  -0.18479
   2.27564  -0.18739
                    
   0.95841  -1.70939
   0.95861  -1.70997
   0.95935  -1.71075
   0.98312  -1.73423
   1.00491  -1.71879
   1.01267  -1.71375
   1.01669  -1.71116
   1.02974  -1.70316
   1.05250  -1.69078
   1.06275  -1.69694
   1.08478  -1.68957
   1.09585  -1.68634
   1.11488  -1.68397
   1.12000  -1.68523
   1.12368  -1.68758
   1.12466  -1.69406
   1.14102  -1.73811
   1.14224  -1.74082
   1.14974  -1.74432
   1.17351  -1.75470
   1.18466  -1.75048
   1.20160  -1.74486
   1.21174  -1.73473
   1.22664  -1.72138
   1.23728  -1.70473
   1.25891  -1.69488
   1.26213  -1.69360
   1.28941  -1.69955
   1.29870  -1.69487
   1.31998  -1.68589
   1.33516  -1.68639
   1.34359  -1.68851
   1.34840  -1.69338
   1.35039  -1.70007
   1.34822  -1.71064
   1.34254  -1.72532
   1.33769  -1.74012
   1.33817  -1.75127
   1.35087  -1.77457
   1.35324  -1.77823
   1.38933  -1.78560
   1.41359  -1.78531
   1.42457  -1.78405
   1.45745  -1.78323
   1.45976  -1.78117
   1.45974  -1.76797
   1.46054  -1.75730
   1.46438  -1.75323
   1.46637  -1.74908
   1.46674  -1.73676
   1.46762  -1.72819
   1.47227  -1.72119
   1.48074  -1.72005
   1.49813  -1.72166
   1.50003  -1.72199
   1.51727  -1.73180
   1.52802  -1.73115
   1.53056  -1.72138
   1.51615  -1.70551
   1.51452  -1.69645
   1.51319  -1.68153
   1.51721  -1.67418
   1.52442  -1.66716
   1.53042  -1.66431
   1.53700  -1.66147
   1.54439  -1.65525
   1.55390  -1.65372
   1.56089  -1.65198
   1.56867  -1.65040
   1.57727  -1.65000
   1.58359  -1.65575
   1.59112  -1.66771
   1.59230  -1.68204
   1.58871  -1.69269
   1.57971  -1.70247
   1.57936  -1.70272
   1.57906  -1.70293
   1.57819  -1.70439
   1.57261  -1.71578
   1.56777  -1.72225
   1.56607  -1.72605
   1.56389  -1.73181
   1.56149  -1.73742
   1.55407  -1.73671
   1.56962  -1.75706
   1.57591  -1.76962
   1.58542  -1.78436
   1.58328  -1.78640
   1.58124  -1.78854
   1.57694  -1.78779
   1.57140  -1.78741
   1.56986  -1.78952
   1.56841  -1.79168
   1.57160  -1.79730
   1.57446  -1.80125
   1.57312  -1.80393
   1.57193  -1.80668
   1.56028  -1.80457
   1.53813  -1.80421
   1.53305  -1.80258
   1.51589  -1.79889
   1.53558  -1.80455
   1.53788  -1.80515
   1.56643  -1.81780
   1.57825  -1.82102
   1.57789  -1.82400
   1.57773  -1.82701
   1.57639  -1.82812
   1.57496  -1.82946
   1.57513  -1.83249
   1.57549  -1.83550
   1.58159  -1.83578
   1.58585  -1.83570
   1.58648  -1.83845
   1.58731  -1.84114
   1.57098  -1.84779
   1.54187  -1.86287
   1.52037  -1.87145
   1.50310  -1.87951
   1.48345  -1.88921
   1.47422  -1.89254
   1.45833  -1.89906
   1.43796  -1.91256
   1.42769  -1.92013
   1.41656  -1.93038
   1.41100  -1.93559
   1.39229  -1.95134
   1.38051  -1.96318
   1.37667  -1.96730
   1.36563  -1.97787
   1.35505  -1.98879
   1.33870  -2.00706
   1.32765  -2.01737
   1.31120  -2.03369
   1.30339  -2.04340
   1.25876  -2.03957
   1.25820  -2.03948
   1.25656  -2.03730
   1.23715  -2.00898
   1.22221  -1.98438
   1.20594  -1.98065
   1.19245  -1.97690
   1.17952  -1.99027
   1.16992  -2.00105
   1.16705  -2.00874
   1.15568  -2.04697
   1.15872  -2.05527
   1.15362  -2.05888
   1.14774  -2.05825
   1.14146  -2.05360
   1.10913  -2.04006
   1.09759  -2.03437
   1.07309  -2.03310
   1.06184  -2.03310
   1.04411  -2.03269
   1.03895  -2.02880
   1.00005  -1.99558
   0.99909  -1.99273
   0.98851  -1.94036
   0.98256  -1.89070
   0.98166  -1.88441
   0.98033  -1.88077
   0.97800  -1.87528
   0.97408  -1.87707
   0.95036  -1.88563
                    
   1.55418  -2.02074
   1.55474  -2.02027
   1.55531  -2.01961
   1.57905  -1.98551
   1.58057  -1.97391
   1.58592  -1.95451
   1.59149  -1.93518
   1.59517  -1.91314
   1.59580  -1.90835
   1.60039  -1.88745
   1.59786  -1.88634
   1.59537  -1.88511
   1.59092  -1.88715
   1.58501  -1.88908
   1.58318  -1.88785
   1.58139  -1.88655
   1.56950  -1.89910
   1.56073  -1.90472
   1.54918  -1.91042
   1.53870  -1.91442
   1.52827  -1.91836
   1.51912  -1.92094
   1.49971  -1.93388
   1.47302  -1.95863
   1.47016  -1.96280
   1.46105  -1.97735
   1.44990  -1.99148
   1.44567  -2.00065
   1.44938  -2.00375
   1.45232  -2.00798
   1.46325  -2.00471
   1.47553  -2.00626
   1.48899  -2.00694
   1.49581  -2.01263
   1.50254  -2.01757
   1.51070  -2.02610
   1.52281  -2.03719
   1.52657  -2.03922
   1.55418  -2.02074
                    
   2.26863  -1.61792
   2.25970  -1.61139
   2.23702  -1.61305
   2.22188  -1.61088
   2.20815  -1.60928
   2.20397  -1.60786
   2.19274  -1.60426
   2.16780  -1.60012
   2.15943  -1.63361
   2.15653  -1.64308
   2.16304  -1.68133
   2.16337  -1.68387
   2.15891  -1.71583
   2.14223  -1.73692
   2.14191  -1.73729
   2.14104  -1.73713
   2.11476  -1.73299
   2.10398  -1.69978
   2.09558  -1.68358
   2.08551  -1.66596
   2.07840  -1.66310
   2.04745  -1.65271
   2.02720  -1.68174
   2.02521  -1.68427
   2.02503  -1.68855
   2.02185  -1.72179
   2.02534  -1.74293
   2.00405  -1.75004
   1.98894  -1.76395
   1.97971  -1.77155
   1.97536  -1.78966
   1.97304  -1.79768
   1.96547  -1.81857
   1.95984  -1.82812
   1.94218  -1.85310
   1.94028  -1.85571
   1.94096  -1.85799
   1.93715  -1.86342
   1.92625  -1.88124
   1.91683  -1.89438
   1.90952  -1.90436
   1.89170  -1.92260
   1.89322  -1.92575
   1.90068  -1.94369
   1.88597  -1.92766
   1.88294  -1.92468
   1.84665  -1.91877
   1.83198  -1.90346
   1.82527  -1.89741
   1.81952  -1.89352
   1.79765  -1.88044
   1.78281  -1.87262
   1.77556  -1.87193
   1.77585  -1.86854
   1.76876  -1.85921
   1.76656  -1.85309
   1.76504  -1.84939
   1.75600  -1.84655
   1.72732  -1.83946
   1.71470  -1.83663
   1.69542  -1.84054
   1.68404  -1.84092
   1.68335  -1.84376
   1.68253  -1.84656
   1.70618  -1.85767
   1.70946  -1.85951
   1.73552  -1.87228
   1.73203  -1.87803
   1.72314  -1.87847
   1.70964  -1.87699
   1.70177  -1.87528
   1.68550  -1.86773
   1.68423  -1.86960
   1.68291  -1.87143
   1.67371  -1.86900
   1.66768  -1.86657
   1.66562  -1.86874
   1.66345  -1.87080
   1.66460  -1.87532
   1.66547  -1.88132
   1.66334  -1.88288
   1.66115  -1.88435
   1.65764  -1.88467
   1.65448  -1.88475
   1.65198  -1.88598
   1.64943  -1.88711
   1.64890  -1.89379
   1.64685  -1.90307
   1.64521  -1.90353
   1.64355  -1.90396
   1.63505  -1.88511
   1.63219  -1.87572
   1.62920  -1.87608
   1.62618  -1.87625
   1.62500  -1.87570
   1.62390  -1.87515
   1.62090  -1.87498
   1.61792  -1.87462
   1.61387  -1.89123
   1.60497  -1.91597
   1.60237  -1.95649
   1.60239  -1.95773
   1.60314  -1.95860
   1.61276  -1.96807
   1.61972  -1.97426
   1.62500  -1.98669
   1.62774  -1.99206
   1.63396  -2.01113
   1.64146  -2.03268
   1.64328  -2.03711
   1.64756  -2.03210
   1.65506  -2.02202
   1.65865  -2.01897
   1.66450  -2.01357
   1.67183  -2.00290
   1.68117  -2.00566
   1.69009  -2.00695
   1.69604  -2.00750
   1.70962  -2.00960
   1.71817  -1.99897
   1.71884  -1.99067
   1.71765  -1.96340
   1.71662  -1.96109
   1.71656  -1.95889
   1.71878  -1.96076
   1.71964  -1.96201
   1.73121  -1.97116
   1.75445  -1.98737
   1.75790  -1.98942
   1.75999  -1.98900
   1.76365  -1.98820
   1.78487  -1.98800
   1.79076  -1.98315
   1.79579  -1.97143
   1.79872  -1.96341
   1.80604  -1.95489
   1.81257  -1.94699
   1.82514  -1.94367
   1.83697  -1.93954
   1.85676  -1.94983
   1.87395  -1.95476
   1.90549  -1.96196
   1.90854  -1.96336
   1.91353  -1.96748
   1.93435  -1.99704
   1.93782  -2.00285
   1.96118  -2.01984
   1.98509  -2.01603
   2.00636  -2.01270
   2.01634  -2.01061
   2.01546  -1.99257
   2.01397  -1.97740
   2.01490  -1.97004
   2.01610  -1.95802
   2.01441  -1.93247
   2.03882  -1.91898
   2.04902  -1.91241
   2.06935  -1.90648
   2.07604  -1.90425
   2.08407  -1.90907
   2.10183  -1.92056
   2.09826  -1.95493
   2.09790  -1.96489
   2.09592  -1.99114
   2.10675  -2.00347
   2.11566  -2.01440
   2.14136  -2.01606
   2.14847  -2.01635
   2.15019  -2.01576
   2.15567  -2.01384
   2.18571  -2.00764
   2.20021  -2.00501
   2.22034  -1.99927
   2.23968  -1.99283
   2.24940  -1.98595
   2.25482  -1.98356
   2.28724  -1.95207
   2.29159  -1.94686
                    
   1.81804  -1.69296
   1.81741  -1.69954
   1.82305  -1.71378
   1.82682  -1.72535
   1.80856  -1.73637
   1.78043  -1.75235
   1.77305  -1.75767
   1.77136  -1.75879
   1.77033  -1.76036
   1.77122  -1.76175
   1.77116  -1.77493
   1.77039  -1.78365
   1.77235  -1.78864
   1.76097  -1.80196
   1.76198  -1.80397
   1.76319  -1.80649
   1.75558  -1.80694
   1.75117  -1.80726
   1.71428  -1.81604
   1.69245  -1.81623
   1.67356  -1.81825
   1.67287  -1.81530
   1.67199  -1.81239
   1.67412  -1.81025
   1.67651  -1.80744
   1.67531  -1.80466
   1.67396  -1.80196
   1.67165  -1.80119
   1.66956  -1.80064
   1.66789  -1.79810
   1.66607  -1.79566
   1.66838  -1.79172
   1.67095  -1.78621
   1.66898  -1.78414
   1.66691  -1.78217
   1.66284  -1.78303
   1.65956  -1.78402
   1.65714  -1.78223
   1.65462  -1.78056
   1.66048  -1.76668
   1.66574  -1.74776
   1.67748  -1.73723
   1.68633  -1.73116
   1.69571  -1.72714
   1.70742  -1.72845
   1.70782  -1.72943
   1.70835  -1.73079
   1.71336  -1.72968
   1.72500  -1.72813
   1.73690  -1.72284
   1.74522  -1.71664
   1.77220  -1.70461
   1.77940  -1.70215
   1.78545  -1.70017
   1.81804  -1.69296
                    
   1.63158  -1.75287
   1.63354  -1.75306
   1.63722  -1.75881
   1.63953  -1.76357
   1.64213  -1.76421
   1.64469  -1.76496
   1.65264  -1.75220
   1.65873  -1.74458
   1.65777  -1.73810
   1.65491  -1.72747
   1.65264  -1.72497
   1.64952  -1.72057
   1.64363  -1.72245
   1.63645  -1.72544
   1.63445  -1.72010
   1.63197  -1.72833
   1.63031  -1.73818
   1.62962  -1.75272
   1.63158  -1.75287
                    
   1.89318  -1.72452
   1.88475  -1.72542
   1.86417  -1.72842
   1.84323  -1.72952
   1.83614  -1.73586
   1.81255  -1.74482
   1.77962  -1.75809
   1.79189  -1.76738
   1.79950  -1.77437
   1.79402  -1.78284
   1.79779  -1.78676
   1.79889  -1.79746
   1.79933  -1.80897
   1.80381  -1.81248
   1.83019  -1.82459
   1.83346  -1.82652
   1.86124  -1.82812
   1.86447  -1.82835
   1.86635  -1.82812
   1.89706  -1.82356
   1.90351  -1.80704
   1.90466  -1.80366
   1.91113  -1.78478
   1.91127  -1.77765
   1.91118  -1.76832
   1.91268  -1.75104
   1.89617  -1.73486
   1.89480  -1.72993
   1.89318  -1.72452
                    
   1.40026  -1.85570
   1.38833  -1.86462
   1.36976  -1.86007
   1.35668  -1.85160
   1.36028  -1.83691
   1.38561  -1.83451
   1.39929  -1.83973
   1.40579  -1.84730
   1.40026  -1.85570
                    
   1.31795  -1.80639
   1.31171  -1.80497
   1.30830  -1.80287
   1.30820  -1.80041
   1.30812  -1.79749
   1.31319  -1.78996
   1.32987  -1.78957
   1.31676  -1.80116
   1.31795  -1.80639
                    
   2.06689  -1.77487
   2.07939  -1.77558
   2.09573  -1.76668
   2.09437  -1.78706
   2.09342  -1.80072
   2.08163  -1.80130
   2.07486  -1.79656
   2.06956  -1.78923
   2.06689  -1.77487
                    
   2.14558  -1.86994
   2.14815  -1.87011
   2.14953  -1.87194
   2.15003  -1.87406
   2.14928  -1.87624
   2.14763  -1.87617
   2.14390  -1.87855
   2.14569  -1.87368
   2.14558  -1.86994
                    
   0.95081  -1.89066
   0.97224  -1.90153
   0.97984  -1.94188
   0.99210  -1.98894
   0.99621  -1.99661
   0.98137  -2.03833
                    
   2.29919  -1.76559
   2.29417  -1.76958
   2.29964  -1.77062
                    
   1.48121  -3.64367
   1.49345  -3.64226
   1.51240  -3.64133
   1.53580  -3.64356
   1.56113  -3.64789
   1.56083  -3.65064
   1.56065  -3.65339
   1.56103  -3.65625
   1.56153  -3.65899
   1.56171  -3.66179
   1.56202  -3.66457
   1.53584  -3.66921
   1.51219  -3.67125
   1.49347  -3.67043
   1.48001  -3.66893
   1.48001  -3.66103
   1.48005  -3.65625
   1.48024  -3.65157
   1.48121  -3.64367
                    
   0.99051  -3.89260
   0.99333  -3.89233
   1.01936  -3.88869
   1.04052  -3.88512
   1.04996  -3.88658
   1.06857  -3.88892
   1.08329  -3.88684
   1.09391  -3.88422
   1.11376  -3.87910
   1.13885  -3.87214
   1.14572  -3.87012
   1.15118  -3.86796
   1.17627  -3.85869
   1.20558  -3.84748
   1.20885  -3.84612
   1.21150  -3.84547
   1.21772  -3.84617
   1.24673  -3.84707
   1.26414  -3.84651
   1.27501  -3.85832
   1.29346  -3.87623
   1.30372  -3.88122
   1.30700  -3.88239
   1.31121  -3.88277
   1.31834  -3.87997
   1.32673  -3.86510
   1.33442  -3.85573
   1.35184  -3.83619
   1.36389  -3.83091
   1.36994  -3.82865
   1.37426  -3.83182
   1.40194  -3.83665
   1.40515  -3.84073
   1.40854  -3.84489
   1.41246  -3.83748
   1.41357  -3.83548
   1.44509  -3.81430
   1.46326  -3.79920
   1.47964  -3.80111
   1.48011  -3.80114
   1.48007  -3.80154
   1.47895  -3.81912
   1.47272  -3.83773
   1.47196  -3.84044
   1.46090  -3.86495
   1.47165  -3.87526
   1.48525  -3.87498
   1.50396  -3.86590
   1.50660  -3.86441
   1.52193  -3.84371
   1.52628  -3.83616
   1.53118  -3.82760
   1.54777  -3.80088
   1.54982  -3.78646
   1.55199  -3.77663
   1.55159  -3.76630
   1.55180  -3.76078
   1.54574  -3.75381
   1.54620  -3.75016
   1.54815  -3.74040
   1.54650  -3.73475
   1.55143  -3.72678
   1.56030  -3.71895
   1.56617  -3.71332
   1.56704  -3.71421
   1.56793  -3.71508
   1.57832  -3.71188
   1.58503  -3.70865
   1.58720  -3.71024
   1.58943  -3.71174
   1.59354  -3.71074
   1.59689  -3.70961
   1.59951  -3.71091
   1.60219  -3.71208
   1.60020  -3.72440
   1.60005  -3.74282
   1.59543  -3.75626
   1.58743  -3.78309
   1.58091  -3.80480
   1.57603  -3.81272
   1.57665  -3.82350
   1.57997  -3.82429
   1.58317  -3.82436
   1.59173  -3.81680
   1.59726  -3.81355
   1.60645  -3.80714
   1.61144  -3.81123
   1.61570  -3.81076
   1.62500  -3.80893
   1.63241  -3.80701
   1.63806  -3.80554
   1.64466  -3.80311
   1.65194  -3.80901
   1.66239  -3.81589
   1.66708  -3.82120
   1.66953  -3.82245
   1.67140  -3.82069
   1.67330  -3.81293
   1.66947  -3.80161
   1.66671  -3.78179
   1.66519  -3.77371
   1.65405  -3.74154
   1.65313  -3.73353
   1.64911  -3.71462
   1.65169  -3.71349
   1.65422  -3.71224
   1.65690  -3.71151
   1.65969  -3.71060
   1.66198  -3.70907
   1.66421  -3.70744
   1.66977  -3.70960
   1.67762  -3.71154
   1.67897  -3.71022
   1.68029  -3.70887
   1.69054  -3.71808
   1.70478  -3.73062
   1.71338  -3.74463
   1.70953  -3.75635
   1.70955  -3.75701
   1.70956  -3.75729
   1.70849  -3.75887
   1.70245  -3.76687
   1.70040  -3.77849
   1.70246  -3.79041
   1.70342  -3.80024
   1.72043  -3.82154
   1.72719  -3.82915
   1.72998  -3.83258
   1.73528  -3.83891
   1.75393  -3.85805
   1.76378  -3.86294
   1.76964  -3.86282
   1.77437  -3.85862
   1.77087  -3.84616
   1.76425  -3.82220
   1.76190  -3.81561
   1.76227  -3.80880
   1.76192  -3.79317
   1.77824  -3.79275
   1.78395  -3.79216
   1.79655  -3.80020
   1.81004  -3.80826
   1.83365  -3.82023
   1.85354  -3.81628
   1.85414  -3.81597
   1.87159  -3.80592
   1.89103  -3.80984
   1.89838  -3.81100
   1.92483  -3.81866
   1.93926  -3.81584
   1.95712  -3.81112
   1.96515  -3.79399
   1.98664  -3.79407
   2.02103  -3.80219
   2.02277  -3.80213
   2.02354  -3.80210
   2.03289  -3.80471
   2.05552  -3.81079
   2.08615  -3.82030
   2.08875  -3.82140
   2.09110  -3.82240
   2.11979  -3.83126
   2.14538  -3.83248
   2.15370  -3.83376
   2.16407  -3.83526
   2.18566  -3.83592
   2.20088  -3.83602
   2.21677  -3.83938
   2.23398  -3.84289
   2.24623  -3.84308
   2.25546  -3.84397
   2.27486  -3.84632
                    
   1.77561  -3.64307
   1.77464  -3.64937
   1.77224  -3.65625
   1.77025  -3.66114
   1.76815  -3.66877
   1.75657  -3.66999
   1.73670  -3.67083
   1.71426  -3.66851
   1.68877  -3.66461
   1.68907  -3.66186
   1.68926  -3.65909
   1.68908  -3.65625
   1.68879  -3.65347
   1.68861  -3.65068
   1.68831  -3.64791
   1.71413  -3.64310
   1.73907  -3.64076
   1.75643  -3.64122
   1.77561  -3.64307
                    
   2.25949  -3.41990
   2.25770  -3.42118
   2.24046  -3.43224
   2.23504  -3.43562
   2.21182  -3.44854
   2.20940  -3.45082
   2.20538  -3.45452
   2.18273  -3.46766
   2.16492  -3.47794
   2.15450  -3.48113
   2.14418  -3.48429
   2.12413  -3.49404
   2.10733  -3.50111
   2.09422  -3.50736
   2.07746  -3.51509
   2.06203  -3.52119
   2.04731  -3.52481
   2.03031  -3.53284
   2.00684  -3.54332
   1.99590  -3.54578
   1.97619  -3.54409
   1.97244  -3.56315
   1.96605  -3.56729
   1.94339  -3.58066
   1.93107  -3.58552
   1.91930  -3.58701
   1.89943  -3.58272
   1.89899  -3.56380
   1.92235  -3.55491
   1.93348  -3.54397
   1.94461  -3.53173
   1.93203  -3.51308
   1.91627  -3.51184
   1.90567  -3.51515
   1.88802  -3.51890
   1.87519  -3.53206
   1.85796  -3.54762
   1.86708  -3.55692
   1.84624  -3.56460
   1.83807  -3.56118
   1.81518  -3.57913
   1.80620  -3.58527
   1.77699  -3.59476
   1.76434  -3.59750
   1.75365  -3.59626
   1.75275  -3.58792
   1.75148  -3.58323
   1.74970  -3.57753
   1.74766  -3.57036
   1.73475  -3.56811
   1.73534  -3.56367
   1.73594  -3.55318
   1.72314  -3.56755
   1.71462  -3.57652
   1.69058  -3.59446
   1.67991  -3.60410
   1.67854  -3.60271
   1.67715  -3.60134
   1.66800  -3.60501
   1.66210  -3.60834
   1.65975  -3.60662
   1.65733  -3.60500
   1.65342  -3.60702
   1.65042  -3.60891
   1.64771  -3.60755
   1.64492  -3.60635
   1.64587  -3.59892
   1.64592  -3.58686
   1.64376  -3.58624
   1.64158  -3.58569
   1.64425  -3.56823
   1.64447  -3.54584
   1.64355  -3.53497
   1.63630  -3.52704
   1.62569  -3.52615
   1.62500  -3.52613
   1.62431  -3.52612
   1.61362  -3.52621
   1.60577  -3.53348
   1.60443  -3.53957
   1.60226  -3.56907
   1.60277  -3.57161
   1.60235  -3.57172
   1.60193  -3.57183
   1.60286  -3.59542
   1.60506  -3.60629
   1.60227  -3.60750
   1.59955  -3.60886
   1.59718  -3.60806
   1.59440  -3.60734
   1.59191  -3.60899
   1.58950  -3.61076
   1.58501  -3.60859
   1.57876  -3.60638
   1.57691  -3.60816
   1.57513  -3.61001
   1.55811  -3.59589
   1.52409  -3.57139
   1.52378  -3.57107
   1.52320  -3.57047
   1.52317  -3.57080
   1.52314  -3.57101
   1.50331  -3.57104
   1.50193  -3.57975
   1.50121  -3.58478
   1.50084  -3.58839
   1.50101  -3.59843
   1.48677  -3.59864
   1.47265  -3.59565
   1.44296  -3.58530
   1.43471  -3.57942
   1.41096  -3.55974
   1.40588  -3.55965
   1.39352  -3.55576
   1.38568  -3.54465
   1.37256  -3.53672
   1.34871  -3.52144
   1.34171  -3.52050
   1.33808  -3.51973
   1.33279  -3.51999
   1.32171  -3.52719
   1.31947  -3.54505
   1.31814  -3.57092
   1.28717  -3.55574
   1.26954  -3.54614
   1.25345  -3.54795
   1.24579  -3.54767
   1.21757  -3.54004
   1.19039  -3.53279
   1.18465  -3.53246
   1.17997  -3.53146
   1.15071  -3.52438
   1.12149  -3.51751
   1.11897  -3.51703
   1.11651  -3.51643
   1.08673  -3.51032
   1.06349  -3.50579
   1.05680  -3.50562
   1.05587  -3.50554
   1.05499  -3.50513
   1.05313  -3.50302
   1.02791  -3.49129
   1.00569  -3.48036
   1.00105  -3.47873
   0.99593  -3.47616
   0.97514  -3.46618
                    
   1.49135  -3.75019
   1.49100  -3.75073
   1.48942  -3.75195
   1.48986  -3.75087
   1.48874  -3.75091
   1.46394  -3.74924
   1.45560  -3.74759
   1.43933  -3.74283
   1.45535  -3.72729
   1.47393  -3.71997
   1.48306  -3.71775
   1.49134  -3.71858
   1.49095  -3.72519
   1.49037  -3.73398
   1.49096  -3.74980
   1.49100  -3.75008
   1.49135  -3.75019
                    
   1.81295  -3.73865
   1.80213  -3.72734
   1.77685  -3.71808
   1.76519  -3.71588
   1.75333  -3.71609
   1.75554  -3.72488
   1.75873  -3.73346
   1.76206  -3.74623
   1.79140  -3.75232
   1.79862  -3.75308
   1.80693  -3.75119
   1.81999  -3.74717
   1.81295  -3.73865
                    
   1.71334  -3.53009
   1.71660  -3.53450
   1.72832  -3.53312
   1.73303  -3.53291
   1.73220  -3.52849
   1.72858  -3.51498
   1.72817  -3.50891
   1.72138  -3.51416
   1.71569  -3.51966
   1.71379  -3.52493
   1.71334  -3.53009
                    
   1.81247  -3.52498
   1.81738  -3.52773
   1.83087  -3.53739
   1.83455  -3.54034
   1.83499  -3.53501
   1.83535  -3.51710
   1.82653  -3.51514
   1.82317  -3.51522
   1.81972  -3.51685
   1.81507  -3.51918
   1.81247  -3.52498
                    
   3.92708   0.00096
   3.92667   0.00088
   3.89871   0.00072
   3.87618   0.01257
   3.86922   0.01725
   3.85303   0.02743
   3.83771   0.03493
   3.82278   0.02481
   3.80747   0.01625
   3.79949   0.01207
   3.77951  -0.00000
   3.77482  -0.00262
   3.75081  -0.01135
   3.74207  -0.01449
   3.72540  -0.01998
   3.70673  -0.02510
   3.70019  -0.03202
   3.69442  -0.03888
   3.67095  -0.04805
   3.65299  -0.05385
   3.63276  -0.05715
   3.60796  -0.05448
   3.59848  -0.05283
   3.58821  -0.05105
   3.56047  -0.04788
   3.53257  -0.04509
   3.52591  -0.04349
   3.51724  -0.04147
   3.48636  -0.03846
   3.48045  -0.04063
   3.46450  -0.04542
   3.44938  -0.04862
   3.43754  -0.05025
   3.42583  -0.05480
   3.42735  -0.06455
   3.42799  -0.07107
   3.41930  -0.07895
   3.41144  -0.08205
   3.39443  -0.07760
   3.38081  -0.07552
   3.37051  -0.07317
   3.36188  -0.07060
   3.33547  -0.05984
   3.35303  -0.08297
   3.35514  -0.08651
   3.35528  -0.08834
   3.35545  -0.09203
   3.35762  -0.10762
   3.34578  -0.10744
   3.34028  -0.10759
   3.33738  -0.10754
   3.33034  -0.10510
   3.32048  -0.10066
   3.31484  -0.10893
   3.31383  -0.11056
   3.31308  -0.11174
   3.30575  -0.11955
   3.29500  -0.11946
   3.29313  -0.11849
   3.28947  -0.11642
   3.28038  -0.11338
   3.27378  -0.13013
   3.27335  -0.13098
   3.27309  -0.13096
   3.27288  -0.13095
   3.26218  -0.13925
   3.25078  -0.13461
   3.25000  -0.13459
   3.24924  -0.13456
   3.24604  -0.13223
   3.23895  -0.12628
   3.22865  -0.12716
   3.22758  -0.12714
   3.22662  -0.12711
   3.21597  -0.12700
   3.21424  -0.12736
   3.20467  -0.12886
   3.20323  -0.12850
   3.20169  -0.12810
   3.19050  -0.12761
   3.18314  -0.11813
   3.18191  -0.11793
   3.18031  -0.11766
   3.17895  -0.11159
   3.17776  -0.10317
   3.17248  -0.10720
   3.16012  -0.11530
   3.15419  -0.11418
   3.14494  -0.11181
   3.13819  -0.11181
   3.13771  -0.10619
   3.13243  -0.09865
   3.12810  -0.09163
   3.13689  -0.07920
   3.12047  -0.08588
   3.11146  -0.08769
   3.09034  -0.09218
   3.07884  -0.09357
   3.06416  -0.08705
   3.06376  -0.08685
   3.05323  -0.07436
   3.04974  -0.07289
   3.03814  -0.06723
   3.02996  -0.05896
   3.02500  -0.05524
   3.01486  -0.04534
   3.00659  -0.04292
   2.98887  -0.03644
   2.97270  -0.03346
   2.94616  -0.02658
   2.97105  -0.01418
   2.98485  -0.00855
   3.01055  -0.00280
   3.01302   0.00000
   3.02448   0.01148
   3.03494   0.01882
   3.04640   0.02575
   3.05561   0.03038
   3.06530   0.03257
   3.09000   0.03583
   3.09536   0.03924
   3.10029   0.04012
   3.09917   0.04377
   3.09577   0.05563
   3.09528   0.05631
   3.08641   0.07078
   3.08717   0.07593
   3.08872   0.08188
   3.10368   0.07397
   3.13427   0.06682
   3.13506   0.06656
   3.13554   0.06632
   3.13625   0.06597
   3.17352   0.04763
   3.18333   0.04493
   3.18414   0.04611
   3.18498   0.04728
   3.17895   0.05541
   3.15026   0.08369
   3.14928   0.08478
   3.14893   0.08535
   3.13549   0.11451
   3.13793   0.11459
   3.14478   0.12540
   3.14536   0.12622
   3.14453   0.12569
   3.13318   0.11762
   3.13202   0.11798
   3.12674   0.11962
   3.10301   0.12334
   3.09677   0.12364
   3.08746   0.12528
   3.06870   0.12695
   3.06218   0.11934
   3.04762   0.12802
   3.02715   0.12866
   3.01441   0.12801
   3.00312   0.13063
   2.97613   0.13534
   2.96661   0.13556
   2.96378   0.13531
   2.95759   0.13636
   2.92069   0.12565
   2.91679   0.12413
   2.90997   0.12376
   2.88233   0.12081
   2.86333   0.12144
   2.84564   0.12648
   2.82778   0.13150
   2.81220   0.13252
   2.79995   0.13560
   2.78002   0.14648
   2.76648   0.15428
   2.74980   0.15889
   2.73343   0.16321
   2.71826   0.16818
   2.70370   0.17295
   2.68846   0.17689
   2.67312   0.18418
   2.66066   0.19081
   2.65076   0.19622
   2.63437   0.20452
   2.61534   0.21642
   2.60950   0.21955
                    
   3.37648   0.09266
   3.38004   0.09986
   3.38887   0.10016
   3.39384   0.10072
   3.39556   0.09730
   3.38677   0.09043
   3.38077   0.08789
   3.36066   0.07249
   3.34344   0.06010
   3.32546   0.04923
   3.31903   0.04708
   3.31845   0.04793
   3.31786   0.04877
   3.32214   0.05398
   3.33943   0.06846
   3.35573   0.07951
   3.37648   0.09266
                    
   3.29947   0.07155
   3.29933   0.07539
   3.30674   0.08484
   3.31449   0.09210
   3.30929   0.08138
   3.30283   0.07299
   3.30032   0.07096
   3.29989   0.07126
   3.29947   0.07155
                    
   3.19835   0.07378
   3.19837   0.07384
   3.19819   0.07407
   3.19610   0.07697
   3.19814   0.07400
   3.19830   0.07379
   3.19830   0.07379
                    
   3.89050  -0.21955
   3.88492  -0.21860
   3.86144  -0.21671
   3.83992  -0.21471
   3.83241  -0.21389
   3.83131  -0.21401
   3.82937  -0.21422
   3.79926  -0.21199
   3.77819  -0.21033
   3.76541  -0.21304
   3.73218  -0.21818
   3.72746  -0.21791
   3.72479  -0.21684
   3.71932  -0.21885
   3.69370  -0.21323
   3.66843  -0.20681
   3.65777  -0.20727
   3.63243  -0.20678
   3.62176  -0.20322
   3.61396  -0.20051
   3.60370  -0.20421
   3.57332  -0.21269
   3.56536  -0.21287
   3.55889  -0.21629
   3.53159  -0.21198
   3.51621  -0.20844
   3.50168  -0.21119
   3.48042  -0.21352
   3.47063  -0.20956
   3.46213  -0.21213
   3.43258  -0.21138
   3.42917  -0.21101
   3.42762  -0.21168
   3.42530  -0.21265
   3.40056  -0.21502
   3.38951  -0.21483
   3.37549  -0.21735
   3.35409  -0.21934
   3.35218  -0.21913
   3.35116  -0.21913
   3.33203  -0.22539
   3.32717  -0.22670
   3.31347  -0.22658
   3.31079  -0.22686
   3.30814  -0.22779
   3.29055  -0.22999
   3.27481  -0.23081
   3.27026  -0.23157
   3.26649  -0.23278
   3.25409  -0.23944
   3.25000  -0.23993
   3.23019  -0.24128
   3.22888  -0.24136
   3.22715  -0.24181
   3.20704  -0.24365
   3.19082  -0.24385
   3.18446  -0.24460
   3.17321  -0.24677
   3.16121  -0.24393
   3.15051  -0.24088
   3.13524  -0.24609
   3.12263  -0.24858
   3.11099  -0.25015
   3.10398  -0.25291
   3.07567  -0.26133
   3.06978  -0.26048
   3.06730  -0.26092
   3.05827  -0.26142
   3.03382  -0.25763
   3.02379  -0.25538
   3.01027  -0.25838
   2.98831  -0.26169
   2.97652  -0.26035
   2.96690  -0.26387
   2.93423  -0.26496
   2.92601  -0.26466
   2.92056  -0.26640
   2.90861  -0.26994
   2.88296  -0.27298
   2.87409  -0.27351
   2.85160  -0.27896
   2.84367  -0.27791
   2.82084  -0.27383
   2.80423  -0.27702
   2.77815  -0.28426
   2.77082  -0.28534
   2.76667  -0.28590
   2.74422  -0.29201
   2.73946  -0.29321
   2.71349  -0.29626
   2.70738  -0.29880
   2.70052  -0.30162
   2.67762  -0.30531
   2.66199  -0.31063
   2.65063  -0.31495
                    
   3.92257   0.07805
   3.90408   0.07704
   3.89419   0.07645
   3.88410   0.07520
   3.86573   0.06786
   3.83995   0.05838
   3.83589   0.05795
   3.83119   0.05861
   3.80434   0.06120
   3.78268   0.06275
   3.77094   0.06375
   3.74696   0.07403
   3.73663   0.07439
   3.72874   0.07458
   3.72125   0.08309
   3.69399   0.11001
   3.68968   0.11368
   3.68664   0.11700
   3.68407   0.12383
   3.66850   0.15232
   3.65761   0.16960
   3.64890   0.18601
   3.65876   0.19605
   3.66246   0.19777
   3.66637   0.19935
   3.69191   0.21693
   3.71036   0.23033
   3.71961   0.23433
   3.72883   0.23949
   3.74768   0.25168
   3.76324   0.26202
   3.77407   0.26828
   3.78576   0.27415
   3.80070   0.28366
   3.81372   0.29208
   3.82604   0.29834
   3.83811   0.30719
   3.84937   0.31495
                    
   2.57743  -0.07805
   2.59681  -0.07459
   2.60542  -0.07310
   2.61298  -0.07088
   2.63356  -0.06108
   2.65403  -0.05214
   2.63133  -0.03115
   2.62021  -0.01970
   2.60129  -0.00117
   2.57342  -0.00106
   2.57292  -0.00096
                    
   2.59710  -1.64877
   2.61779  -1.62972
   2.63154  -1.63232
   2.65784  -1.62526
   2.66423  -1.62664
   2.66989  -1.62787
   2.67975  -1.62057
   2.70596  -1.60309
   2.71001  -1.63158
   2.71307  -1.64738
   2.71516  -1.67006
   2.71722  -1.68537
   2.71919  -1.71290
   2.73633  -1.72047
   2.74552  -1.73917
   2.75354  -1.75360
   2.75354  -1.78469
   2.74627  -1.81266
   2.72517  -1.82674
   2.72245  -1.82812
   2.70052  -1.84020
   2.69636  -1.87656
   2.70923  -1.90654
   2.72054  -1.92148
   2.73760  -1.94168
   2.76250  -1.91877
   2.76559  -1.91579
   2.76658  -1.91485
   2.76973  -1.91281
   2.79768  -1.89620
   2.81983  -1.89158
   2.82753  -1.86509
   2.82788  -1.86446
   2.84138  -1.84290
   2.85686  -1.82812
   2.86303  -1.82283
   2.88895  -1.82050
   2.87978  -1.79574
   2.89617  -1.77099
   2.89948  -1.76632
   2.90086  -1.76444
   2.90401  -1.76087
   2.92415  -1.74081
   2.91268  -1.72593
   2.90432  -1.71345
   2.88617  -1.69621
   2.88555  -1.69548
   2.86986  -1.67499
   2.87700  -1.65419
   2.89059  -1.64224
   2.91081  -1.63229
   2.91803  -1.62920
   2.93684  -1.64732
   2.94237  -1.65234
   2.94412  -1.65301
   2.94533  -1.65347
   2.97588  -1.67469
   3.00662  -1.68856
   3.00757  -1.68941
   3.00944  -1.69107
   3.01596  -1.69300
   3.04566  -1.70326
   3.04905  -1.71211
   3.05511  -1.72507
   3.06543  -1.73841
   3.07093  -1.74462
   3.05983  -1.75099
   3.05415  -1.75477
   3.02499  -1.74616
   3.02479  -1.74616
   2.99853  -1.74618
   2.98190  -1.74979
   2.97020  -1.75315
   2.97143  -1.77624
   2.97278  -1.77924
   2.97329  -1.78034
   2.97324  -1.79048
   2.97375  -1.80396
   2.97128  -1.80988
   2.96583  -1.82483
   2.95160  -1.82812
   2.93589  -1.83237
   2.90172  -1.83160
   2.89772  -1.83941
   2.88868  -1.85974
   2.90032  -1.88781
   2.89892  -1.89003
   2.88829  -1.90875
   2.90402  -1.89539
   2.90804  -1.89226
   2.94382  -1.89840
   2.96396  -1.88778
   2.97689  -1.88668
   2.99654  -1.88460
   2.99949  -1.87230
   3.00603  -1.85234
   3.00957  -1.84916
   3.00717  -1.84732
   3.01138  -1.84825
   3.01243  -1.84822
   3.01258  -1.84890
   3.01353  -1.85010
   3.02025  -1.86864
   3.02634  -1.88203
   3.03940  -1.88455
   3.05275  -1.88477
   3.07304  -1.88383
   3.09396  -1.87848
   3.10745  -1.87288
   3.10886  -1.86594
   3.12140  -1.85915
   3.13612  -1.85253
   3.16165  -1.84580
   3.17298  -1.84714
   3.17337  -1.84866
   3.17379  -1.85017
   3.17165  -1.85664
   3.17000  -1.86506
   3.17014  -1.86537
   3.17028  -1.86567
   3.16870  -1.86695
   3.15089  -1.87928
   3.13410  -1.89190
   3.12999  -1.89532
   3.13061  -1.89706
   3.13134  -1.89902
   3.12747  -1.91392
   3.12926  -1.91947
   3.13204  -1.92711
   3.13654  -1.93722
   3.13804  -1.94008
   3.13922  -1.94223
   3.14937  -1.94805
   3.15787  -1.95215
   3.16087  -1.95541
   3.16340  -1.95810
   3.16514  -1.96842
   3.16544  -1.97459
   3.16749  -1.98999
   3.16999  -1.99970
   3.17903  -2.00969
   3.18516  -2.00627
   3.20265  -1.99393
   3.20002  -2.01467
   3.20928  -2.00600
   3.21051  -1.98726
   3.22413  -1.97482
   3.22897  -1.96928
   3.23812  -1.96394
   3.24500  -1.97362
   3.25000  -1.99099
   3.25038  -1.99208
   3.25000  -1.99637
   3.24656  -2.02577
   3.24145  -2.03316
   3.23094  -2.04595
   3.21759  -2.04046
   3.21074  -2.05078
   3.20163  -2.06266
   3.18895  -2.06400
   3.18658  -2.06480
   3.17458  -2.07360
   3.15642  -2.08524
   3.15361  -2.08680
   3.14841  -2.08831
   3.12645  -2.09308
   3.11298  -2.09317
   3.09820  -2.09105
   3.07151  -2.08499
   3.07034  -2.08471
   3.06967  -2.08357
   3.04823  -2.06858
   3.04407  -2.06535
   3.02726  -2.05350
   3.01469  -2.06344
   2.99916  -2.07573
   2.97639  -2.09287
   2.97325  -2.09865
   2.93386  -2.09340
   2.92611  -2.09171
   2.90621  -2.07574
   2.90183  -2.07192
   2.88057  -2.05140
   2.87225  -2.04622
   2.84216  -2.02460
   2.83789  -2.02029
   2.83674  -2.01645
   2.83312  -2.01639
   2.82856  -2.01846
   2.82856  -2.02464
   2.81661  -2.06160
   2.81443  -2.07039
   2.81723  -2.07798
   2.82183  -2.08966
   2.83026  -2.12203
   2.83053  -2.13288
   2.82533  -2.13652
   2.81995  -2.13759
   2.80364  -2.14067
   2.77771  -2.12474
   2.76656  -2.11712
   2.75215  -2.11556
   2.73476  -2.11300
   2.71362  -2.11690
   2.69863  -2.11047
   2.67226  -2.09753
   2.66246  -2.09264
   2.65669  -2.09044
   2.65353  -2.09549
   2.64041  -2.11238
   2.63747  -2.11665
                    
   3.42736  -2.04390
   3.42810  -2.04166
   3.42751  -2.03968
   3.41344  -2.00315
   3.40932  -1.99509
   3.40914  -1.98726
   3.40216  -1.96583
   3.39867  -1.95764
   3.38918  -1.94491
   3.37762  -1.93106
   3.36695  -1.92626
   3.35554  -1.92032
   3.34409  -1.92112
   3.34300  -1.92112
   3.33204  -1.92254
   3.32854  -1.92172
   3.32069  -1.91935
   3.31236  -1.91718
   3.31168  -1.92614
   3.30824  -1.92900
   3.30494  -1.93153
   3.30578  -1.94775
   3.29471  -1.94385
   3.28444  -1.91138
   3.27782  -1.90457
   3.27035  -1.89451
   3.26797  -1.89519
   3.26557  -1.89579
   3.26457  -1.91074
   3.26341  -1.91722
   3.27052  -1.94448
   3.27354  -1.95392
   3.27764  -1.95749
   3.28637  -1.96388
   3.29533  -1.95751
   3.30010  -1.96578
   3.30984  -1.98077
   3.31291  -2.00098
   3.31415  -2.01480
   3.31378  -2.02318
   3.30988  -2.05159
   3.30538  -2.05326
   3.30095  -2.06211
   3.31103  -2.06412
   3.31330  -2.06436
   3.31614  -2.06410
   3.33814  -2.07028
   3.34903  -2.07233
   3.36185  -2.06798
   3.38527  -2.06775
   3.38791  -2.06700
   3.38984  -2.06643
   3.39486  -2.06693
   3.41773  -2.06766
   3.42736  -2.04390
                    
   3.69146  -1.84861
   3.70741  -1.83023
   3.71698  -1.85701
   3.72120  -1.86935
   3.71633  -1.88286
   3.70298  -1.89173
   3.68850  -1.90544
   3.67611  -1.91593
   3.67885  -1.94304
   3.66687  -1.96285
   3.65807  -1.97665
   3.65279  -1.98437
   3.63436  -2.00636
   3.63373  -2.00706
   3.61641  -2.03789
   3.61351  -2.03800
   3.57578  -2.03703
   3.56297  -2.03019
   3.54981  -2.03805
   3.53185  -2.03976
   3.51709  -2.04019
   3.49487  -2.03360
   3.48929  -2.03166
   3.48791  -2.02775
   3.48019  -2.00892
   3.48875  -1.99530
   3.49633  -1.97720
   3.50178  -1.97349
   3.51243  -1.96557
   3.51130  -1.94997
   3.50540  -1.94120
   3.49453  -1.92711
   3.47090  -1.92058
   3.44543  -1.90102
   3.44256  -1.89908
   3.44159  -1.89844
   3.43958  -1.89713
   3.40613  -1.87817
   3.39926  -1.87212
   3.39823  -1.86784
   3.39780  -1.86206
   3.40179  -1.85489
   3.40646  -1.84493
   3.40487  -1.84167
   3.40052  -1.83542
   3.39638  -1.82812
   3.39365  -1.82391
   3.38233  -1.81655
   3.38174  -1.81611
   3.37134  -1.80955
   3.35755  -1.80916
   3.33827  -1.81005
   3.33125  -1.80737
   3.33100  -1.80642
   3.33074  -1.80547
   3.33437  -1.79742
   3.33454  -1.79696
   3.36689  -1.78331
   3.37354  -1.78081
   3.37964  -1.77851
   3.40258  -1.76811
   3.43874  -1.75757
   3.44251  -1.75702
   3.44391  -1.75683
   3.45500  -1.75351
   3.47555  -1.74768
   3.50862  -1.73761
   3.51519  -1.74044
   3.53614  -1.75145
   3.52148  -1.76243
   3.50606  -1.77247
   3.48553  -1.78485
   3.47922  -1.78771
   3.46082  -1.79519
   3.45378  -1.80384
   3.44715  -1.81088
   3.44246  -1.82256
   3.43926  -1.82812
   3.43348  -1.83693
   3.42884  -1.84377
   3.45327  -1.85631
   3.46076  -1.86108
   3.48643  -1.86615
   3.52222  -1.87398
   3.52576  -1.87256
   3.55926  -1.85518
   3.56103  -1.85362
   3.56309  -1.85379
   3.56641  -1.85355
   3.56949  -1.85608
   3.59943  -1.87428
   3.60953  -1.88157
   3.63360  -1.87935
   3.65962  -1.89072
   3.67009  -1.88315
   3.69009  -1.86663
   3.69146  -1.84861
                    
   3.47914  -1.66768
   3.47957  -1.66902
   3.48480  -1.68817
   3.47342  -1.69913
   3.45924  -1.71166
   3.43759  -1.72506
   3.43054  -1.73055
   3.41540  -1.74161
   3.39574  -1.75300
   3.37578  -1.76004
   3.36636  -1.76520
   3.35580  -1.77097
   3.34367  -1.77405
   3.32632  -1.78024
   3.32201  -1.77821
   3.32177  -1.77787
   3.32153  -1.77753
   3.32241  -1.77450
   3.33627  -1.75573
   3.34069  -1.74786
   3.34366  -1.73470
   3.34371  -1.73442
   3.34802  -1.71955
   3.35076  -1.70805
   3.35204  -1.69979
   3.37531  -1.67879
   3.38108  -1.67409
   3.38265  -1.67154
   3.38345  -1.67023
   3.40659  -1.64695
   3.42597  -1.63539
   3.44480  -1.63333
   3.46179  -1.64885
   3.46253  -1.64980
   3.46329  -1.65079
   3.47642  -1.66458
   3.47914  -1.66768
                    
   3.21510  -1.69787
   3.22351  -1.69160
   3.22516  -1.68725
   3.23355  -1.67062
   3.23602  -1.66837
   3.24368  -1.69599
   3.24626  -1.70938
   3.24832  -1.73804
   3.24492  -1.75033
   3.24321  -1.75046
   3.24149  -1.75063
   3.23673  -1.75285
   3.23255  -1.75518
   3.23059  -1.75568
   3.22864  -1.75623
   3.22171  -1.75039
   3.21390  -1.74557
   3.20513  -1.70485
   3.20506  -1.70421
   3.20655  -1.70318
   3.21510  -1.69787
                    
   3.11782  -1.67060
   3.11791  -1.67022
   3.12193  -1.64523
   3.13750  -1.65649
   3.14931  -1.66646
   3.15841  -1.66948
   3.17995  -1.67989
   3.18150  -1.70948
   3.18190  -1.71183
   3.17309  -1.71829
   3.17268  -1.72078
   3.17173  -1.73126
   3.19243  -1.75882
   3.19291  -1.76009
   3.20018  -1.77516
   3.19858  -1.77671
   3.19703  -1.77830
   3.19411  -1.78122
   3.19130  -1.78436
   3.19003  -1.78613
   3.18880  -1.78794
   3.17927  -1.78729
   3.16927  -1.78812
   3.15068  -1.77078
   3.14540  -1.76444
   3.15069  -1.75859
   3.14776  -1.74418
   3.14759  -1.74266
   3.14699  -1.74169
   3.13354  -1.71272
   3.13121  -1.71071
   3.12912  -1.70724
   3.11785  -1.67112
   3.11778  -1.67078
   3.11782  -1.67060
                    
   3.12089  -1.79929
   3.13921  -1.80363
   3.16230  -1.80748
   3.16618  -1.80626
   3.16633  -1.80571
   3.16648  -1.80515
   3.16536  -1.79732
   3.16535  -1.79726
   3.16474  -1.79709
   3.13616  -1.79039
   3.12435  -1.78674
   3.11205  -1.78303
   3.09341  -1.77953
   3.06897  -1.76903
   3.07786  -1.78200
   3.08062  -1.78641
   3.08879  -1.79825
   3.10332  -1.79500
   3.12089  -1.79929
                    
   3.56152  -1.88305
   3.56433  -1.90538
   3.55710  -1.91041
   3.55680  -1.91339
   3.54930  -1.92354
   3.54386  -1.91359
   3.54950  -1.90837
   3.54041  -1.89271
   3.55447  -1.88181
   3.56037  -1.87666
   3.56152  -1.88305
                    
   3.73084  -1.69928
   3.72667  -1.70512
   3.71200  -1.72383
   3.70336  -1.74819
   3.70127  -1.75334
   3.66859  -1.75556
   3.66744  -1.75571
   3.66638  -1.75585
   3.65528  -1.75666
   3.63074  -1.75877
   3.61670  -1.73989
   3.59191  -1.73651
   3.58958  -1.73369
   3.57510  -1.71772
   3.57008  -1.71162
   3.56059  -1.70094
   3.54775  -1.68928
   3.56589  -1.67179
   3.57912  -1.65744
   3.59229  -1.64754
   3.61053  -1.63889
   3.62871  -1.63817
   3.65609  -1.63876
   3.66122  -1.64704
   3.67093  -1.64909
   3.69507  -1.66613
   3.70696  -1.67572
   3.72275  -1.69082
   3.73084  -1.69928
                    
   3.61944  -2.05148
   3.63033  -2.08225
   3.63308  -2.08847
   3.62926  -2.09369
   3.62515  -2.09422
   3.62210  -2.09416
   3.61781  -2.09236
   3.60706  -2.07814
   3.61944  -2.05148
                    
   3.91973  -1.72863
   3.90411  -1.77090
   3.90997  -1.79476
   3.90409  -1.82812
   3.89819  -1.85405
   3.89049  -1.87087
   3.88918  -1.88405
   3.89225  -1.89100
   3.88135  -1.93945
   3.87132  -1.97330
   3.86912  -1.99402
   3.85377  -2.01996
   3.84298  -2.04395
   3.83488  -2.06036
   3.82230  -2.06519
   3.78417  -2.07721
   3.78361  -2.07714
   3.78349  -2.07715
   3.78336  -2.07710
   3.78296  -2.07665
   3.76583  -2.04014
   3.75974  -2.02910
   3.76556  -2.01577
   3.77031  -2.00410
   3.77219  -1.96805
   3.78652  -1.93790
   3.79006  -1.92335
   3.79279  -1.91073
   3.80405  -1.89187
   3.81195  -1.87729
   3.81943  -1.84708
   3.82153  -1.82812
   3.82335  -1.80228
   3.82523  -1.77780
   3.82051  -1.75571
   3.82781  -1.72624
   3.82891  -1.72096
   3.83620  -1.69329
   3.82916  -1.67294
   3.82407  -1.65597
   3.81230  -1.65365
   3.77795  -1.63597
   3.77473  -1.63452
   3.76994  -1.62638
   3.74962  -1.59515
   3.75185  -1.58486
   3.75588  -1.56172
   3.76418  -1.54134
   3.78644  -1.53638
   3.79730  -1.53797
   3.82335  -1.54291
   3.83273  -1.54307
   3.83828  -1.53795
   3.86253  -1.53960
                    
   2.58080  -1.72508
   2.58528  -1.76997
   2.59990  -1.77782
   2.60349  -1.77469
   2.61358  -1.79451
   2.63079  -1.81085
   2.63719  -1.81651
   2.63348  -1.82812
   2.63245  -1.83153
   2.63944  -1.88154
   2.63493  -1.90170
   2.63085  -1.92409
   2.62138  -1.93897
   2.61335  -1.95266
   2.59752  -1.94318
   2.58601  -1.93573
   2.58027  -1.92762
                    
   3.91920  -1.93117
   3.91542  -1.94071
   3.91594  -1.94555
   3.91607  -1.94673
   3.90159  -2.00272
   3.90290  -2.00748
                    
   3.04793  -3.71039
   3.04814  -3.69321
   3.04821  -3.69197
   3.04874  -3.69174
   3.08743  -3.67752
   3.10639  -3.68157
   3.11384  -3.68252
   3.12006  -3.68106
   3.12517  -3.67989
   3.16182  -3.67476
   3.23462  -3.65900
   3.23491  -3.66029
   3.23531  -3.66156
   3.23277  -3.66252
   3.22724  -3.66468
   3.22801  -3.66651
   3.22891  -3.66826
   3.23286  -3.66615
   3.23503  -3.66495
   3.23582  -3.66618
   3.23671  -3.66734
   3.17867  -3.71129
   3.15561  -3.73108
   3.14304  -3.73409
   3.13761  -3.73495
   3.14016  -3.72997
   3.14656  -3.71960
   3.14737  -3.71550
   3.14911  -3.70895
   3.15454  -3.70076
   3.12599  -3.70232
   3.12475  -3.70224
   3.12238  -3.70270
   3.09396  -3.70659
   3.06581  -3.71812
   3.05271  -3.71275
   3.04793  -3.71039
                    
   2.60977  -3.43592
   2.61524  -3.43903
   2.63461  -3.45101
   2.65419  -3.45678
   2.66214  -3.46093
   2.67181  -3.46588
   2.69103  -3.47139
   2.71058  -3.47753
   2.72086  -3.48005
   2.73028  -3.48239
   2.75237  -3.48949
   2.77079  -3.49890
   2.78172  -3.50441
   2.79602  -3.51140
   2.81350  -3.51949
   2.82923  -3.52386
   2.84492  -3.53210
   2.86834  -3.54362
   2.87894  -3.54631
   2.90646  -3.54064
   2.90270  -3.56319
   2.90802  -3.57094
   2.91971  -3.58606
   2.94173  -3.59578
   2.97151  -3.60444
   2.97534  -3.60546
   2.97843  -3.60627
   3.00378  -3.61283
   3.01405  -3.61533
   3.01515  -3.61484
   3.03257  -3.60824
   3.03234  -3.59793
   3.05655  -3.58775
   3.05828  -3.58720
   3.09516  -3.60233
   3.10525  -3.60357
   3.11967  -3.60604
   3.12757  -3.60614
   3.14723  -3.60833
   3.13813  -3.59302
   3.13785  -3.59150
   3.13770  -3.59060
   3.13623  -3.58874
   3.12261  -3.56705
   3.14611  -3.57435
   3.15248  -3.57704
   3.17926  -3.60045
   3.23824  -3.64643
   3.23745  -3.64746
   3.23675  -3.64856
   3.23534  -3.64779
   3.23314  -3.64660
   3.23240  -3.64804
   3.23177  -3.64954
   3.23627  -3.65125
   3.23818  -3.65196
   3.23786  -3.65300
   3.23762  -3.65405
   3.16133  -3.64027
   3.15093  -3.63878
   3.12419  -3.63557
   3.11926  -3.63605
   3.08929  -3.64219
   3.08887  -3.64329
   3.08617  -3.64985
   3.06227  -3.65625
   3.05247  -3.65974
   3.04492  -3.66379
   3.02661  -3.67579
   3.04496  -3.69103
   3.01188  -3.68164
   2.99808  -3.68581
   2.97295  -3.69172
   2.95693  -3.69594
   2.94008  -3.70759
   2.93474  -3.71184
   2.91879  -3.72600
   2.92202  -3.74413
   2.93731  -3.74889
   2.94871  -3.74516
   2.96537  -3.74522
   2.98457  -3.74321
   2.99549  -3.74173
   3.01818  -3.74063
   3.02562  -3.73992
   3.04708  -3.73769
   3.04566  -3.75154
   3.06380  -3.75929
   3.06839  -3.76110
   3.07031  -3.76181
   3.07451  -3.76263
   3.09494  -3.76483
   3.09803  -3.77748
   3.11923  -3.76598
   3.12509  -3.76245
   3.14137  -3.75440
   3.14201  -3.76424
   3.14572  -3.76772
   3.15419  -3.77043
   3.16002  -3.77191
   3.16599  -3.77623
   3.16907  -3.78251
   3.17047  -3.79401
   3.17175  -3.80033
   3.16746  -3.81814
   3.16440  -3.83982
   3.17927  -3.84258
   3.18698  -3.82940
   3.19652  -3.81124
   3.20594  -3.80502
   3.21299  -3.79436
   3.22064  -3.78524
   3.22603  -3.77752
   3.23202  -3.74454
   3.24571  -3.68056
   3.24766  -3.66961
   3.24882  -3.66976
   3.24998  -3.66981
   3.25000  -3.67007
   3.25002  -3.67034
   3.25123  -3.67029
   3.25242  -3.67013
   3.25325  -3.67470
   3.27305  -3.74335
   3.27367  -3.74661
   3.27467  -3.74834
   3.28696  -3.78327
   3.29449  -3.80145
   3.30507  -3.81068
   3.31632  -3.84521
   3.31534  -3.85079
   3.30867  -3.87519
   3.29000  -3.85753
   3.28683  -3.85392
   3.28223  -3.83904
   3.27649  -3.81805
   3.26934  -3.80432
   3.26324  -3.80759
   3.25847  -3.80916
   3.25000  -3.81199
   3.23845  -3.81493
   3.23608  -3.81530
   3.23218  -3.80958
   3.22938  -3.81891
   3.22624  -3.83952
   3.23345  -3.84540
   3.23988  -3.86122
   3.24493  -3.87121
   3.25000  -3.88939
   3.25208  -3.89571
   3.25000  -3.89640
   3.23177  -3.90141
   3.22850  -3.90196
   3.22453  -3.90216
   3.20780  -3.89559
   3.19442  -3.88918
   3.19595  -3.88005
   3.18987  -3.88064
   3.18464  -3.87609
   3.18527  -3.88681
   3.16251  -3.89663
   3.15094  -3.90028
   3.13538  -3.91096
   3.12961  -3.91442
   3.11299  -3.92132
   3.09930  -3.91727
   3.08042  -3.91042
   3.07283  -3.90927
   3.06923  -3.90440
   3.06347  -3.90901
   3.03425  -3.91337
   3.02367  -3.91403
   3.01424  -3.91825
   2.98240  -3.92991
   2.97739  -3.93095
   2.97625  -3.93141
   2.97414  -3.93211
   2.93602  -3.92960
   2.92600  -3.92812
   2.92548  -3.92803
   2.92487  -3.92791
   2.88039  -3.91506
   2.87612  -3.90922
   2.86891  -3.90923
   2.86256  -3.91545
   2.84108  -3.93033
   2.82019  -3.94489
   2.81504  -3.94994
   2.80136  -3.95048
   2.77363  -3.94626
   2.76657  -3.94486
   2.74478  -3.94794
   2.73897  -3.94861
   2.71347  -3.95531
   2.70782  -3.95586
   2.69860  -3.95662
   2.67687  -3.96014
   2.66191  -3.96397
   2.64950  -3.96905
                    
   3.89023  -3.87658
   3.88503  -3.87581
   3.86124  -3.87353
   3.84882  -3.87420
   3.83309  -3.87469
   3.82916  -3.87603
   3.81861  -3.87942
   3.79363  -3.88229
   3.78067  -3.88135
   3.75875  -3.88475
   3.74362  -3.88643
   3.72646  -3.88208
   3.72380  -3.88198
   3.72037  -3.88111
   3.69531  -3.86609
   3.67605  -3.85492
   3.66743  -3.84834
   3.66587  -3.84672
   3.66333  -3.84482
   3.64304  -3.83953
   3.63345  -3.83644
   3.60344  -3.82617
   3.59811  -3.85723
   3.59406  -3.87388
   3.57824  -3.88609
   3.56910  -3.88746
   3.56018  -3.88769
   3.54133  -3.88179
   3.53568  -3.86269
   3.53262  -3.85414
   3.52675  -3.83598
   3.51222  -3.82923
   3.50458  -3.82711
   3.49936  -3.83086
   3.48589  -3.83720
   3.49544  -3.85232
   3.49787  -3.86424
   3.50032  -3.88214
   3.48313  -3.88938
   3.47382  -3.88817
   3.46276  -3.88737
   3.43383  -3.87533
   3.42988  -3.87336
   3.41411  -3.89062
   3.39905  -3.89247
   3.38989  -3.89309
   3.38569  -3.89127
   3.35270  -3.87258
   3.35183  -3.86856
   3.34196  -3.83971
   3.33410  -3.81954
   3.32828  -3.80032
   3.32976  -3.79439
   3.33166  -3.78301
   3.33518  -3.77790
   3.34052  -3.77382
   3.34609  -3.77077
   3.35243  -3.76690
   3.35652  -3.76277
   3.35656  -3.75035
   3.36262  -3.75075
   3.38139  -3.74983
   3.35486  -3.73690
   3.34406  -3.73064
   3.32205  -3.71034
   3.26518  -3.66889
   3.26618  -3.66758
   3.26707  -3.66619
   3.27048  -3.66808
   3.27833  -3.67219
   3.27946  -3.66999
   3.28042  -3.66770
   3.26509  -3.66174
   3.26205  -3.66062
   3.26238  -3.65957
   3.26262  -3.65849
   3.33858  -3.67271
   3.36637  -3.67677
   3.37848  -3.67828
   3.38048  -3.67804
   3.41256  -3.67047
   3.41261  -3.67010
   3.41367  -3.66601
   3.44001  -3.66275
   3.45512  -3.66267
   3.46704  -3.66251
   3.47051  -3.65625
   3.47626  -3.64428
   3.48387  -3.63579
   3.45287  -3.62529
   3.44726  -3.62398
   3.41297  -3.63832
   3.38826  -3.63462
   3.38036  -3.63372
   3.37958  -3.63365
   3.37642  -3.63396
   3.33842  -3.63894
   3.26392  -3.65377
   3.26366  -3.65259
   3.26330  -3.65144
   3.26456  -3.65095
   3.26649  -3.65019
   3.26592  -3.64883
   3.26524  -3.64751
   3.26354  -3.64843
   3.26240  -3.64906
   3.26174  -3.64803
   3.26099  -3.64706
   3.31990  -3.59940
   3.34726  -3.57741
   3.35513  -3.57595
   3.36617  -3.57491
   3.36272  -3.58700
   3.36125  -3.59085
   3.36112  -3.59209
   3.36090  -3.59404
   3.35591  -3.60687
   3.37273  -3.60687
   3.37867  -3.60747
   3.38886  -3.60571
   3.40533  -3.60376
   3.43468  -3.59393
   3.44708  -3.59902
   3.45288  -3.60189
   3.45312  -3.61987
   3.45430  -3.62023
   3.48850  -3.63476
   3.48966  -3.63472
   3.49306  -3.63498
   3.49580  -3.63829
   3.50158  -3.65625
   3.50495  -3.67007
   3.51480  -3.67942
   3.49438  -3.68073
   3.48835  -3.67944
   3.45885  -3.69308
   3.45534  -3.69427
   3.45325  -3.71071
   3.44649  -3.71547
   3.43737  -3.72105
   3.40585  -3.70716
   3.38340  -3.70480
   3.37714  -3.70376
   3.37353  -3.70359
   3.33934  -3.69791
   3.34661  -3.70533
   3.35049  -3.71427
   3.35213  -3.71922
   3.36166  -3.72718
   3.38286  -3.74769
   3.38455  -3.74994
   3.42328  -3.75629
   3.42602  -3.75640
   3.42976  -3.75524
   3.44734  -3.74827
   3.44766  -3.73159
   3.46203  -3.73342
   3.47629  -3.73460
   3.50228  -3.73912
   3.51609  -3.74118
   3.53864  -3.74376
   3.55144  -3.74467
   3.56418  -3.75085
   3.58108  -3.74496
   3.59514  -3.72773
   3.60002  -3.72104
   3.61012  -3.71975
   3.63236  -3.71602
   3.65670  -3.71491
   3.66912  -3.71824
   3.67871  -3.72090
   3.70281  -3.72102
   3.72309  -3.72142
   3.73739  -3.72546
   3.74852  -3.72873
   3.76967  -3.72968
   3.78976  -3.73261
   3.80233  -3.73350
   3.81582  -3.73438
   3.83320  -3.73689
   3.85207  -3.74233
   3.86295  -3.74576
   3.87183  -3.74865
   3.89118  -3.75480
   3.91309  -3.76079
   3.91885  -3.76150
                    
   3.22595  -3.52397
   3.22555  -3.52624
   3.22377  -3.55837
   3.22500  -3.56548
   3.22612  -3.56937
   3.23660  -3.61728
   3.23933  -3.61645
   3.24212  -3.61580
   3.24733  -3.64111
   3.24791  -3.64431
   3.24894  -3.64417
   3.24999  -3.64413
   3.25000  -3.64389
   3.25002  -3.64363
   3.25110  -3.64368
   3.25218  -3.64382
   3.25396  -3.63377
   3.26792  -3.56795
   3.26995  -3.54311
   3.27020  -3.53144
   3.26659  -3.52501
   3.26207  -3.51829
   3.25269  -3.51639
   3.25000  -3.51612
   3.24711  -3.51589
   3.23765  -3.51509
   3.22725  -3.52443
   3.22672  -3.52424
   3.22595  -3.52397
                    
   3.38335  -3.46581
   3.37565  -3.49400
   3.37199  -3.50388
   3.37181  -3.51108
   3.36825  -3.53580
   3.36709  -3.53916
   3.36840  -3.53903
   3.36687  -3.54126
   3.36486  -3.54342
   3.36517  -3.54108
   3.36474  -3.54072
   3.34905  -3.53821
   3.34076  -3.53777
   3.33542  -3.53426
   3.33383  -3.52804
   3.33474  -3.51589
   3.35029  -3.49696
   3.36237  -3.48453
   3.38335  -3.46581
                    
   3.11913  -3.46935
   3.13663  -3.48519
   3.15010  -3.49907
   3.16510  -3.51599
   3.16629  -3.52812
   3.16421  -3.53372
   3.15913  -3.53736
   3.15216  -3.53965
   3.14266  -3.54349
   3.13988  -3.54613
   3.14167  -3.55872
   3.13055  -3.55602
   3.12138  -3.55457
   3.11585  -3.54369
   3.11023  -3.52971
   3.12444  -3.53069
   3.12306  -3.51537
   3.12518  -3.50749
   3.12656  -3.50312
   3.12399  -3.49427
   3.11913  -3.46935
                    
   2.95033  -3.56202
   2.96911  -3.56598
   2.98433  -3.57003
   2.99810  -3.57381
   3.02300  -3.57998
   3.04802  -3.58273
   3.05502  -3.58383
   3.04874  -3.56240
   3.06462  -3.55324
   3.06667  -3.55040
   3.06853  -3.54791
   3.07548  -3.54828
   3.10140  -3.55220
   3.08721  -3.53130
   3.08199  -3.52195
   3.06045  -3.50991
   3.04631  -3.50404
   3.03538  -3.50597
   3.00932  -3.51451
   3.00746  -3.51528
   3.00468  -3.51461
   2.97269  -3.50865
   2.95471  -3.50386
   2.93399  -3.50889
   2.92229  -3.53443
   2.92571  -3.53822
   2.95033  -3.56202
                    
   3.09218  -3.82281
   3.08500  -3.82980
   3.07589  -3.84131
   3.06623  -3.84002
   3.06356  -3.83072
   3.07428  -3.81894
   3.08725  -3.80198
   3.10182  -3.80443
   3.09218  -3.82281
                    
   3.45251  -3.85876
   3.43884  -3.86205
   3.42871  -3.86389
   3.41210  -3.83252
   3.40190  -3.82106
   3.39534  -3.80159
   3.41272  -3.80190
   3.42817  -3.81625
   3.45167  -3.83399
   3.45254  -3.84859
   3.45251  -3.85876
                    
   3.50855  -3.51823
   3.53033  -3.51448
   3.54284  -3.50882
   3.55655  -3.51330
   3.55778  -3.52832
   3.54140  -3.53890
   3.52411  -3.54334
   3.50671  -3.54619
   3.46819  -3.55507
   3.46720  -3.55540
   3.46665  -3.55566
   3.46679  -3.55516
   3.46652  -3.55497
   3.45081  -3.54031
   3.44030  -3.53208
   3.42900  -3.53091
   3.43216  -3.51985
   3.44262  -3.51397
   3.45115  -3.50940
   3.45853  -3.51023
   3.47465  -3.51628
   3.47357  -3.52717
   3.46810  -3.55372
   3.49827  -3.52829
   3.50855  -3.51823
                    
   2.58299  -3.77260
   2.58356  -3.77251
   2.61075  -3.76665
   2.63584  -3.75866
   2.63884  -3.75727
   2.64293  -3.75541
   2.66836  -3.74744
   2.68985  -3.74103
   2.69842  -3.73866
   2.70863  -3.73590
   2.73039  -3.73010
   2.74953  -3.72678
   2.76192  -3.72041
   2.78448  -3.70980
   2.79553  -3.70808
   2.80575  -3.70733
   2.82800  -3.69395
   2.82968  -3.69302
   2.82777  -3.69127
   2.81066  -3.67411
   2.79633  -3.65625
   2.79261  -3.65116
   2.77912  -3.63141
   2.76595  -3.61390
   2.75994  -3.60960
   2.74089  -3.59478
   2.72902  -3.59281
   2.71443  -3.58809
   2.69730  -3.58167
   2.68522  -3.57688
   2.66756  -3.57030
   2.64614  -3.56561
   2.63794  -3.56080
   2.63282  -3.55771
   2.60960  -3.55274
   2.58703  -3.55212
   2.58115  -3.55100
                    
   3.91701  -3.53990
   3.91643  -3.54001
   3.88887  -3.54365
   3.86111  -3.55001
   3.86034  -3.55038
   3.85928  -3.55090
   3.83043  -3.55767
   3.80209  -3.56248
   3.79983  -3.56289
   3.79754  -3.56330
   3.76743  -3.56841
   3.75442  -3.56731
   3.73718  -3.56622
   3.73368  -3.56463
   3.72159  -3.55947
   3.69610  -3.55511
   3.68332  -3.55542
   3.66724  -3.54445
   3.67642  -3.52738
   3.68163  -3.50484
   3.68249  -3.49884
   3.68507  -3.47240
   3.68376  -3.45398
   3.69369  -3.44300
   3.70865  -3.42502
   3.71687  -3.41650
   3.72972  -3.41076
   3.74438  -3.39813
   3.75450  -3.38904
   3.77064  -3.38138
   3.78618  -3.37352
   3.79932  -3.36994
   3.81593  -3.36571
   3.82725  -3.36025
   3.83816  -3.35139
   3.85050  -3.34345
                    
