   0.19343   0.53076
   0.19320   0.53083
   0.14567   0.54367
   0.10213   0.55077
   0.09718   0.55113
   0.09098   0.55150
   0.04847   0.55396
   0.01225   0.55276
  -0.00000   0.55121
  -0.01609   0.54873
  -0.04757   0.54375
  -0.07214   0.53759
  -0.09347   0.53009
  -0.12325   0.51778
  -0.13716   0.51188
  -0.14711   0.50704
  -0.17785   0.48863
  -0.19237   0.47881
  -0.21427   0.46630
  -0.21672   0.46477
  -0.21986   0.46283
  -0.25390   0.43977
  -0.27944   0.41958
  -0.28834   0.41179
  -0.29922   0.40222
  -0.32045   0.38189
  -0.33709   0.36412
  -0.34952   0.34952
  -0.36376   0.33214
  -0.37614   0.31562
  -0.38628   0.30091
  -0.39952   0.27974
  -0.41354   0.25530
  -0.42011   0.24255
  -0.42565   0.23103
  -0.43727   0.20390
  -0.44861   0.17366
  -0.45162   0.16438
  -0.45423   0.15577
  -0.46242   0.12390
  -0.46929   0.08966
  -0.47033   0.08293
  -0.47123   0.07651
  -0.47462   0.04152
  -0.47607   0.00532
  -0.47606   0.00000
  -0.47600  -0.00526
  -0.47388  -0.04146
  -0.46946  -0.07761
  -0.46866  -0.08264
  -0.46779  -0.08775
  -0.45987  -0.12322
  -0.44956  -0.15767
  -0.44775  -0.16297
  -0.44583  -0.16837
  -0.43220  -0.20154
  -0.41694  -0.23301
  -0.41381  -0.23891
  -0.41042  -0.24509
  -0.39220  -0.27462
  -0.37352  -0.30173
  -0.36821  -0.30897
  -0.36219  -0.31685
  -0.34123  -0.34123
  -0.32072  -0.36265
  -0.31172  -0.37149
  -0.30130  -0.38117
  -0.27954  -0.39922
  -0.25894  -0.41457
  -0.24495  -0.42426
  -0.22874  -0.43461
  -0.20812  -0.44632
  -0.18918  -0.45609
  -0.16933  -0.46523
  -0.14657  -0.47444
  -0.12882  -0.48075
  -0.11274  -0.48578
  -0.08683  -0.49246
  -0.05782  -0.49820
  -0.04378  -0.50045
  -0.03117  -0.50214
  -0.00000  -0.50458
   0.03439  -0.50503
   0.04417  -0.50482
   0.05289  -0.50451
   0.08837  -0.50116
   0.12695  -0.49462
   0.13225  -0.49355
   0.13700  -0.49249
   0.17513  -0.48116
   0.21393  -0.46618
   0.21683  -0.46499
   0.21948  -0.46386
   0.25660  -0.44445
   0.29208  -0.42203
   0.29444  -0.42050
   0.29663  -0.41907
   0.32977  -0.39300
   0.36007  -0.36490
   0.36257  -0.36257
   0.36490  -0.36045
   0.39302  -0.32979
   0.41875  -0.29669
   0.42050  -0.29444
   0.42210  -0.29247
   0.44582  -0.25740
   0.46582  -0.22199
   0.46781  -0.21841
   0.46792  -0.21819
   0.46805  -0.21796
   0.49024  -0.17843
   0.50567  -0.14487
   0.50872  -0.13631
   0.51236  -0.12629
   0.52446  -0.09248
   0.53226  -0.06552
   0.53585  -0.04688
   0.53951  -0.02446
   0.54333  -0.00000
   0.54550   0.01908
   0.54621   0.04779
   0.54484   0.08166
   0.54397   0.09592
   0.54297   0.10755
   0.53724   0.14395
   0.52711   0.18490
   0.52530   0.19119
   0.52365   0.19670
   0.50915   0.23742
   0.48882   0.28081
   0.48825   0.28189
   0.48770   0.28290
   0.47486   0.30598
   0.46348   0.32453
   0.43575   0.36276
   0.43441   0.36451
   0.43293   0.36644
   0.40193   0.40193
   0.36834   0.43303
   0.36548   0.43556
   0.36245   0.43820
   0.32623   0.46590
   0.28652   0.49018
   0.28390   0.49173
   0.28122   0.49330
   0.23953   0.51367
   0.19343   0.53076
                    
  -0.68475  -1.84917
  -0.68142  -1.85261
  -0.66105  -1.87969
  -0.65912  -1.88443
  -0.64700  -1.91228
  -0.64541  -1.92211
  -0.63973  -1.95100
  -0.63194  -1.97181
  -0.62546  -1.97957
  -0.61108  -2.00961
  -0.60973  -2.01185
  -0.59028  -2.04217
  -0.58553  -2.05430
  -0.57300  -2.05578
  -0.53837  -2.06202
  -0.53531  -2.06267
  -0.50163  -2.06799
  -0.48732  -2.07077
  -0.44848  -2.07649
  -0.43655  -2.07898
  -0.43236  -2.07992
  -0.42386  -2.08184
  -0.38416  -2.09299
  -0.36392  -2.10334
  -0.33990  -2.11297
  -0.31083  -2.12667
  -0.29793  -2.13146
  -0.28941  -2.13471
  -0.28131  -2.14305
  -0.26111  -2.17196
  -0.24785  -2.18965
  -0.23104  -2.20995
  -0.22879  -2.21478
  -0.22167  -2.25150
  -0.21927  -2.25938
  -0.21899  -2.27345
  -0.21802  -2.28484
  -0.21577  -2.30321
  -0.21796  -2.31166
  -0.22025  -2.32247
  -0.21856  -2.33558
  -0.21806  -2.34314
  -0.22080  -2.35714
  -0.22281  -2.37316
  -0.22203  -2.37801
  -0.22234  -2.38157
  -0.22504  -2.39782
  -0.22659  -2.41468
  -0.22639  -2.41769
  -0.22759  -2.42075
  -0.23142  -2.43750
  -0.23372  -2.45260
  -0.23495  -2.45806
  -0.23960  -2.46663
  -0.24310  -2.48036
  -0.24506  -2.49056
  -0.25135  -2.50485
  -0.25938  -2.52463
  -0.26134  -2.53062
  -0.26297  -2.53321
  -0.26997  -2.54538
  -0.27814  -2.56720
  -0.27966  -2.57366
  -0.28449  -2.58247
  -0.30607  -2.61421
  -0.31162  -2.62414
  -0.31838  -2.63071
  -0.33199  -2.64467
  -0.34920  -2.66879
  -0.36430  -2.67741
  -0.39560  -2.69117
  -0.41530  -2.69915
  -0.43755  -2.71103
  -0.47120  -2.72483
  -0.48377  -2.72918
  -0.49190  -2.73189
  -0.52693  -2.74461
  -0.55462  -2.77100
  -0.56172  -2.77706
  -0.57076  -2.78488
  -0.59361  -2.80806
  -0.59336  -2.83167
  -0.59721  -2.85567
  -0.59885  -2.87833
  -0.59955  -2.90555
  -0.60774  -2.93436
  -0.61136  -2.95049
  -0.61589  -2.97460
  -0.62039  -2.98275
  -0.62695  -2.99501
  -0.63533  -3.02444
  -0.64768  -3.03637
  -0.66277  -3.05048
                    
   0.68475  -3.02583
   0.68050  -3.02280
   0.65159  -3.00633
   0.63206  -2.97168
   0.63103  -2.97040
   0.63019  -2.96937
   0.62746  -2.96400
   0.60991  -2.93169
   0.59948  -2.90558
   0.59647  -2.88154
   0.59109  -2.85139
   0.58561  -2.83455
   0.58472  -2.82193
   0.57201  -2.79956
   0.55853  -2.78228
   0.55050  -2.77249
   0.53695  -2.74751
   0.53100  -2.73752
   0.49548  -2.71804
   0.49176  -2.71550
   0.48736  -2.71249
   0.44913  -2.69156
   0.42984  -2.68567
   0.40916  -2.67875
   0.40406  -2.67747
   0.39344  -2.67466
   0.35455  -2.66051
   0.32914  -2.63786
   0.31831  -2.63082
   0.30804  -2.62419
   0.28150  -2.60002
   0.27704  -2.59624
   0.26193  -2.57486
   0.25297  -2.55546
   0.24960  -2.54961
   0.23798  -2.53225
   0.23517  -2.52309
   0.22834  -2.50586
   0.22198  -2.49698
   0.21989  -2.49361
   0.21485  -2.47790
   0.21421  -2.47527
   0.20951  -2.45960
   0.20883  -2.45577
   0.20878  -2.45136
   0.20740  -2.43750
   0.20541  -2.42542
   0.20446  -2.41961
   0.20455  -2.41378
   0.20539  -2.40128
   0.20532  -2.38589
   0.20488  -2.38260
   0.20478  -2.37973
   0.20608  -2.36455
   0.20649  -2.36234
   0.20876  -2.34386
   0.21087  -2.33917
   0.21651  -2.32671
   0.21878  -2.31119
   0.21945  -2.30263
   0.22773  -2.28581
   0.23211  -2.27497
   0.23780  -2.25624
   0.24867  -2.23722
   0.28249  -2.20696
   0.28755  -2.20084
   0.29018  -2.19759
   0.32166  -2.16922
   0.35534  -2.15800
   0.37337  -2.15211
   0.41831  -2.14073
   0.42171  -2.14014
   0.42311  -2.13980
   0.42652  -2.13884
   0.47100  -2.12561
   0.49607  -2.11971
   0.51752  -2.11479
   0.53416  -2.09703
   0.55204  -2.08242
   0.57262  -2.06512
   0.58423  -2.05233
   0.58373  -2.03977
   0.58623  -2.02702
   0.59086  -1.98602
   0.59192  -1.96674
   0.60303  -1.93494
   0.60436  -1.93038
   0.61240  -1.89919
   0.61813  -1.88969
   0.62602  -1.87617
   0.63468  -1.84986
   0.64745  -1.83855
   0.66277  -1.82452
                    
   2.39510   0.51666
   2.36271   0.52504
   2.35822   0.52630
   2.35291   0.52773
   2.31012   0.53539
   2.27887   0.53595
   2.26105   0.53529
   2.23308   0.53299
   2.21308   0.53046
   2.20097   0.52786
   2.16903   0.51600
   2.16667   0.51547
   2.13129   0.50590
   2.12265   0.50311
   2.10789   0.49695
   2.08121   0.48463
   2.06671   0.47700
   2.04287   0.46201
   2.02162   0.44701
   2.01096   0.43868
   2.00800   0.43593
   2.00189   0.43005
   1.97754   0.40558
   1.96473   0.39312
   1.95081   0.37387
   1.93587   0.34953
   1.92881   0.34245
   1.92769   0.34130
   1.92617   0.33983
   1.90221   0.31517
   1.88499   0.29450
   1.87957   0.28710
   1.87273   0.27789
   1.85885   0.25829
   1.84819   0.24129
   1.84112   0.22795
   1.83292   0.21163
   1.82580   0.19680
   1.82017   0.18377
   1.81360   0.16464
   1.80700   0.14128
   1.80456   0.13180
   1.80267   0.12365
   1.79873   0.09859
   1.79555   0.06888
   1.79527   0.06549
   1.79505   0.06252
   1.79492   0.03252
   1.79490   0.02204
   1.79578   0.00100
   1.79586   0.00000
   1.79596  -0.00112
   1.79968  -0.03211
   1.80373  -0.06112
   1.80428  -0.06390
   1.80486  -0.06675
   1.81162  -0.09513
   1.81946  -0.12373
   1.82025  -0.12609
   1.82102  -0.12836
   1.83156  -0.15626
   1.84434  -0.18582
   1.84444  -0.18604
   1.84454  -0.18623
   1.84657  -0.19035
   1.85999  -0.21474
   1.87558  -0.24000
   1.87748  -0.24265
   1.87961  -0.24556
   1.89761  -0.26905
   1.91394  -0.28892
   1.91943  -0.29464
   1.92589  -0.30108
   1.94381  -0.31828
   1.95903  -0.33218
   1.96990  -0.34081
   1.98355  -0.35080
   1.99833  -0.36100
   2.01034  -0.36886
   2.02859  -0.37937
   2.05248  -0.39124
   2.06082  -0.39501
   2.06751  -0.39779
   2.09481  -0.40751
   2.12991  -0.41690
   2.13019  -0.41696
   2.13041  -0.41701
   2.13321  -0.41752
   2.16667  -0.42864
   2.19257  -0.43501
   2.20483  -0.43622
   2.21936  -0.43575
   2.24341  -0.43522
   2.26340  -0.43375
   2.28200  -0.43042
   2.30189  -0.42550
   2.31990  -0.42101
   2.33560  -0.41644
   2.35697  -0.40810
   2.38191  -0.39922
   2.39436  -0.39437
   2.40426  -0.39021
   2.43067  -0.37704
   2.46618  -0.35955
   2.46768  -0.35873
   2.46875  -0.35814
   2.47528  -0.35442
   2.50335  -0.33668
   2.52911  -0.31900
   2.53842  -0.31194
   2.55195  -0.30099
   2.57156  -0.28351
   2.58430  -0.27084
   2.60210  -0.25140
   2.62635  -0.22098
   2.62993  -0.21602
   2.63230  -0.21244
   2.64800  -0.18597
   2.65381  -0.17731
   2.67284  -0.14568
   2.67701  -0.13675
   2.68321  -0.12395
   2.69601  -0.09334
   2.70375  -0.07150
   2.71130  -0.04765
   2.72079  -0.01093
   2.72281  -0.00000
   2.72409   0.00768
   2.72986   0.04390
   2.73051   0.04933
   2.72943   0.09323
   2.72919   0.09919
   2.72877   0.10709
   2.72368   0.14925
   2.71239   0.18539
   2.70819   0.19710
   2.70381   0.20856
   2.68861   0.24339
   2.66878   0.27840
   2.66353   0.28686
   2.65859   0.29453
   2.63483   0.32781
   2.60887   0.36192
   2.60442   0.36732
   2.59988   0.37270
   2.57069   0.40402
   2.53983   0.43323
   2.53408   0.43787
   2.52859   0.44218
   2.49464   0.46839
   2.45560   0.49072
   2.45114   0.49272
   2.44759   0.49427
   2.40604   0.51334
   2.39510   0.51666
                    
   2.11418  -2.54556
   2.10777  -2.53951
   2.10132  -2.53226
   2.10064  -2.53179
   2.09997  -2.53131
   2.09284  -2.52548
   2.08628  -2.51917
   2.08563  -2.51853
   2.08500  -2.51789
   2.07628  -2.51334
   2.07079  -2.50988
   2.06166  -2.52561
   2.05600  -2.53912
   2.05607  -2.54810
   2.06142  -2.55490
   2.06572  -2.55780
   2.07039  -2.56071
   2.07618  -2.56673
   2.08453  -2.56791
   2.09510  -2.56146
   2.11418  -2.54556
                    
   2.31607  -2.53125
   2.31356  -2.52436
   2.30843  -2.51935
   2.27387  -2.49172
   2.26860  -2.49635
   2.26074  -2.50218
   2.26019  -2.50298
   2.25962  -2.50378
   2.25167  -2.50883
   2.24432  -2.51259
   2.24305  -2.51388
   2.24176  -2.51516
   2.23632  -2.52051
   2.23043  -2.52554
   2.22902  -2.52655
   2.22759  -2.52753
   2.22222  -2.53371
   2.21565  -2.54006
   2.21470  -2.54051
   2.21375  -2.54095
   2.20625  -2.54627
   2.19755  -2.55134
   2.19720  -2.55143
   2.19684  -2.55153
   2.18732  -2.55462
   2.17716  -2.55696
   2.17708  -2.55697
   2.17712  -2.55696
   2.17538  -2.55732
   2.17688  -2.56089
   2.17754  -2.56174
   2.17844  -2.56234
   2.19112  -2.57620
   2.19935  -2.58292
   2.20588  -2.58386
   2.22057  -2.59457
   2.22511  -2.59806
   2.22682  -2.59930
   2.23262  -2.60109
   2.24422  -2.60380
   2.25768  -2.60706
   2.26360  -2.60540
   2.27072  -2.60311
   2.28193  -2.60211
   2.28840  -2.59821
   2.29654  -2.59228
   2.30469  -2.58568
   2.31028  -2.58111
   2.31285  -2.57114
   2.31775  -2.56427
   2.32198  -2.55779
   2.31975  -2.54469
   2.31607  -2.53125
                    
   1.87939  -2.41237
   1.88086  -2.39524
   1.88108  -2.38714
   1.88164  -2.37777
   1.88483  -2.36198
   1.88693  -2.34729
   1.88856  -2.33628
   1.89119  -2.32272
   1.89455  -2.31061
   1.89766  -2.30046
   1.90339  -2.28550
   1.91117  -2.26828
   1.91467  -2.26105
   1.91744  -2.25504
   1.92562  -2.23524
   1.93349  -2.21938
   1.93681  -2.21034
   1.93776  -2.20860
   1.93882  -2.20553
   1.95023  -2.17956
   1.95883  -2.16373
   1.96607  -2.15102
   1.97999  -2.13477
   1.98756  -2.12729
   1.99336  -2.12187
   2.01160  -2.10496
   2.03764  -2.09494
   2.04156  -2.09379
   2.04586  -2.09257
   2.07231  -2.08535
   2.09536  -2.08757
   2.10529  -2.08939
   2.12091  -2.09297
   2.13689  -2.09720
   2.14620  -2.10190
   2.16667  -2.11378
   2.17337  -2.11828
   2.18914  -2.12647
   2.19367  -2.12881
   2.20136  -2.13319
   2.21836  -2.14435
   2.22747  -2.15122
   2.24045  -2.16213
   2.25738  -2.17935
   2.25918  -2.18143
   2.25966  -2.18200
   2.26050  -2.18302
   2.27567  -2.20375
   2.28442  -2.21493
   2.29063  -2.22279
   2.29860  -2.23416
   2.30321  -2.24249
   2.30731  -2.24743
   2.31662  -2.25879
   2.32639  -2.27265
   2.32828  -2.27589
   2.33048  -2.27827
   2.33952  -2.29246
   2.34819  -2.30892
   2.34885  -2.30994
   2.34964  -2.31088
   2.35632  -2.32800
   2.35694  -2.32985
   2.35556  -2.32844
   2.34308  -2.31687
   2.34269  -2.31425
   2.34229  -2.31265
   2.32976  -2.30065
   2.31826  -2.29124
   2.31631  -2.28786
   2.31240  -2.28611
   2.29987  -2.27875
   2.28921  -2.27342
   2.28240  -2.27222
   2.26315  -2.27768
   2.25860  -2.27827
   2.25605  -2.27867
   2.25122  -2.28271
   2.22718  -2.30772
   2.22092  -2.31557
   2.21372  -2.32696
   2.21662  -2.32980
   2.21684  -2.32990
   2.21706  -2.33001
   2.22363  -2.33883
   2.22827  -2.34674
   2.22958  -2.34765
   2.23089  -2.34857
   2.23603  -2.35484
   2.24031  -2.36097
   2.24177  -2.36240
   2.24319  -2.36385
   2.24953  -2.36797
   2.25610  -2.37302
   2.25698  -2.37426
   2.25785  -2.37551
   2.26446  -2.38104
   2.27130  -2.38791
   2.27161  -2.38856
   2.27191  -2.38922
   2.27574  -2.39780
   2.27890  -2.40677
   2.27907  -2.40738
   2.27923  -2.40799
   2.28026  -2.41747
   2.28050  -2.42660
   2.28059  -2.42753
   2.28067  -2.42847
   2.28184  -2.43750
   2.28228  -2.44692
   2.28223  -2.44761
   2.28216  -2.44830
   2.28352  -2.45810
   2.28388  -2.46380
   2.31766  -2.46412
   2.33010  -2.46302
   2.34213  -2.45553
   2.34541  -2.45314
   2.35431  -2.44154
   2.35717  -2.43750
   2.36173  -2.43036
   2.36717  -2.41996
   2.36614  -2.41227
   2.37275  -2.40116
   2.37940  -2.38713
   2.38686  -2.39867
   2.39502  -2.41387
   2.39567  -2.41746
   2.39671  -2.42139
   2.40225  -2.43750
   2.40580  -2.45100
   2.40640  -2.45847
   2.40709  -2.46706
   2.40592  -2.47969
   2.40418  -2.49174
   2.40377  -2.50103
   2.40280  -2.51193
   2.39963  -2.52229
   2.39610  -2.53228
   2.39389  -2.54345
   2.38869  -2.55461
   2.38351  -2.56270
   2.37774  -2.57098
   2.37150  -2.58092
   2.36452  -2.59059
   2.35754  -2.59766
   2.34969  -2.60498
   2.34217  -2.61300
   2.33440  -2.62120
   2.32696  -2.62853
   2.31957  -2.63525
   2.31037  -2.64273
   2.30036  -2.64976
   2.29318  -2.65663
   2.28694  -2.66214
   2.27448  -2.66871
   2.26145  -2.67309
   2.25404  -2.67756
   2.24750  -2.68121
   2.23286  -2.68453
   2.21910  -2.68597
   2.21070  -2.68725
   2.20199  -2.68827
   2.18859  -2.68814
   2.17582  -2.68952
   2.16667  -2.69035
   2.15799  -2.69082
   2.14452  -2.69060
   2.12882  -2.69247
   2.12166  -2.69275
   2.11562  -2.69282
   2.09824  -2.69285
   2.07582  -2.69191
   2.07419  -2.69157
   2.07277  -2.69126
   2.06197  -2.69030
   2.04957  -2.68861
   2.02934  -2.68383
   2.02500  -2.68288
   2.01899  -2.68144
   2.00039  -2.67496
   1.98642  -2.66827
   1.97736  -2.66310
   1.96668  -2.65643
   1.95529  -2.64888
   1.94631  -2.64201
   1.93479  -2.63207
   1.92185  -2.61956
   1.91572  -2.61321
   1.91106  -2.60694
   1.90081  -2.59099
   1.89138  -2.57408
   1.88789  -2.56750
   1.88523  -2.56040
   1.88173  -2.54121
   1.87993  -2.52621
   1.87739  -2.51501
   1.87549  -2.50267
   1.87603  -2.48875
   1.87691  -2.47830
   1.87634  -2.46290
   1.87627  -2.44643
   1.87677  -2.43750
   1.87748  -2.42927
   1.87939  -2.41237
                    
   1.31999  -2.12423
   1.32275  -2.12438
   1.35946  -2.12677
   1.38616  -2.12182
   1.40585  -2.11603
   1.45361  -2.10500
   1.45499  -2.10374
   1.45701  -2.10193
   1.47497  -2.09273
   1.51802  -2.07389
   1.52308  -2.07197
   1.52941  -2.06958
   1.58177  -2.05334
   1.59370  -2.05691
   1.62506  -2.06670
   1.64922  -2.07518
   1.65681  -2.02413
   1.65835  -2.01679
   1.62549  -1.99386
   1.62750  -1.98509
   1.63732  -1.94905
   1.63275  -1.91993
   1.63070  -1.90154
   1.63580  -1.87668
   1.62990  -1.86470
   1.65181  -1.82391
   1.66664  -1.79957
   1.68208  -1.76865
   1.68921  -1.75562
   1.70552  -1.75228
   1.73976  -1.74660
   1.76710  -1.74543
   1.79605  -1.74550
   1.79970  -1.78415
   1.79996  -1.79060
   1.80011  -1.79384
   1.80291  -1.80745
   1.80947  -1.83576
   1.80985  -1.86589
   1.80717  -1.88833
   1.80520  -1.92127
   1.78299  -1.93496
   1.76258  -1.95592
   1.73693  -1.98537
   1.72403  -1.99486
   1.68102  -2.01229
   1.70152  -2.04303
   1.69986  -2.04580
   1.67871  -2.08455
   1.67406  -2.09258
   1.69046  -2.13362
   1.69817  -2.14952
   1.70522  -2.17108
   1.71317  -2.19131
   1.71242  -2.21467
   1.71066  -2.22486
   1.71046  -2.24808
   1.71370  -2.27263
   1.71511  -2.28063
   1.71573  -2.30517
   1.71655  -2.31689
   1.71776  -2.34820
   1.71758  -2.35831
   1.71768  -2.37154
   1.72114  -2.39852
   1.72041  -2.41916
   1.72136  -2.43750
   1.72331  -2.45785
   1.72511  -2.47613
   1.72368  -2.49726
   1.72610  -2.51518
   1.72914  -2.53247
   1.72933  -2.55468
   1.72880  -2.59183
   1.72979  -2.59651
   1.73061  -2.60023
   1.72983  -2.61078
   1.72921  -2.64149
   1.73204  -2.66624
   1.73273  -2.68803
   1.73619  -2.72202
   1.72069  -2.73014
   1.69085  -2.74200
   1.67158  -2.74904
   1.64904  -2.76004
   1.61758  -2.75451
   1.60062  -2.75056
   1.58830  -2.74786
   1.53499  -2.73206
   1.53261  -2.73232
   1.53212  -2.73252
   1.53156  -2.73275
   1.48870  -2.74296
   1.45745  -2.74941
   1.44790  -2.75308
   1.43574  -2.75581
   1.40550  -2.75813
   1.38556  -2.75910
   1.36539  -2.76323
   1.34417  -2.77071
   1.32939  -2.77510
                    
   3.00394  -2.09990
   2.99146  -2.10636
   2.96973  -2.11621
   2.94755  -2.11811
   2.92797  -2.11719
   2.89426  -2.11681
   2.88371  -2.11803
   2.87679  -2.11824
   2.85740  -2.11541
   2.83006  -2.10155
   2.80853  -2.09196
   2.78295  -2.08169
   2.76559  -2.07560
   2.73911  -2.06857
   2.70499  -2.06195
   2.70336  -2.06170
   2.66975  -2.02962
   2.65710  -2.02598
   2.60673  -2.01522
   2.59973  -2.03058
   2.58659  -2.05964
   2.58003  -2.07266
   2.55971  -2.10316
   2.56108  -2.10655
   2.57259  -2.13878
   2.57656  -2.15049
   2.58040  -2.18153
   2.58073  -2.19844
   2.58067  -2.20388
   2.58169  -2.21703
   2.58236  -2.24366
   2.58279  -2.26848
   2.58470  -2.28535
   2.58623  -2.31050
   2.58507  -2.32539
   2.58617  -2.33465
   2.58984  -2.36288
   2.59169  -2.39450
   2.59150  -2.40033
   2.59289  -2.40616
   2.59705  -2.43750
   2.59877  -2.46524
   2.59968  -2.47538
   2.60323  -2.49097
   2.60472  -2.51474
   2.60495  -2.53211
   2.60847  -2.55588
   2.60999  -2.59343
   2.60995  -2.59761
   2.61019  -2.59893
   2.61087  -2.60287
   2.61199  -2.64516
   2.60676  -2.66472
   2.60134  -2.68846
   2.58870  -2.72961
   2.58759  -2.73223
   2.58624  -2.73404
   2.55745  -2.76541
   2.53146  -2.78965
   2.52504  -2.79587
   2.51878  -2.80230
   2.49242  -2.82572
   2.46487  -2.84700
   2.45734  -2.85262
   2.45268  -2.85841
   2.44311  -2.87321
   2.45454  -2.90648
   2.45834  -2.92128
   2.46023  -2.92922
   2.47040  -2.96358
   2.47106  -2.96600
   2.47660  -3.00299
   2.47614  -3.01634
   2.47318  -3.05245
   2.47223  -3.06704
   2.47747  -3.07455
   2.48770  -3.10823
   2.49882  -3.14837
   2.49907  -3.14864
   2.56764  -3.13201
   2.59654  -3.12287
   2.63696  -3.10915
   2.65043  -3.07755
   2.66277  -3.04586
   2.66265  -3.02859
   2.66162  -3.00486
   2.66642  -2.98814
   2.67591  -2.94674
   2.67386  -2.93031
   2.67453  -2.91892
   2.66797  -2.88446
   2.66069  -2.86967
   2.65670  -2.86193
   2.65902  -2.85064
   2.66678  -2.79158
   2.66673  -2.78765
   2.66772  -2.78699
   2.71428  -2.75367
   2.73073  -2.73995
   2.75658  -2.71258
   2.76295  -2.71186
   2.79572  -2.70684
   2.81226  -2.70748
   2.83985  -2.70982
   2.85911  -2.70855
   2.86892  -2.70768
   2.90268  -2.71046
   2.93435  -2.71691
   2.94256  -2.71849
   2.94324  -2.71876
   2.94391  -2.71902
   2.98177  -2.72688
   3.00086  -2.74112
   3.01171  -2.74952
   3.01335  -2.75077
                    
   1.86080  -3.20472
   1.87290  -3.20030
   1.89251  -3.19073
   1.91225  -3.18012
   1.90025  -3.16948
   1.87370  -3.14394
   1.84977  -3.11710
   1.82723  -3.09911
   1.80604  -3.08073
   1.80006  -3.07248
   1.77156  -3.02839
   1.76256  -3.01462
   1.69074  -3.00886
   1.68913  -3.00862
   1.68615  -3.01015
   1.64916  -3.02776
   1.65431  -3.04810
   1.66227  -3.07479
   1.66481  -3.09348
   1.67405  -3.14103
   1.68488  -3.14794
   1.73577  -3.18384
   1.78559  -3.21398
   1.79786  -3.22152
   1.80019  -3.22341
   1.80187  -3.22237
   1.80251  -3.22206
   1.80553  -3.22126
   1.86080  -3.20472
                    
   2.49572  -1.72632
   2.49465  -1.72431
   2.49607  -1.72253
   2.50240  -1.71751
   2.51297  -1.72457
   2.56497  -1.74763
   2.60490  -1.76851
   2.62426  -1.78398
   2.62352  -1.79491
   2.62414  -1.79959
   2.62199  -1.80590
   2.60130  -1.81679
   2.59398  -1.79309
   2.55464  -1.76550
   2.50471  -1.73538
   2.49698  -1.72914
   2.49572  -1.72632
                    
   4.34175   0.65632
   4.33402   0.65584
   4.33333   0.65580
   4.33255   0.65576
   4.27651   0.64950
   4.23010   0.64050
   4.22076   0.63841
   4.21017   0.63587
   4.16649   0.62269
   4.13097   0.60896
   4.11425   0.60192
   4.09501   0.59310
   4.06432   0.57691
   4.04045   0.56205
   4.01756   0.54693
   3.99078   0.52732
   3.97388   0.51335
   3.96133   0.50182
   3.93421   0.47566
   3.90264   0.44066
   3.89821   0.43512
   3.89481   0.43084
   3.86592   0.39221
   3.86430   0.38984
   3.84074   0.35175
   3.83785   0.34694
   3.83444   0.34132
   3.81285   0.30050
   3.79738   0.26545
   3.79203   0.25241
   3.78619   0.23759
   3.77467   0.20333
   3.76633   0.17281
   3.76169   0.15317
   3.75733   0.13112
   3.75310   0.10231
   3.75056   0.07675
   3.74898   0.05112
   3.74889   0.02216
   3.74991   0.00000
   3.75148  -0.01903
   3.75527  -0.05057
   3.76175  -0.08622
   3.76499  -0.10021
   3.76807  -0.11223
   3.77893  -0.14855
   3.79247  -0.18803
   3.79548  -0.19576
   3.79841  -0.20296
   3.81604  -0.24122
   3.83488  -0.27960
   3.83823  -0.28585
   3.84185  -0.29242
   3.86425  -0.32846
   3.88587  -0.36116
   3.89217  -0.37018
   3.89990  -0.38074
   3.92375  -0.40958
   3.94541  -0.43350
   3.95823  -0.44703
   3.97490  -0.46337
   3.99606  -0.48168
   4.01504  -0.49614
   4.03751  -0.51238
   4.06557  -0.53051
   4.08171  -0.53961
   4.09636  -0.54696
   4.12878  -0.56201
   4.16691  -0.57680
   4.17783  -0.58036
   4.18777  -0.58337
   4.22855  -0.59426
   4.27566  -0.60312
   4.28051  -0.60377
   4.28482  -0.60438
   4.33333  -0.60982
   4.33437  -0.60989
   4.38320  -0.61109
   4.38679  -0.61103
   4.39113  -0.61105
   4.44067  -0.60872
   4.48130  -0.60378
   4.49456  -0.60170
   4.51089  -0.59862
   4.54793  -0.58961
   4.57832  -0.58038
   4.60044  -0.57282
   4.62587  -0.56197
   4.65085  -0.54996
   4.67243  -0.53845
   4.69929  -0.52264
   4.72747  -0.50293
   4.74450  -0.49001
   4.75987  -0.47757
   4.78679  -0.45346
   4.81449  -0.42596
   4.82607  -0.41346
   4.83640  -0.40172
   4.86180  -0.37004
   4.88867  -0.33324
   4.89467  -0.32409
   4.89986  -0.31589
   4.92356  -0.27523
   4.94777  -0.22595
   4.94863  -0.22395
   4.94937  -0.22219
   4.95835  -0.20044
   4.96929  -0.17040
   4.98288  -0.11997
   4.98408  -0.11474
   4.98540  -0.10880
   4.99403  -0.05780
   4.99681  -0.00931
   4.99695  -0.00000
   4.99696   0.00952
   4.99482   0.05787
   4.98833   0.10606
   4.98670   0.11521
   4.98498   0.12411
   4.97361   0.17156
   4.95868   0.21903
   4.95594   0.22661
   4.95314   0.23410
   4.93355   0.27989
   4.91126   0.32424
   4.90730   0.33138
   4.90313   0.33866
   4.87663   0.38042
   4.84846   0.41913
   4.84221   0.42700
   4.83551   0.43516
   4.80380   0.47046
   4.77117   0.50200
   4.76167   0.51048
   4.75146   0.51923
   4.71616   0.54673
   4.67977   0.57066
   4.66721   0.57828
   4.65410   0.58584
   4.61567   0.60547
   4.57477   0.62197
   4.56144   0.62671
   4.54863   0.63098
   4.50565   0.64311
   4.45734   0.65159
   4.44842   0.65268
   4.44079   0.65351
   4.39084   0.65725
   4.34175   0.65632
                    
   3.86573  -3.20974
   3.87135  -3.20367
   3.89002  -3.18020
   3.90101  -3.15215
   3.90315  -3.14257
   3.90649  -3.12852
   3.91674  -3.10283
   3.92286  -3.08234
   3.92363  -3.05806
   3.92717  -3.01757
   3.92533  -3.01085
   3.92319  -3.00448
   3.92462  -2.98964
   3.93013  -2.95543
   3.93321  -2.94055
   3.94063  -2.90551
   3.94091  -2.90437
   3.96388  -2.87058
   3.96657  -2.86716
   3.96950  -2.86344
   3.99562  -2.82765
   3.99301  -2.80182
   3.99137  -2.77946
   3.99213  -2.76066
   3.99433  -2.73903
   4.00390  -2.71393
   4.00897  -2.70251
   4.02442  -2.69671
   4.04498  -2.68798
   4.05448  -2.68435
   4.08773  -2.66935
   4.10438  -2.66005
   4.10559  -2.62860
   4.10723  -2.61696
   4.11060  -2.59644
   4.11141  -2.59289
   4.11761  -2.57179
   4.12282  -2.55904
   4.13698  -2.53360
   4.13994  -2.52996
   4.14134  -2.52703
   4.14762  -2.51575
   4.15464  -2.50254
   4.15756  -2.49792
   4.16563  -2.49215
   4.19770  -2.47384
   4.20420  -2.46973
   4.21669  -2.46626
   4.22379  -2.46569
   4.22407  -2.46678
   4.22437  -2.46786
   4.24816  -2.46850
   4.26119  -2.46677
   4.26277  -2.47040
   4.26454  -2.47395
   4.26940  -2.47441
   4.27346  -2.47448
   4.27569  -2.47786
   4.27811  -2.48112
   4.28006  -2.48220
   4.28195  -2.48315
   4.28473  -2.48610
   4.28768  -2.48889
   4.28954  -2.48969
   4.29135  -2.49040
   4.29460  -2.49282
   4.29798  -2.49505
   4.29954  -2.49604
   4.30112  -2.49699
   4.30474  -2.49881
   4.30847  -2.50042
   4.30940  -2.50327
   4.31067  -2.50647
   4.31454  -2.50762
   4.31848  -2.50856
   4.31978  -2.51436
   4.32222  -2.52175
   4.32593  -2.52215
   4.32965  -2.52240
   4.33333  -2.52500
   4.33776  -2.52767
   4.34120  -2.52743
   4.34463  -2.52706
   4.34812  -2.52135
   4.35048  -2.51647
   4.35425  -2.51556
   4.35797  -2.51446
   4.36011  -2.51106
   4.36177  -2.50795
   4.36544  -2.50635
   4.36902  -2.50457
   4.37132  -2.50330
   4.37358  -2.50195
   4.37692  -2.49974
   4.38013  -2.49736
   4.38217  -2.49570
   4.38414  -2.49396
   4.38704  -2.49121
   4.38980  -2.48831
   4.39123  -2.48608
   4.39255  -2.48386
   4.39494  -2.48064
   4.39715  -2.47729
   4.40126  -2.47672
   4.40607  -2.47565
   4.40778  -2.47221
   4.40932  -2.46870
   4.42558  -2.47107
   4.44873  -2.47091
   4.48448  -2.49251
   4.49067  -2.49736
   4.49661  -2.50422
   4.50675  -2.51837
   4.51208  -2.52942
   4.52401  -2.54443
   4.52941  -2.55070
   4.54451  -2.57100
   4.55631  -2.59363
   4.55695  -2.59518
   4.56477  -2.61785
   4.56961  -2.63576
   4.57225  -2.64933
   4.59138  -2.65403
   4.61207  -2.65754
   4.63240  -2.65943
   4.65091  -2.65987
   4.67073  -2.65914
   4.68928  -2.65828
   4.70923  -2.67663
   4.72158  -2.70230
   4.72572  -2.71225
   4.73454  -2.73685
   4.73293  -2.76398
   4.74754  -2.78506
   4.75811  -2.80144
   4.76081  -2.80680
   4.76678  -2.81925
   4.78194  -2.85068
   4.77644  -2.86802
   4.77294  -2.87710
   4.76800  -2.92932
   4.76628  -2.93981
   4.76558  -2.95263
   4.76140  -2.99107
   4.75384  -3.01087
   4.74862  -3.03059
   4.74981  -3.05353
   4.75002  -3.08224
   4.75476  -3.09978
   4.76419  -3.12100
   4.76963  -3.13880
   4.77338  -3.15174
   4.78373  -3.17593
   4.80042  -3.19580
   4.80902  -3.20479
                    
   3.85765  -1.67021
   3.86285  -1.68457
   3.87197  -1.70587
   3.87923  -1.72425
   3.88260  -1.74539
   3.88946  -1.78029
   3.89258  -1.78792
   3.89653  -1.79356
   3.90487  -1.82559
   3.90527  -1.82946
   3.90994  -1.86417
   3.90834  -1.88156
   3.92110  -1.89667
   3.93892  -1.91285
   3.96308  -1.93581
   3.97170  -1.94639
   3.97919  -1.95434
   3.99971  -1.98164
   4.02199  -2.01141
   4.02962  -2.02034
   4.01748  -2.06108
   4.01448  -2.07507
   4.01230  -2.09430
   4.01119  -2.11536
   4.01121  -2.13738
   4.01874  -2.16097
   4.04722  -2.19530
   4.04886  -2.19715
   4.04991  -2.19834
   4.05461  -2.20362
   4.08541  -2.23629
   4.08696  -2.25529
   4.08791  -2.26565
   4.09400  -2.29715
   4.09471  -2.29973
   4.09495  -2.30059
   4.09549  -2.30222
   4.10868  -2.33274
   4.11147  -2.34294
   4.11767  -2.35901
   4.12457  -2.37264
   4.13047  -2.37941
   4.13856  -2.38531
   4.16059  -2.40185
   4.16734  -2.40593
   4.20341  -2.41459
   4.21495  -2.41706
   4.21683  -2.41696
   4.24581  -2.41765
   4.24664  -2.41427
   4.24761  -2.41093
   4.26197  -2.41153
   4.27094  -2.41287
   4.27254  -2.40915
   4.27436  -2.40553
   4.27764  -2.40534
   4.28047  -2.40535
   4.28265  -2.40201
   4.28505  -2.39882
   4.28629  -2.39802
   4.28750  -2.39728
   4.29022  -2.39439
   4.29312  -2.39167
   4.29432  -2.39100
   4.29550  -2.39037
   4.29867  -2.38800
   4.30199  -2.38583
   4.30307  -2.38509
   4.30418  -2.38436
   4.30772  -2.38257
   4.31137  -2.38101
   4.31208  -2.37909
   4.31296  -2.37701
   4.31681  -2.37584
   4.32073  -2.37493
   4.32169  -2.37149
   4.32314  -2.36747
   4.32717  -2.36700
   4.33121  -2.36677
   4.33333  -2.36611
   4.33557  -2.36551
   4.33961  -2.36574
   4.34363  -2.36621
   4.34542  -2.36896
   4.34683  -2.37146
   4.35078  -2.37239
   4.35466  -2.37356
   4.35627  -2.37449
   4.35780  -2.37545
   4.36152  -2.37705
   4.36514  -2.37887
   4.36737  -2.37855
   4.36983  -2.37831
   4.37322  -2.38054
   4.37647  -2.38296
   4.37914  -2.38290
   4.38212  -2.38300
   4.38505  -2.38578
   4.38783  -2.38871
   4.39099  -2.38912
   4.39453  -2.38980
   4.39689  -2.39300
   4.39908  -2.39630
   4.40577  -2.39568
   4.41468  -2.39584
   4.41617  -2.39887
   4.41754  -2.40196
   4.44189  -2.39799
   4.44666  -2.39765
   4.45283  -2.39401
   4.47334  -2.37966
   4.48187  -2.36823
   4.48975  -2.35599
   4.49405  -2.34779
   4.49779  -2.34255
   4.51359  -2.31381
   4.51496  -2.31130
   4.51548  -2.30996
   4.51758  -2.30523
   4.52798  -2.27417
   4.52986  -2.26533
   4.53155  -2.24887
   4.53188  -2.23895
   4.52891  -2.22005
   4.52802  -2.20548
   4.52442  -2.18170
   4.57210  -2.15240
   4.57260  -2.15212
   4.57274  -2.15204
   4.57291  -2.15199
   4.62765  -2.13948
   4.63185  -2.12768
   4.64458  -2.08540
   4.64677  -2.07576
   4.64757  -2.06301
   4.64744  -2.02810
   4.68164  -2.02240
   4.69795  -2.02080
   4.71453  -2.02060
   4.74852  -2.02232
   4.76615  -2.02578
   4.78561  -2.02834
   4.78688  -2.00790
   4.79557  -1.97526
   4.79635  -1.97227
   4.80375  -1.93879
   4.81081  -1.92593
   4.79687  -1.88508
   4.78897  -1.86568
   4.78406  -1.84607
   4.77287  -1.80978
   4.77204  -1.79367
   4.77405  -1.78789
   4.77653  -1.77883
   4.77937  -1.74235
   4.78005  -1.72369
   4.78630  -1.70064
   4.79754  -1.67474
   4.80093  -1.66526
                    
