  -0.24420   0.02136
  -0.24100   0.03283
  -0.23822   0.04130
  -0.23796   0.04196
  -0.23765   0.04275
  -0.22988   0.06160
  -0.22061   0.07544
  -0.21750   0.07916
  -0.21304   0.08418
  -0.20338   0.09484
  -0.19537   0.10177
  -0.18626   0.10754
  -0.17177   0.11513
  -0.16756   0.11733
  -0.16467   0.11882
  -0.15046   0.12298
  -0.14837   0.12450
  -0.13577   0.13273
  -0.13387   0.13387
  -0.13151   0.13532
  -0.11917   0.14203
  -0.10910   0.14659
  -0.10405   0.14860
  -0.09807   0.15110
  -0.08911   0.15434
  -0.08153   0.15665
  -0.07395   0.15859
  -0.06539   0.16090
  -0.05906   0.16227
  -0.05345   0.16327
  -0.04409   0.16456
  -0.03392   0.16591
  -0.02933   0.16633
  -0.02507   0.16660
  -0.01459   0.16677
  -0.00361   0.16684
  -0.00000   0.16673
   0.00349   0.16655
   0.01447   0.16541
   0.02557   0.16417
   0.02886   0.16369
   0.03219   0.16313
   0.04306   0.16071
   0.05366   0.15825
   0.05726   0.15732
   0.06107   0.15623
   0.07119   0.15267
   0.08073   0.14938
   0.08524   0.14764
   0.09023   0.14553
   0.09894   0.14130
   0.10678   0.13756
   0.11273   0.13434
   0.11952   0.13028
   0.12600   0.12600
   0.13154   0.12228
   0.13909   0.11671
   0.14785   0.10938
   0.15144   0.10604
   0.15442   0.10323
   0.16324   0.09425
   0.17334   0.08218
   0.17408   0.08118
   0.17468   0.08034
   0.18036   0.07232
   0.18619   0.06777
   0.19790   0.05708
   0.20061   0.05375
   0.20387   0.04912
   0.21199   0.03738
   0.21741   0.02827
   0.22140   0.01937
   0.22459   0.00793
   0.22678  -0.00000
   0.22833  -0.00650
   0.23016  -0.02014
   0.22937  -0.03536
   0.22914  -0.04040
   0.22884  -0.04495
   0.22626  -0.06062
   0.22090  -0.07571
   0.21942  -0.07986
   0.21786  -0.08400
   0.21098  -0.09838
   0.20265  -0.11064
   0.19941  -0.11513
   0.19572  -0.11998
   0.18656  -0.13063
   0.17756  -0.13903
   0.17161  -0.14400
   0.16444  -0.14953
   0.15572  -0.15572
   0.14803  -0.16051
   0.13882  -0.16544
   0.12759  -0.17064
   0.12134  -0.17330
   0.11605  -0.17545
   0.10360  -0.17945
   0.08865  -0.18305
   0.08566  -0.18369
   0.08311  -0.18435
   0.06810  -0.18711
   0.05096  -0.18876
   0.05058  -0.18878
   0.05025  -0.18884
   0.04145  -0.18985
   0.03369  -0.19107
   0.01732  -0.19259
   0.01685  -0.19262
   0.01638  -0.19267
  -0.00000  -0.19319
  -0.01618  -0.19233
  -0.01682  -0.19228
  -0.01746  -0.19223
  -0.03358  -0.19044
  -0.04987  -0.18722
  -0.05015  -0.18715
  -0.05042  -0.18709
  -0.06090  -0.18453
  -0.06679  -0.18351
  -0.08260  -0.17979
  -0.08368  -0.17945
  -0.08492  -0.17916
  -0.10105  -0.17502
  -0.11473  -0.17027
  -0.11817  -0.16876
  -0.12233  -0.16714
  -0.13563  -0.16164
  -0.14634  -0.15633
  -0.15257  -0.15257
  -0.16021  -0.14791
  -0.16928  -0.14204
  -0.17638  -0.13695
  -0.18510  -0.12961
  -0.19531  -0.11992
  -0.19980  -0.11535
  -0.20335  -0.11154
  -0.21324  -0.09944
  -0.22338  -0.08365
  -0.22449  -0.08171
  -0.22543  -0.08004
  -0.23420  -0.06275
  -0.23700  -0.05465
  -0.24049  -0.04293
  -0.24063  -0.04243
  -0.24079  -0.04187
  -0.24531  -0.02146
  -0.24570  -0.00121
  -0.24570   0.00000
  -0.24569   0.00121
  -0.24420   0.02136
                    
   0.21272  -0.62582
   0.21804  -0.61916
   0.22168  -0.60906
   0.23143  -0.57737
   0.20883  -0.57376
   0.18582  -0.56891
   0.15164  -0.56339
   0.15092  -0.56325
   0.11905  -0.55348
   0.09666  -0.54820
   0.06412  -0.53832
   0.05170  -0.53568
   0.04683  -0.53525
   0.04072  -0.53554
  -0.00000  -0.53501
  -0.03577  -0.53197
  -0.04644  -0.53078
  -0.05610  -0.53119
  -0.08927  -0.53473
  -0.09445  -0.53563
  -0.12907  -0.54015
  -0.14538  -0.54256
  -0.19670  -0.54929
  -0.19881  -0.54944
  -0.20005  -0.54962
  -0.20681  -0.55055
  -0.25815  -0.55361
  -0.26989  -0.55137
  -0.29731  -0.54637
  -0.29984  -0.56972
  -0.28135  -0.59812
  -0.27988  -0.60020
  -0.27076  -0.62953
  -0.23987  -0.65525
  -0.23871  -0.65584
  -0.19208  -0.67726
  -0.18229  -0.68031
  -0.17087  -0.68399
  -0.12331  -0.69933
  -0.08892  -0.70814
  -0.06232  -0.71229
  -0.03353  -0.71404
  -0.00000  -0.71424
   0.03555  -0.71272
   0.06218  -0.71072
   0.08493  -0.70641
   0.12239  -0.69410
   0.16026  -0.67912
   0.17179  -0.67148
   0.17800  -0.66432
   0.21272  -0.62582
                    
  -0.31144   0.53943
  -0.26577   0.56432
  -0.26349   0.56505
  -0.26159   0.56610
  -0.21664   0.59521
  -0.18854   0.61068
  -0.16570   0.61842
  -0.13633   0.62936
  -0.11268   0.63905
  -0.09937   0.64401
  -0.05712   0.65288
  -0.00879   0.65508
  -0.00000   0.65523
   0.00854   0.65526
   0.05709   0.65259
   0.09823   0.64347
   0.11262   0.63868
   0.13551   0.63023
   0.16585   0.61896
   0.18784   0.61045
   0.21633   0.59437
   0.26140   0.56443
   0.25071   0.56152
   0.20503   0.54623
   0.20165   0.54486
   0.19743   0.54243
   0.16023   0.51791
   0.14381   0.51873
   0.13912   0.51921
   0.13220   0.51990
   0.09179   0.52056
   0.06705   0.51935
   0.04536   0.51848
   0.02094   0.52052
  -0.00000   0.52178
  -0.02300   0.52219
  -0.04560   0.52116
  -0.06388   0.52288
  -0.09293   0.52703
  -0.11788   0.52916
  -0.12944   0.53963
  -0.14738   0.55002
  -0.17044   0.55799
  -0.18957   0.56352
  -0.20528   0.56399
  -0.25494   0.56234
  -0.26209   0.56205
  -0.26427   0.56136
  -0.31063   0.53802
  -0.35338   0.51189
  -0.31144   0.53943
                    
   0.67316   0.31390
   0.67843   0.28059
   0.68098   0.25870
   0.68048   0.24768
   0.67339   0.18286
   0.67037   0.18414
   0.62977   0.20073
   0.61580   0.20547
   0.58508   0.21116
   0.58398   0.21255
   0.55954   0.24117
   0.54816   0.25561
   0.53105   0.28033
   0.51725   0.29863
   0.50752   0.31067
   0.48287   0.33811
   0.46003   0.37204
   0.45469   0.38153
   0.44565   0.39670
   0.42362   0.42362
   0.40593   0.44477
   0.39203   0.46721
   0.36737   0.50195
   0.40789   0.48611
   0.43335   0.47425
   0.46487   0.46487
   0.47225   0.46247
   0.50248   0.45137
   0.53271   0.45067
   0.53544   0.44929
   0.56883   0.43090
   0.59345   0.41554
   0.63236   0.36914
   0.63434   0.36623
   0.63586   0.36398
   0.64165   0.35678
   0.67316   0.31390
                    
  -0.72832   0.33691
  -0.71258   0.31224
  -0.70591   0.30465
  -0.69129   0.26042
  -0.68891   0.25378
  -0.68840   0.25239
  -0.68726   0.25014
  -0.66509   0.21106
  -0.63580   0.23141
  -0.62394   0.23880
  -0.61376   0.24536
  -0.57400   0.26766
  -0.56634   0.27671
  -0.55114   0.28837
  -0.53492   0.30884
  -0.50928   0.33779
  -0.49882   0.34928
  -0.48838   0.36407
  -0.46824   0.39290
  -0.44225   0.42548
  -0.43405   0.43405
  -0.42575   0.44220
  -0.39690   0.47301
  -0.35725   0.50920
  -0.40946   0.48798
  -0.43284   0.47648
  -0.44858   0.48546
  -0.47277   0.49831
  -0.48725   0.49947
  -0.49249   0.49714
  -0.49588   0.49588
  -0.51563   0.48756
  -0.55621   0.46671
  -0.56422   0.46213
  -0.57385   0.45793
  -0.62057   0.43453
  -0.63266   0.41809
  -0.66445   0.38362
  -0.67000   0.37712
  -0.69713   0.35874
  -0.72507   0.34385
                    
   0.63226  -0.29351
   0.63345  -0.29262
   0.63432  -0.29361
   0.63949  -0.29820
   0.63291  -0.29954
   0.62689  -0.30642
   0.63076  -0.29601
   0.63141  -0.29443
   0.63226  -0.29351
                    
   0.72832  -0.33691
   0.72397  -0.33759
   0.72507  -0.34385
                    
  -0.25265  -2.14456
  -0.24008  -2.12459
  -0.23997  -2.12435
  -0.23989  -2.12417
  -0.23938  -2.12361
  -0.22224  -2.10712
  -0.21702  -2.09447
  -0.21410  -2.08874
  -0.21063  -2.08243
  -0.20438  -2.07136
  -0.19869  -2.06097
  -0.19566  -2.05370
  -0.19265  -2.04716
  -0.18537  -2.03687
  -0.17433  -2.03318
  -0.15859  -2.03360
  -0.14342  -2.03555
  -0.13550  -2.03468
  -0.13311  -2.03355
  -0.12949  -2.03212
  -0.11842  -2.02554
  -0.10894  -2.02075
  -0.10258  -2.02017
  -0.09707  -2.01624
  -0.08935  -2.01190
  -0.08169  -2.00807
  -0.07547  -2.00481
  -0.06255  -2.00880
  -0.05624  -2.01214
  -0.05373  -2.01361
  -0.04558  -2.01665
  -0.03945  -2.01943
  -0.02818  -2.01243
  -0.02737  -2.01199
  -0.02728  -2.01196
  -0.02718  -2.01193
  -0.01404  -2.00616
  -0.00232  -2.00320
  -0.00000  -2.00290
   0.00254  -2.00262
   0.01449  -2.00106
   0.02475  -1.99859
   0.02956  -1.99900
   0.03466  -1.99959
   0.04490  -1.99908
   0.05324  -2.00011
   0.06073  -1.99980
   0.07123  -1.99999
   0.07705  -2.00142
   0.08190  -2.00499
   0.09026  -2.01033
   0.09781  -2.01574
   0.10237  -2.02046
   0.10824  -2.02368
   0.11524  -2.02933
   0.12191  -2.03529
   0.12727  -2.03940
   0.13195  -2.04345
   0.14065  -2.04865
   0.15183  -2.05647
   0.15394  -2.05888
   0.15537  -2.06188
   0.16132  -2.07353
   0.16604  -2.08457
   0.16720  -2.08870
   0.17015  -2.09165
   0.17613  -2.10256
   0.18197  -2.11530
   0.18336  -2.11754
   0.18408  -2.11949
   0.19070  -2.13304
   0.19184  -2.13569
   0.20365  -2.14536
   0.20515  -2.14872
   0.20651  -2.15290
   0.21667  -2.16667
   0.22209  -2.17551
   0.22293  -2.18617
   0.22276  -2.19798
   0.22151  -2.20573
   0.21999  -2.21344
   0.21847  -2.22521
   0.21729  -2.23910
   0.21737  -2.24578
   0.21728  -2.25069
   0.21359  -2.26626
   0.20279  -2.27749
   0.19649  -2.28011
   0.18361  -2.28454
   0.17511  -2.28928
   0.17219  -2.29668
   0.17205  -2.31103
   0.17146  -2.31866
   0.16339  -2.33005
   0.15193  -2.33793
   0.14676  -2.34157
   0.14105  -2.34536
   0.12944  -2.35153
   0.11874  -2.35480
   0.10937  -2.35610
   0.09626  -2.35709
   0.08914  -2.35784
   0.08375  -2.35853
   0.07032  -2.35987
   0.05406  -2.36017
   0.05182  -2.36006
   0.04998  -2.36061
   0.03492  -2.36469
   0.02004  -2.36752
   0.01760  -2.36783
   0.01523  -2.36760
   0.00556  -2.36091
  -0.00000  -2.35931
  -0.01357  -2.35452
  -0.01635  -2.35352
  -0.01978  -2.35249
  -0.03239  -2.35036
  -0.04449  -2.34745
  -0.04795  -2.34563
  -0.05162  -2.34708
  -0.06547  -2.34655
  -0.07639  -2.34534
  -0.08265  -2.34688
  -0.08410  -2.34703
  -0.08666  -2.34765
  -0.11014  -2.35744
  -0.11965  -2.36018
  -0.13335  -2.35711
  -0.14230  -2.34603
  -0.14471  -2.33912
  -0.14808  -2.32730
  -0.15212  -2.31879
  -0.16061  -2.31473
  -0.17113  -2.31026
  -0.17818  -2.30681
  -0.18884  -2.29890
  -0.19888  -2.28708
  -0.19979  -2.28202
  -0.20083  -2.27500
  -0.20932  -2.26427
  -0.22334  -2.25031
  -0.22546  -2.24873
  -0.22659  -2.24786
  -0.23177  -2.24042
  -0.23803  -2.23045
  -0.24392  -2.21215
  -0.24406  -2.20970
  -0.24416  -2.20754
  -0.24801  -2.18837
  -0.25072  -2.17047
  -0.25126  -2.16667
  -0.25180  -2.16228
  -0.25265  -2.14456
                    
   0.17188  -2.80814
   0.14502  -2.82945
   0.12033  -2.84912
   0.11175  -2.85543
   0.08175  -2.87167
   0.06213  -2.87678
   0.03671  -2.87863
  -0.00000  -2.88067
  -0.03326  -2.88089
  -0.06232  -2.87903
  -0.08727  -2.87410
  -0.12295  -2.86393
  -0.17699  -2.84443
  -0.18118  -2.84284
  -0.18443  -2.84179
  -0.19599  -2.83635
  -0.19448  -2.82600
  -0.20187  -2.79607
  -0.20466  -2.78223
  -0.19777  -2.75641
  -0.18636  -2.73481
  -0.18094  -2.72134
  -0.17485  -2.70600
  -0.16436  -2.68328
  -0.14648  -2.68153
  -0.13812  -2.68214
  -0.12790  -2.68449
  -0.09263  -2.69199
  -0.05682  -2.69711
  -0.04647  -2.69783
  -0.03679  -2.69938
  -0.00000  -2.70661
   0.01378  -2.70862
   0.04032  -2.71402
   0.04791  -2.71424
   0.05969  -2.71579
   0.09614  -2.71191
   0.12953  -2.70618
   0.14522  -2.70864
   0.17176  -2.72426
   0.18796  -2.73253
   0.20884  -2.74045
   0.22616  -2.74612
   0.21723  -2.76351
   0.20626  -2.78268
   0.17957  -2.80279
   0.17188  -2.80814
                    
  -0.27945  -1.56738
  -0.27894  -1.56742
  -0.24424  -1.57161
  -0.21809  -1.56747
  -0.16880  -1.56284
  -0.16167  -1.56329
  -0.15735  -1.56132
  -0.11075  -1.53855
  -0.08688  -1.52877
  -0.05644  -1.52158
  -0.02047  -1.51986
  -0.00000  -1.51849
   0.01768  -1.51783
   0.05654  -1.52044
   0.08987  -1.52727
   0.11181  -1.53253
   0.13905  -1.54023
   0.16545  -1.54921
   0.18808  -1.55613
   0.21563  -1.57423
   0.24165  -1.59350
   0.20444  -1.60498
   0.19354  -1.60906
   0.18608  -1.61369
   0.15389  -1.63637
   0.14379  -1.64396
   0.14127  -1.64435
   0.13998  -1.64427
   0.13776  -1.64417
   0.09139  -1.64839
   0.07092  -1.65175
   0.04491  -1.65335
   0.01903  -1.64771
  -0.00000  -1.63844
  -0.03161  -1.62546
  -0.03606  -1.61501
  -0.04889  -1.60784
  -0.07797  -1.60552
  -0.09691  -1.61707
  -0.12979  -1.64031
  -0.13895  -1.64362
  -0.14008  -1.64388
  -0.14104  -1.64403
  -0.14539  -1.64440
  -0.19841  -1.62153
  -0.20094  -1.62066
  -0.24216  -1.63585
  -0.24665  -1.63772
  -0.27705  -1.62894
  -0.29995  -1.62174
  -0.29636  -1.59738
  -0.27970  -1.56778
  -0.27945  -1.56738
                    
   0.69176  -1.84409
   0.68526  -1.90319
   0.68402  -1.91053
   0.68283  -1.91814
   0.67068  -1.97412
   0.62329  -1.93981
   0.62156  -1.93871
   0.62050  -1.93890
   0.61916  -1.93914
   0.57696  -1.93423
   0.55776  -1.93330
   0.53431  -1.91751
   0.52215  -1.88217
   0.51603  -1.86874
   0.50788  -1.85211
   0.49266  -1.82171
   0.47250  -1.79787
   0.47187  -1.77072
   0.47122  -1.76063
   0.49134  -1.75438
   0.50724  -1.74999
   0.51742  -1.75535
   0.55531  -1.77784
   0.57279  -1.78647
   0.58360  -1.78418
   0.62807  -1.80405
   0.63590  -1.80806
   0.64285  -1.81206
   0.69176  -1.84409
                    
   0.29323  -1.61810
   0.30710  -1.63476
   0.32463  -1.65803
   0.34214  -1.67804
   0.36939  -1.69636
   0.39924  -1.69087
   0.40045  -1.69069
   0.40021  -1.68972
   0.39100  -1.65751
   0.36711  -1.64238
   0.34843  -1.63421
   0.31367  -1.62337
   0.29323  -1.61810
                    
  -0.64715  -1.69217
  -0.62436  -1.69293
  -0.60863  -1.69689
  -0.58418  -1.70363
  -0.57690  -1.71259
  -0.56732  -1.72412
  -0.53779  -1.72207
  -0.53159  -1.72061
  -0.50241  -1.71486
  -0.48776  -1.72059
  -0.46341  -1.73098
  -0.44763  -1.73477
  -0.46311  -1.77807
  -0.46846  -1.79678
  -0.48402  -1.82775
  -0.50805  -1.85010
  -0.52488  -1.86363
  -0.55997  -1.89584
  -0.56652  -1.88887
  -0.59708  -1.88314
  -0.61367  -1.88051
  -0.63162  -1.87934
  -0.65488  -1.92831
  -0.66086  -1.94271
  -0.65715  -1.92748
  -0.64280  -1.87883
  -0.63817  -1.86908
  -0.64616  -1.81813
  -0.64727  -1.80666
  -0.66704  -1.78434
  -0.66900  -1.78042
  -0.68051  -1.75566
  -0.68031  -1.74106
                    
  -0.44894  -2.70169
  -0.49065  -2.67103
  -0.49895  -2.66561
  -0.50766  -2.65644
  -0.51874  -2.63335
  -0.49696  -2.64547
  -0.48777  -2.65444
  -0.47049  -2.66547
  -0.44747  -2.69994
  -0.44361  -2.70528
  -0.44894  -2.70169
                    
   0.68031  -2.59227
   0.63690  -2.61263
   0.64715  -2.64116
                    
  -0.24219  -4.35567
  -0.23839  -4.37476
  -0.23827  -4.37535
  -0.23815  -4.37595
  -0.23244  -4.39562
  -0.22406  -4.41204
  -0.22271  -4.41439
  -0.22108  -4.41714
  -0.21144  -4.43193
  -0.20199  -4.44314
  -0.19777  -4.44752
  -0.19233  -4.45279
  -0.18287  -4.46138
  -0.17500  -4.46795
  -0.16722  -4.47365
  -0.15734  -4.48009
  -0.15072  -4.48406
  -0.14533  -4.48728
  -0.13391  -4.49292
  -0.11972  -4.49865
  -0.11658  -4.49983
  -0.11400  -4.50095
  -0.09952  -4.50570
  -0.08234  -4.50968
  -0.08224  -4.50970
  -0.08216  -4.50973
  -0.08074  -4.51009
  -0.06617  -4.51514
  -0.05067  -4.51913
  -0.04983  -4.51930
  -0.04894  -4.51949
  -0.03336  -4.52254
  -0.01796  -4.52426
  -0.01671  -4.52432
  -0.01544  -4.52443
  -0.00000  -4.52528
   0.01570  -4.52487
   0.01675  -4.52479
   0.01778  -4.52473
   0.03347  -4.52313
   0.04950  -4.52014
   0.05002  -4.52002
   0.05052  -4.51992
   0.06494  -4.51648
   0.06659  -4.51628
   0.08265  -4.51350
   0.08387  -4.51320
   0.08533  -4.51293
   0.10183  -4.50971
   0.11533  -4.50587
   0.11964  -4.50420
   0.12465  -4.50204
   0.13679  -4.49635
   0.14682  -4.49085
   0.15336  -4.48669
   0.16097  -4.48154
   0.16929  -4.47538
   0.17611  -4.46983
   0.18431  -4.46239
   0.19287  -4.45288
   0.19740  -4.44730
   0.20128  -4.44223
   0.20922  -4.43089
   0.21525  -4.41744
   0.21698  -4.41231
   0.21863  -4.40696
   0.22309  -4.39311
   0.22520  -4.37908
   0.22542  -4.37308
   0.22548  -4.36627
   0.22584  -4.35309
   0.22436  -4.34135
   0.22258  -4.33333
   0.22002  -4.32376
   0.21740  -4.31431
   0.21403  -4.30688
   0.20810  -4.29664
   0.19925  -4.28376
   0.19696  -4.28056
   0.19505  -4.27823
   0.18287  -4.26677
   0.18243  -4.26641
   0.17407  -4.25373
   0.17319  -4.25257
   0.17215  -4.25115
   0.16237  -4.23959
   0.15387  -4.23099
   0.15065  -4.22785
   0.14691  -4.22416
   0.13842  -4.21718
   0.13116  -4.21190
   0.12556  -4.20778
   0.11917  -4.20321
   0.11261  -4.19913
   0.10677  -4.19584
   0.09912  -4.19177
   0.09030  -4.18774
   0.08531  -4.18557
   0.08076  -4.18375
   0.07115  -4.18075
   0.06035  -4.17791
   0.05692  -4.17696
   0.05369  -4.17614
   0.04254  -4.17459
   0.03078  -4.17257
   0.02842  -4.17218
   0.02608  -4.17183
   0.01420  -4.17104
   0.00238  -4.16970
  -0.00000  -4.16959
  -0.00246  -4.16951
  -0.01434  -4.16940
  -0.02550  -4.16880
  -0.02898  -4.16901
  -0.03274  -4.16931
  -0.04375  -4.17007
  -0.05348  -4.17059
  -0.05888  -4.17155
  -0.06498  -4.17286
  -0.07399  -4.17466
  -0.08155  -4.17648
  -0.08912  -4.17897
  -0.09788  -4.18236
  -0.10397  -4.18485
  -0.10900  -4.18716
  -0.11876  -4.19180
  -0.13048  -4.19840
  -0.13315  -4.20019
  -0.13536  -4.20170
  -0.14752  -4.20955
  -0.15310  -4.21367
  -0.16331  -4.21640
  -0.16549  -4.21745
  -0.16868  -4.21903
  -0.18450  -4.22681
  -0.19430  -4.23279
  -0.20185  -4.23921
  -0.21057  -4.24909
  -0.21541  -4.25493
  -0.21892  -4.25944
  -0.22741  -4.27240
  -0.23414  -4.28965
  -0.23491  -4.29191
  -0.23556  -4.29389
  -0.24066  -4.31228
  -0.24243  -4.33295
  -0.24245  -4.33333
  -0.24248  -4.33369
  -0.24245  -4.35264
  -0.24237  -4.35454
  -0.24219  -4.35567
                    
   0.17411  -4.98312
   0.15456  -4.99940
   0.12042  -5.01627
   0.10470  -5.02321
   0.07224  -5.03398
   0.06148  -5.03607
   0.04864  -5.03720
  -0.00000  -5.04002
  -0.04515  -5.03962
  -0.06170  -5.03853
  -0.07696  -5.03617
  -0.12186  -5.02442
  -0.15456  -5.01377
  -0.17459  -5.00563
  -0.17940  -5.00286
  -0.19334  -4.99392
  -0.23201  -4.97078
  -0.24912  -4.95931
  -0.26399  -4.93931
  -0.27499  -4.92305
  -0.29652  -4.90264
  -0.30937  -4.87296
  -0.27193  -4.88093
  -0.25677  -4.88397
  -0.20042  -4.88127
  -0.19979  -4.88121
  -0.19940  -4.88119
  -0.19817  -4.88114
  -0.14509  -4.87480
  -0.12955  -4.87281
  -0.09435  -4.86842
  -0.09072  -4.86782
  -0.05628  -4.86433
  -0.04642  -4.86388
  -0.03549  -4.86509
  -0.00000  -4.86813
   0.04047  -4.86869
   0.04681  -4.86840
   0.05184  -4.86887
   0.06469  -4.87159
   0.09658  -4.88106
   0.11944  -4.88632
   0.15053  -4.89510
   0.15471  -4.89589
   0.18695  -4.90064
   0.20792  -4.90458
   0.23700  -4.90843
   0.22016  -4.93823
   0.21206  -4.95094
   0.19726  -4.96419
   0.17411  -4.98312
                    
  -0.70762  -3.95488
  -0.69610  -3.94800
  -0.68345  -3.93874
  -0.64336  -3.91237
  -0.63190  -3.90844
  -0.62273  -3.89729
  -0.58883  -3.89483
  -0.56782  -3.89439
  -0.53526  -3.88420
  -0.53363  -3.88375
  -0.50296  -3.88477
  -0.47486  -3.87354
  -0.46374  -3.86960
  -0.43419  -3.86284
  -0.40786  -3.84726
  -0.36096  -3.82371
  -0.35756  -3.82268
  -0.35616  -3.82197
  -0.31166  -3.79352
  -0.26529  -3.76911
  -0.26341  -3.76845
  -0.26178  -3.76758
  -0.21591  -3.74013
  -0.18409  -3.72411
  -0.16493  -3.71780
  -0.14121  -3.70926
  -0.11202  -3.69805
  -0.09393  -3.69193
  -0.05676  -3.68456
  -0.01457  -3.68228
  -0.00000  -3.68193
   0.01404  -3.68190
   0.05679  -3.68426
   0.09372  -3.69204
   0.11207  -3.69778
   0.13971  -3.70762
   0.16518  -3.71686
   0.18434  -3.72403
   0.21574  -3.74060
   0.26017  -3.76834
   0.19985  -3.78426
   0.19918  -3.78449
   0.19868  -3.78476
   0.19588  -3.78629
   0.15173  -3.81287
   0.14233  -3.81250
   0.13962  -3.81225
   0.13556  -3.81185
   0.09209  -3.81104
   0.06563  -3.81239
   0.04549  -3.81334
   0.02274  -3.81136
  -0.00000  -3.81004
  -0.02478  -3.80973
  -0.04573  -3.81068
  -0.06258  -3.80903
  -0.09317  -3.80492
  -0.11369  -3.80326
  -0.12755  -3.79109
  -0.14827  -3.77997
  -0.16627  -3.77408
  -0.18833  -3.76802
  -0.20578  -3.76796
  -0.25521  -3.77095
  -0.26206  -3.77135
  -0.26434  -3.77210
  -0.31027  -3.79593
  -0.35448  -3.82379
  -0.35613  -3.82473
  -0.35749  -3.82573
  -0.39541  -3.86210
  -0.42083  -3.89041
  -0.43184  -3.90149
  -0.44307  -3.91354
  -0.46555  -3.94269
  -0.48253  -3.96745
  -0.49568  -3.98625
  -0.50905  -4.00123
  -0.53098  -4.02677
  -0.56282  -4.06992
  -0.56330  -4.07066
  -0.56364  -4.07106
  -0.56436  -4.07179
  -0.56584  -4.07160
  -0.60499  -4.06708
  -0.62913  -4.06534
  -0.64415  -4.06508
  -0.66201  -4.05950
  -0.67880  -4.05363
  -0.69423  -4.04831
  -0.71201  -4.04323
  -0.72360  -4.03048
  -0.73508  -4.01145
                    
   0.51416  -3.90190
   0.56538  -3.92440
   0.57118  -3.92702
   0.57699  -3.92932
   0.58929  -3.94119
   0.61746  -3.97685
   0.63530  -4.00217
   0.65858  -4.02623
   0.65642  -4.05529
   0.64874  -4.07639
   0.62341  -4.10643
   0.62203  -4.10795
   0.62150  -4.10832
   0.62075  -4.10884
   0.58960  -4.13514
   0.57988  -4.12227
   0.55856  -4.09657
   0.54503  -4.07918
   0.52543  -4.05034
   0.51492  -4.03604
   0.50718  -4.02607
   0.48127  -3.99635
   0.45779  -3.96075
   0.45342  -3.95287
   0.44592  -3.93996
   0.42270  -3.91064
   0.40430  -3.88840
   0.39107  -3.86727
   0.36261  -3.82794
   0.40719  -3.84806
   0.43411  -3.86248
   0.45940  -3.87393
   0.49024  -3.88997
   0.50507  -3.89856
   0.51416  -3.90190
                    
   0.73508  -4.65522
   0.70355  -4.66141
   0.70762  -4.71179
                    
   1.88947  -0.41669
   1.85499  -0.41408
   1.85295  -0.41387
   1.85067  -0.41361
   1.81664  -0.40786
   1.78572  -0.39948
   1.78097  -0.39827
   1.77537  -0.39677
   1.74607  -0.38570
   1.71902  -0.37158
   1.71293  -0.36893
   1.70562  -0.36560
   1.68128  -0.34939
   1.65754  -0.32730
   1.65366  -0.32447
   1.64935  -0.32126
   1.62931  -0.29662
   1.62622  -0.29099
   1.61504  -0.26842
   1.61394  -0.26179
   1.61159  -0.24247
   1.60789  -0.22269
   1.60758  -0.21347
   1.61121  -0.19893
   1.62471  -0.20092
   1.63637  -0.20275
   1.66465  -0.20327
   1.67562  -0.20259
   1.68675  -0.20069
   1.71755  -0.19269
   1.72651  -0.19495
   1.72969  -0.19624
   1.73561  -0.19827
   1.75623  -0.20223
   1.76600  -0.20334
   1.78136  -0.20647
   1.80318  -0.20998
   1.80436  -0.21010
   1.80460  -0.21015
   1.80492  -0.21022
   1.82707  -0.21200
   1.84177  -0.21394
   1.84777  -0.21474
   1.85508  -0.21548
   1.86815  -0.21562
   1.87869  -0.21741
   1.88742  -0.21839
   1.89674  -0.21906
   1.90673  -0.21944
   1.91694  -0.22169
   1.92593  -0.22272
   1.93432  -0.22334
   1.94556  -0.22440
   1.96007  -0.22745
   1.96611  -0.22790
   1.97104  -0.22815
   1.98752  -0.22986
   2.00075  -0.23143
   2.00874  -0.23195
   2.01045  -0.23223
   2.01349  -0.23270
   2.03460  -0.23305
   2.04804  -0.23213
   2.05998  -0.23218
   2.08346  -0.23032
   2.08670  -0.22962
   2.08859  -0.22905
   2.09523  -0.22779
   2.13181  -0.24537
   2.13795  -0.24766
   2.14416  -0.24892
   2.17882  -0.25289
   2.18799  -0.25247
   2.20066  -0.25127
   2.19752  -0.26476
   2.19505  -0.26913
   2.19118  -0.27476
   2.17803  -0.30045
   2.16951  -0.31463
   2.15555  -0.32794
   2.13768  -0.34228
   2.12872  -0.35126
   2.12257  -0.35709
   2.09900  -0.37117
   2.07181  -0.38402
   2.06674  -0.38688
   2.06282  -0.38904
   2.03294  -0.39940
   2.00073  -0.40745
   1.99791  -0.40823
   1.99549  -0.40889
   1.96214  -0.41388
   1.92666  -0.41686
   1.92593  -0.41691
   1.92526  -0.41695
   1.90432  -0.41717
   1.88947  -0.41669
                    
   1.59228   0.14963
   1.58483   0.14925
   1.58146   0.15614
   1.58003   0.16129
   1.58077   0.17105
   1.58020   0.19960
   1.58074   0.21140
   1.58959   0.23551
   1.60810   0.25711
   1.61199   0.26343
   1.61517   0.26842
   1.63654   0.28939
   1.65781   0.30298
   1.66623   0.30949
   1.67559   0.31631
   1.69671   0.32735
   1.71335   0.33394
   1.72936   0.34047
   1.75001   0.34766
   1.76236   0.35077
   1.77142   0.35268
   1.79607   0.35678
   1.82917   0.35952
   1.82951   0.35950
   1.82959   0.35952
   1.82970   0.35953
   1.86243   0.36009
   1.88544   0.35862
   1.89455   0.35862
   1.90436   0.35926
   1.92593   0.35916
   1.94627   0.35786
   1.95716   0.35699
   1.96756   0.35674
   1.98872   0.35615
   2.01427   0.35374
   2.02042   0.35267
   2.02574   0.35184
   2.05306   0.34930
   2.05583   0.34892
   2.08226   0.34341
   2.08565   0.34254
   2.09021   0.34147
   2.11814   0.33293
   2.13913   0.32485
   2.15021   0.32031
   2.16447   0.31327
   2.18031   0.30317
   2.19344   0.29396
   2.20946   0.28354
   2.22601   0.26796
   2.23341   0.25801
   2.24133   0.24660
   2.25515   0.23052
   2.26385   0.21221
   2.26663   0.19670
   2.26976   0.16857
   2.27151   0.16115
   2.27153   0.15593
   2.26867   0.14542
   2.25589   0.14269
   2.22862   0.13402
   2.18827   0.11982
   2.18390   0.11834
   2.18259   0.11903
   2.18205   0.11943
   2.18080   0.12028
   2.15601   0.13284
   2.14596   0.13674
   2.13101   0.14360
   2.11781   0.14945
   2.11035   0.15224
   2.10837   0.15308
   2.10514   0.15441
   2.08586   0.15994
   2.07520   0.16377
   2.06552   0.16636
   2.05119   0.16912
   2.04498   0.17003
   2.04096   0.17139
   2.02619   0.17366
   2.01125   0.17459
   2.00807   0.17535
   2.00774   0.17545
   2.00738   0.17558
   1.99146   0.18006
   1.97714   0.18283
   1.97502   0.18322
   1.97281   0.18373
   1.95877   0.18628
   1.94505   0.18774
   1.94237   0.18792
   1.93971   0.18823
   1.92593   0.18945
   1.91134   0.18964
   1.90934   0.18955
   1.90745   0.18953
   1.89254   0.18932
   1.87568   0.18765
   1.87565   0.18764
   1.87533   0.18762
   1.85694   0.18953
   1.84234   0.18960
   1.83793   0.18870
   1.83184   0.18840
   1.81760   0.18762
   1.80751   0.18636
   1.79725   0.18376
   1.78087   0.18083
   1.77538   0.17942
   1.77176   0.17839
   1.75499   0.17302
   1.75347   0.17246
   1.73539   0.16638
   1.72976   0.16460
   1.71867   0.16055
   1.70574   0.15417
   1.69877   0.15050
   1.68018   0.14199
   1.67978   0.14211
   1.64761   0.15018
   1.63131   0.15096
   1.60386   0.15018
   1.59228   0.14963
                    
   1.87562   0.18764
   1.87565   0.18764
                    
   2.51287  -0.54722
   2.48356  -0.53896
   2.47640  -0.53675
   2.47063  -0.54044
   2.46816  -0.54224
   2.46217  -0.54604
   2.40779  -0.57426
   2.38977  -0.58231
   2.34829  -0.60320
   2.29451  -0.63578
   2.29333  -0.63636
   2.29242  -0.63679
   2.26700  -0.65013
   2.23592  -0.66478
   2.23163  -0.66749
   2.18994  -0.69179
   2.17961  -0.69700
   2.16379  -0.70460
   2.11989  -0.72389
   2.09171  -0.73473
   2.05757  -0.74661
   1.99729  -0.76319
   1.99278  -0.76418
   1.98944  -0.76451
   1.92593  -0.76808
   1.87416  -0.76710
   1.86007  -0.76664
   1.85886  -0.76660
   1.85821  -0.76621
   1.85750  -0.76579
   1.79411  -0.74754
   1.75950  -0.73490
   1.73176  -0.72464
   1.68862  -0.70519
   1.67234  -0.69671
   1.66305  -0.69163
   1.62356  -0.66902
   1.61612  -0.66437
   1.56816  -0.64110
   1.55907  -0.63619
   1.55872  -0.63602
   1.55827  -0.63580
   1.50376  -0.60292
   1.46124  -0.58031
   1.44530  -0.57279
   1.40206  -0.54979
   1.38640  -0.53952
   1.37919  -0.53401
   1.36164  -0.52221
   1.31130  -0.51586
   1.31123  -0.51585
                    
   2.69343  -0.23430
   2.67247  -0.21873
   2.66512  -0.21146
   2.66550  -0.20241
   2.66572  -0.19823
   2.66604  -0.18744
   2.66411  -0.13016
   2.66232  -0.11030
   2.65786  -0.06404
   2.65801  -0.05533
   2.65689  -0.00571
   2.65650  -0.00000
   2.65592   0.00740
   2.64945   0.06330
   2.65230   0.10672
   2.65267   0.12284
   2.65303   0.12821
   2.65378   0.14220
   2.65267   0.19473
   2.65191   0.21689
   2.64873   0.26205
   2.67624   0.24205
   2.69572   0.22667
                    
   2.54063   0.51583
   2.54063   0.51583
   2.54062   0.51579
   2.53666   0.46705
   2.50760   0.48808
   2.48073   0.50557
   2.45179   0.52587
   2.41975   0.54327
   2.40168   0.55212
   2.39349   0.55722
   2.37932   0.56569
   2.33617   0.58589
   2.31379   0.59804
   2.28163   0.61611
   2.24409   0.63454
   2.22522   0.64183
   2.20626   0.65331
   2.17053   0.67204
   2.14500   0.68388
   2.11295   0.69798
   2.05818   0.71912
   2.05300   0.72068
   2.04960   0.72169
   2.03837   0.72551
   1.99062   0.73945
   1.93777   0.74055
   1.92593   0.74037
   1.91505   0.74004
   1.86157   0.73559
   1.82864   0.72770
   1.80457   0.72087
   1.79910   0.71927
   1.79084   0.71676
   1.73892   0.69792
   1.70354   0.68459
   1.68039   0.67460
   1.65089   0.66042
   1.62452   0.64637
   1.59581   0.63525
   1.56707   0.62155
   1.54387   0.60931
   1.51134   0.59210
   1.46891   0.57458
   1.45651   0.56881
   1.45059   0.56649
   1.42647   0.55634
   1.38881   0.53712
   1.37769   0.52911
   1.35191   0.51149
   1.34490   0.53026
   1.33898   0.54722
                    
   1.15842   0.23430
   1.17662   0.23523
   1.19599   0.24150
   1.19202   0.20857
   1.19077   0.19698
   1.18874   0.17522
   1.18784   0.13014
   1.18841   0.10879
   1.18941   0.06444
   1.18585   0.01094
   1.18568   0.00000
   1.18567  -0.01128
   1.18760  -0.06459
   1.18348  -0.10207
   1.18032  -0.13147
   1.17789  -0.17768
   1.17194  -0.18609
   1.16379  -0.20421
   1.15613  -0.22667
                    
   1.98540  -2.58014
   1.99535  -2.57543
   1.99767  -2.57355
   2.00391  -2.56832
   2.02856  -2.54971
   2.04756  -2.54588
   2.06255  -2.54203
   2.07572  -2.53812
   2.09597  -2.53134
   2.11174  -2.51908
   2.12282  -2.50769
   2.13926  -2.48868
   2.14606  -2.48106
   2.15651  -2.47757
   2.17407  -2.46240
   2.19172  -2.44513
   2.20205  -2.44279
   2.20360  -2.43235
   2.21534  -2.40951
   2.22365  -2.39022
   2.20500  -2.40084
   2.18656  -2.40971
   2.17177  -2.41251
   2.14271  -2.42141
   2.14071  -2.42264
   2.13908  -2.42362
   2.13522  -2.42314
   2.10033  -2.41574
   2.08978  -2.40643
   2.08558  -2.40132
   2.06140  -2.40132
   2.04800  -2.40007
   2.03429  -2.39905
   2.01084  -2.39688
   2.00958  -2.39649
   2.00900  -2.39631
   2.00648  -2.39616
   1.98681  -2.39389
   1.97135  -2.39340
   1.96563  -2.39182
   1.95702  -2.38906
   1.94515  -2.38639
   1.93588  -2.38555
   1.92593  -2.38485
   1.91531  -2.38358
   1.90711  -2.38173
   1.89571  -2.38754
   1.88739  -2.38522
   1.87840  -2.38230
   1.86489  -2.39446
   1.84627  -2.39647
   1.84289  -2.39665
   1.84233  -2.39635
   1.84185  -2.39608
   1.82042  -2.39292
   1.80377  -2.38910
   1.79928  -2.38603
   1.79525  -2.38314
   1.77913  -2.37631
   1.76555  -2.37277
   1.75463  -2.37081
   1.73379  -2.36540
   1.72912  -2.36348
   1.72608  -2.36346
   1.72249  -2.36457
   1.69542  -2.37567
   1.67533  -2.38297
   1.67092  -2.38438
   1.66659  -2.38427
   1.63362  -2.38098
   1.62235  -2.37923
   1.62167  -2.37758
   1.61704  -2.37452
   1.61813  -2.38025
   1.61901  -2.38157
   1.61792  -2.38846
   1.61528  -2.42733
   1.61539  -2.43508
   1.61565  -2.44636
   1.61814  -2.47445
   1.63691  -2.48944
   1.65177  -2.49339
   1.65757  -2.49474
   1.68352  -2.51286
   1.71105  -2.53051
   1.71455  -2.53279
   1.71838  -2.53522
   1.74720  -2.54995
   1.76905  -2.55382
   1.78170  -2.55548
   1.78430  -2.55577
   1.78825  -2.55617
   1.82109  -2.55792
   1.85224  -2.57608
   1.85359  -2.57692
   1.85425  -2.57733
   1.85751  -2.57876
   1.88883  -2.59068
   1.91981  -2.59138
   1.92593  -2.59177
   1.93269  -2.59209
   1.96292  -2.58953
   1.98540  -2.58014
                    
   1.67451  -1.86704
   1.67430  -1.85005
   1.69012  -1.82990
   1.71518  -1.81649
   1.72236  -1.81408
   1.73255  -1.81093
   1.75593  -1.80210
   1.77474  -1.80022
   1.79306  -1.80163
   1.82809  -1.80744
   1.82882  -1.80867
   1.83022  -1.80949
   1.83145  -1.80838
   1.86388  -1.81478
   1.87901  -1.81909
   1.89512  -1.81450
   1.90719  -1.81068
   1.92593  -1.80913
   1.94648  -1.80857
   1.95736  -1.80735
   1.96998  -1.81401
   1.98740  -1.81803
   2.00264  -1.82233
   2.01378  -1.83880
   2.03084  -1.82783
   2.05141  -1.82189
   2.06100  -1.81972
   2.08127  -1.81805
   2.08792  -1.81926
   2.09689  -1.82155
   2.11867  -1.83282
   2.13928  -1.84518
   2.14874  -1.84846
   2.15872  -1.85508
   2.17762  -1.86671
   2.19301  -1.87735
   2.20474  -1.88785
   2.21414  -1.89969
   2.22338  -1.91708
   2.23477  -1.94243
   2.23790  -1.94822
   2.24446  -1.95320
   2.25175  -1.97855
   2.25479  -1.99212
   2.23224  -2.00308
   2.21719  -2.00934
   2.20548  -2.01438
   2.17483  -2.03029
   2.16880  -2.02645
   2.15250  -2.01738
   2.14074  -2.01625
   2.11296  -2.01119
   2.11190  -2.01108
   2.11173  -2.01076
   2.11158  -2.01050
   2.09088  -2.00171
   2.07725  -1.99719
   2.07356  -1.99072
   2.07066  -1.98600
   2.05652  -1.98016
   2.04523  -1.97530
   2.03836  -1.97193
   2.03089  -1.96859
   2.01984  -1.96527
   2.01017  -1.95657
   2.00172  -1.95843
   1.98746  -1.96267
   1.98283  -1.95430
   1.97518  -1.96404
   1.96147  -1.96507
   1.94515  -1.96765
   1.94318  -1.96948
   1.94199  -1.96920
   1.93681  -1.97265
   1.92593  -1.97645
   1.91393  -1.98169
   1.90982  -1.98260
   1.90548  -1.98283
   1.89317  -1.98088
   1.87627  -1.97969
   1.87585  -1.97978
   1.87546  -1.97983
   1.87230  -1.97989
   1.85492  -1.97157
   1.84178  -1.96702
   1.83403  -1.96960
   1.83071  -1.97720
   1.81859  -1.98075
   1.80833  -1.98441
   1.80364  -1.99203
   1.77077  -1.97936
   1.76923  -1.97894
   1.76810  -1.97858
   1.75924  -1.97601
   1.73018  -1.97092
   1.72690  -1.97337
   1.71103  -1.98127
   1.68219  -1.95522
   1.70996  -1.95070
   1.69688  -1.92767
   1.68654  -1.90668
   1.67645  -1.89030
   1.67451  -1.86704
                    
   1.62445  -2.02993
   1.63090  -2.02910
   1.64449  -2.01106
   1.64868  -2.00660
   1.65447  -2.00071
   1.66850  -1.98642
   1.66827  -1.95882
   1.66860  -1.95347
   1.63896  -1.92946
   1.61243  -1.92730
   1.59059  -1.93186
   1.57921  -1.95546
   1.57481  -1.96395
   1.57022  -1.97336
   1.56171  -1.99683
   1.56546  -2.01395
   1.57909  -2.03130
   1.60187  -2.03419
   1.62445  -2.02993
                    
   2.50498  -2.72223
   2.52216  -2.69069
   2.52819  -2.67203
   2.53958  -2.62987
   2.50937  -2.65623
   2.47861  -2.68025
   2.45631  -2.69705
   2.42877  -2.72217
   2.40867  -2.74198
   2.38221  -2.76591
   2.35743  -2.78293
   2.32522  -2.80101
   2.29783  -2.81082
   2.28534  -2.81488
   2.23820  -2.83634
   2.20147  -2.85989
   2.18217  -2.87070
   2.14715  -2.88841
   2.12236  -2.89978
   2.10574  -2.90498
   2.05849  -2.91850
   1.99435  -2.93171
   1.99288  -2.93192
   1.99164  -2.93207
   1.97091  -2.93419
   1.92593  -2.93900
   1.87311  -2.94123
   1.85845  -2.93796
   1.85012  -2.93608
   1.82877  -2.92935
   1.79313  -2.91979
   1.74734  -2.90468
   1.72995  -2.89804
   1.70432  -2.88802
   1.66977  -2.87046
   1.65085  -2.85984
   1.61213  -2.83960
   1.56350  -2.81009
   1.55690  -2.80584
   1.55152  -2.80230
   1.51474  -2.77488
   1.50536  -2.76730
   1.50205  -2.76611
   1.46274  -2.75049
   1.43981  -2.74600
   1.41323  -2.73961
   1.39326  -2.74149
   1.36708  -2.74255
                    
   2.48478  -1.59078
   2.48473  -1.60786
   2.49547  -1.63201
   2.49420  -1.64880
   2.47584  -1.64324
   2.45627  -1.63632
   2.42369  -1.62700
   2.40448  -1.62246
   2.39139  -1.61195
   2.37640  -1.60051
   2.33570  -1.58145
   2.31052  -1.56220
   2.28412  -1.54625
   2.25691  -1.53137
   2.22976  -1.51510
   2.19674  -1.50073
   2.17159  -1.49171
   2.14399  -1.48301
   2.11164  -1.47356
   2.07020  -1.45778
   2.05214  -1.45090
   2.04261  -1.44749
   1.99014  -1.43531
   1.98992  -1.43527
   1.93708  -1.42648
   1.92593  -1.42384
   1.89820  -1.41810
   1.86012  -1.41453
   1.82110  -1.42622
   1.79699  -1.43541
   1.78655  -1.43970
   1.75084  -1.45368
   1.73655  -1.45991
   1.69708  -1.48075
   1.67995  -1.49086
   1.64569  -1.51322
   1.62738  -1.52643
   1.60680  -1.53206
   1.56667  -1.54442
   1.54703  -1.55148
   1.50748  -1.56906
   1.49068  -1.57542
   1.46046  -1.58820
   1.44346  -1.59169
   1.40451  -1.60165
   1.39428  -1.58919
   1.36140  -1.60214
   1.34687  -1.61110
                    
   1.16507  -2.42172
   1.16690  -2.37005
   1.15970  -2.33798
   1.17538  -2.33340
   1.17659  -2.29879
   1.17961  -2.26331
   1.18620  -2.23138
   1.18913  -2.17147
   1.18994  -2.16667
   1.19038  -2.16417
   1.19210  -2.14427
   1.19743  -2.10293
   1.19575  -2.09020
   1.19220  -2.05283
   1.19058  -2.03701
   1.18792  -1.98811
   1.18813  -1.96897
   1.19037  -1.95988
   1.19255  -1.93584
   1.17940  -1.94808
   1.17079  -1.96433
   1.14302  -1.99057
                    
   2.70883  -2.34277
   2.70226  -2.32505
   2.69389  -2.30208
   2.68597  -2.28268
   2.67345  -2.26160
   2.66300  -2.23115
   2.67051  -2.18636
   2.68067  -2.16667
   2.69421  -2.13723
   2.70037  -2.11365
   2.70465  -2.09854
   2.70242  -2.07172
   2.68920  -2.07428
   2.66336  -2.03664
   2.65387  -2.02420
   2.63926  -1.97553
   2.63620  -1.93417
   2.63452  -1.90876
   2.62729  -1.85169
   2.67274  -1.89485
   2.67908  -1.90158
   2.68678  -1.91162
                    
   1.97169  -4.74855
   1.99769  -4.74408
   1.99832  -4.74390
   1.99907  -4.74368
   2.03350  -4.73480
   2.06491  -4.72362
   2.06746  -4.72220
   2.07080  -4.72030
   2.09988  -4.70637
   2.12479  -4.69132
   2.12988  -4.68659
   2.13721  -4.67947
   2.15713  -4.66353
   2.17276  -4.64880
   2.18061  -4.63685
   2.19235  -4.61669
   2.19952  -4.60693
   2.20421  -4.59910
   2.21160  -4.57304
   2.21190  -4.57174
   2.21055  -4.57216
   2.18688  -4.57828
   2.17310  -4.58051
   2.14566  -4.58092
   2.13788  -4.58046
   2.13218  -4.57913
   2.09050  -4.56457
   2.08869  -4.56489
   2.08817  -4.56505
   2.08732  -4.56526
   2.06159  -4.56830
   2.04793  -4.56867
   2.03620  -4.56982
   2.01856  -4.57055
   2.01201  -4.56985
   2.00823  -4.56934
   1.98893  -4.56847
   1.98813  -4.56847
   1.96960  -4.56748
   1.96722  -4.56751
   1.96443  -4.56751
   1.94619  -4.56500
   1.93150  -4.56398
   1.92593  -4.56363
   1.91999  -4.56310
   1.90604  -4.56058
   1.89255  -4.55953
   1.88617  -4.55878
   1.88004  -4.55787
   1.86647  -4.55523
   1.85035  -4.55409
   1.84587  -4.55329
   1.84200  -4.55252
   1.82509  -4.54958
   1.81236  -4.54841
   1.80410  -4.54722
   1.80248  -4.54715
   1.79973  -4.54701
   1.77911  -4.54301
   1.76547  -4.53995
   1.75398  -4.53825
   1.73086  -4.53278
   1.72769  -4.53157
   1.72592  -4.53083
   1.72082  -4.52950
   1.68530  -4.53524
   1.67565  -4.53584
   1.66361  -4.53526
   1.64137  -4.53258
   1.62651  -4.52894
   1.60578  -4.52339
   1.60179  -4.54657
   1.60313  -4.55936
   1.60957  -4.58385
   1.61211  -4.59666
   1.61328  -4.60180
   1.62334  -4.62133
   1.62864  -4.63062
   1.64832  -4.65474
   1.65310  -4.65848
   1.65758  -4.66189
   1.68075  -4.68349
   1.70424  -4.69936
   1.71239  -4.70320
   1.71932  -4.70630
   1.74557  -4.72012
   1.77349  -4.73109
   1.78046  -4.73301
   1.78642  -4.73454
   1.81618  -4.74291
   1.84832  -4.74883
   1.85257  -4.74934
   1.85641  -4.74977
   1.88925  -4.75260
   1.92442  -4.75282
   1.92593  -4.75281
   1.92740  -4.75278
   1.96236  -4.74975
   1.97169  -4.74855
                    
   1.61304  -4.18743
   1.63056  -4.18386
   1.64677  -4.18172
   1.66521  -4.18281
   1.68384  -4.18520
   1.69699  -4.17895
   1.70162  -4.17627
   1.70986  -4.17166
   1.72528  -4.16497
   1.73352  -4.16198
   1.74883  -4.15624
   1.76615  -4.14996
   1.77004  -4.14878
   1.77087  -4.14854
   1.77213  -4.14818
   1.79305  -4.14356
   1.80632  -4.14009
   1.81367  -4.13891
   1.82390  -4.13775
   1.83429  -4.13682
   1.84183  -4.13502
   1.85324  -4.13362
   1.86699  -4.13285
   1.87211  -4.13250
   1.87658  -4.13165
   1.89011  -4.13023
   1.90463  -4.12972
   1.90810  -4.12962
   1.91142  -4.12956
   1.92593  -4.13007
   1.94099  -4.13172
   1.94353  -4.13209
   1.94595  -4.13250
   1.96083  -4.13538
   1.97591  -4.13953
   1.97769  -4.14014
   1.97951  -4.14054
   1.99508  -4.14333
   2.00923  -4.14701
   2.01225  -4.14822
   2.01608  -4.14877
   2.03127  -4.15087
   2.04302  -4.15340
   2.05018  -4.15588
   2.06109  -4.15800
   2.07101  -4.16043
   2.07774  -4.16241
   2.09161  -4.16765
   2.10942  -4.17368
   2.11306  -4.17516
   2.11402  -4.17550
   2.11576  -4.17613
   2.13640  -4.18596
   2.14841  -4.19213
   2.16088  -4.19768
   2.18103  -4.20894
   2.18855  -4.20652
   2.20175  -4.20472
   2.22966  -4.20168
   2.24999  -4.20084
   2.27467  -4.20297
   2.27979  -4.17909
   2.27915  -4.16862
   2.27508  -4.15442
   2.27143  -4.13386
   2.26866  -4.12164
   2.25830  -4.10060
   2.24249  -4.08193
   2.23612  -4.07305
   2.23015  -4.06515
   2.21178  -4.04748
   2.19374  -4.03544
   2.18246  -4.02761
   2.16880  -4.01889
   2.15209  -4.01033
   2.13891  -4.00476
   2.11989  -3.99737
   2.09471  -3.98939
   2.08719  -3.98749
   2.08151  -3.98595
   2.05459  -3.97984
   2.03145  -3.97629
   2.02327  -3.97585
   2.02177  -3.97562
   2.02005  -3.97530
   1.98964  -3.97202
   1.96425  -3.97126
   1.95762  -3.97110
   1.95070  -3.97049
   1.92593  -3.96860
   1.89928  -3.96847
   1.89404  -3.96883
   1.88916  -3.96885
   1.86133  -3.96697
   1.85983  -3.96693
   1.83129  -3.96883
   1.82834  -3.96915
   1.82446  -3.96937
   1.79465  -3.97267
   1.77228  -3.97680
   1.76087  -3.97937
   1.74554  -3.98347
   1.72761  -3.98984
   1.71371  -3.99548
   1.69477  -4.00321
   1.67142  -4.01607
   1.66419  -4.02141
   1.65763  -4.02648
   1.63456  -4.04197
   1.61200  -4.06485
   1.60986  -4.06813
   1.60728  -4.07219
   1.58737  -4.09627
   1.57716  -4.12240
   1.57618  -4.13141
   1.57495  -4.15062
   1.57223  -4.16840
   1.57390  -4.17869
   1.58027  -4.19498
   1.59623  -4.19114
   1.61304  -4.18743
                    
   2.68553  -4.59210
   2.67747  -4.58456
   2.65935  -4.56402
   2.66152  -4.54008
   2.66238  -4.53066
   2.66359  -4.51048
   2.66340  -4.46337
   2.66238  -4.44356
   2.65956  -4.39752
   2.65981  -4.35393
   2.65911  -4.33511
   2.65901  -4.33333
   2.65888  -4.33114
   2.65279  -4.26974
   2.65403  -4.23919
   2.65404  -4.21224
   2.65423  -4.20491
   2.65437  -4.18924
   2.65118  -4.13900
   2.64897  -4.11343
   2.64399  -4.07198
   2.64011  -4.04861
   2.66342  -4.06491
   2.67820  -4.07615
   2.68855  -4.08361
                    
   2.55150  -3.83072
   2.55037  -3.86000
   2.54870  -3.88248
   2.50502  -3.84742
   2.48150  -3.83076
   2.45124  -3.80802
   2.41730  -3.78784
   2.40087  -3.77900
   2.39456  -3.77484
   2.38469  -3.76853
   2.33801  -3.74482
   2.31086  -3.72952
   2.28351  -3.71398
   2.25258  -3.69826
   2.22696  -3.68776
   2.20083  -3.67273
   2.17160  -3.65835
   2.14940  -3.64851
   2.11351  -3.63327
   2.05591  -3.61235
   2.05319  -3.61159
   2.05126  -3.61106
   2.04407  -3.60873
   1.99061  -3.59395
   1.93865  -3.59232
   1.92593  -3.59236
   1.91375  -3.59261
   1.86146  -3.59646
   1.81380  -3.60778
   1.80131  -3.61131
   1.79874  -3.61202
   1.79509  -3.61305
   1.73815  -3.63255
   1.69772  -3.64754
   1.67914  -3.65530
   1.65653  -3.66559
   1.62265  -3.68296
   1.58629  -3.69770
   1.56499  -3.70818
   1.54737  -3.71751
   1.50916  -3.73813
   1.47584  -3.75331
   1.45723  -3.76274
   1.44988  -3.76601
   1.42713  -3.77683
   1.39042  -3.79783
   1.37639  -3.80858
   1.33886  -3.83686
   1.32738  -3.81030
   1.32384  -3.80281
                    
   1.16632  -4.07457
   1.17339  -4.07387
   1.19475  -4.06721
   1.20575  -4.06412
   1.20444  -4.07074
   1.19665  -4.11986
   1.19431  -4.13730
   1.19096  -4.16667
   1.18945  -4.20347
   1.18941  -4.22319
   1.18934  -4.26889
   1.18563  -4.32198
   1.18542  -4.33333
   1.18538  -4.34516
   1.18717  -4.39797
   1.18450  -4.43682
   1.18272  -4.46438
   1.18281  -4.53057
   1.18231  -4.53126
   1.18159  -4.53278
   1.16330  -4.58305
                    
   1.30036  -4.83595
   1.30824  -4.83752
   1.32153  -4.84048
   1.35311  -4.84617
   1.37819  -4.86408
   1.38769  -4.87157
   1.40621  -4.88432
   1.44522  -4.90622
   1.46159  -4.91447
   1.50296  -4.93739
   1.55507  -4.96906
   1.55803  -4.97055
   1.56040  -4.97172
   1.61557  -4.99890
   1.66213  -5.02509
   1.67220  -5.03044
   1.68898  -5.03891
   1.73188  -5.05752
   1.76072  -5.06791
   1.79431  -5.07977
   1.85485  -5.09671
   1.85906  -5.09758
   1.86247  -5.09782
   1.92593  -5.09934
   1.98500  -5.09602
   1.99259  -5.09528
   2.00258  -5.09315
   2.05727  -5.07822
   2.08917  -5.06737
   2.11960  -5.05612
   2.16464  -5.03702
   2.17950  -5.03001
   2.18950  -5.02506
   2.23623  -4.99879
   2.29175  -4.97122
   2.29366  -4.97028
   2.29605  -4.96908
   2.34860  -4.93697
   2.39021  -4.91461
   2.40686  -4.90649
   2.44920  -4.88330
   2.46518  -4.87259
   2.47287  -4.86668
   2.49293  -4.85259
   2.51607  -4.85991
   2.52801  -4.86385
                    
   3.68117  -0.47395
   3.69397  -0.47667
   3.72283  -0.48151
   3.75700  -0.48375
   3.76640  -0.48463
   3.77771  -0.48544
   3.80946  -0.48458
   3.83365  -0.48354
   3.85185  -0.48249
   3.87285  -0.48041
   3.89358  -0.47691
   3.91332  -0.47574
   3.93508  -0.47201
   3.95740  -0.46709
   3.97607  -0.46358
   3.99820  -0.45958
   4.01641  -0.45212
   4.03644  -0.44287
   4.05592  -0.43762
   4.07269  -0.42615
   4.08724  -0.40771
   4.10406  -0.38311
   4.11064  -0.37499
   4.11255  -0.37231
   4.11706  -0.36307
   4.12996  -0.33144
   4.13314  -0.32190
   4.13843  -0.30393
   4.14176  -0.28991
   4.14635  -0.26755
   4.14944  -0.24971
   4.15210  -0.22016
   4.15271  -0.21386
   4.15332  -0.21109
   4.15503  -0.20723
   4.16480  -0.18068
   4.17032  -0.16162
   4.17341  -0.14995
   4.17953  -0.13861
   4.18909  -0.12274
   4.20030  -0.10122
   4.20296  -0.09408
   4.20560  -0.08835
   4.21842  -0.06515
   4.21873  -0.06469
   4.23311  -0.04126
   4.23922  -0.03389
   4.24369  -0.01963
   4.24821  -0.00000
   4.25086   0.01464
   4.25447   0.03522
   4.24922   0.05682
   4.24687   0.06965
   4.24400   0.08286
   4.23675   0.10313
   4.23022   0.12042
   4.22552   0.13600
   4.22047   0.15059
   4.21161   0.16776
   4.20538   0.18829
   4.20097   0.20156
   4.19737   0.21136
   4.18687   0.23458
   4.17166   0.26739
   4.17133   0.26807
   4.17111   0.26852
   4.16976   0.27099
   4.15202   0.30017
   4.13361   0.32196
   4.12682   0.32770
   4.12000   0.33323
   4.09874   0.35260
   4.07840   0.36748
   4.06725   0.37308
   4.05736   0.37772
   4.03404   0.39070
   4.00968   0.40051
   3.99859   0.40317
   3.98976   0.40507
   3.96246   0.41280
   3.93317   0.41839
   3.92573   0.41897
   3.91957   0.41934
   3.88878   0.42211
   3.85822   0.42500
   3.85185   0.42540
   3.84481   0.42574
   3.81463   0.42549
   3.78798   0.42531
   3.77675   0.42594
   3.75978   0.42629
   3.73826   0.42393
   3.72101   0.42059
   3.69932   0.41908
   3.66294   0.41392
   3.65938   0.41275
   3.65629   0.41104
   3.62280   0.39673
   3.61627   0.39356
   3.58977   0.38383
   3.57985   0.38846
   3.57608   0.37855
   3.57877   0.36852
   3.56185   0.34561
   3.54796   0.32392
   3.54176   0.31009
   3.53081   0.27502
   3.52967   0.27035
   3.52923   0.26849
   3.52824   0.26415
   3.52263   0.23053
   3.51727   0.21252
   3.51284   0.19573
   3.50763   0.16930
   3.50654   0.16102
   3.50330   0.15536
   3.49114   0.13129
   3.48175   0.10914
   3.47829   0.10009
   3.47312   0.08900
   3.46448   0.06830
   3.45881   0.05240
   3.45360   0.03484
   3.45515   0.01628
   3.45521   0.00000
   3.45596  -0.01685
   3.45935  -0.03434
   3.46463  -0.04674
   3.47011  -0.06731
   3.47800  -0.09103
   3.48234  -0.09901
   3.48459  -0.10553
   3.49172  -0.13108
   3.50008  -0.15470
   3.50398  -0.16222
   3.50573  -0.17291
   3.51114  -0.19671
   3.51565  -0.21238
   3.52173  -0.23115
   3.52741  -0.26313
   3.52868  -0.26848
   3.52902  -0.27089
   3.53027  -0.27888
   3.53912  -0.31273
   3.54305  -0.32414
   3.54894  -0.34442
   3.55028  -0.35940
   3.55366  -0.38229
   3.56270  -0.41053
   3.56328  -0.41212
   3.59191  -0.43687
   3.59783  -0.43997
   3.60320  -0.44269
   3.63570  -0.46354
   3.67631  -0.47348
   3.67941  -0.47379
   3.68117  -0.47395
                    
   3.25876   0.05189
   3.26173   0.08662
   3.26368   0.10371
   3.26649   0.12302
   3.27307   0.15508
   3.28209   0.18522
   3.28886   0.20491
   3.29632   0.22440
   3.30893   0.25317
   3.33222   0.28563
   3.33998   0.29553
   3.34525   0.30201
   3.37189   0.33173
   3.37440   0.33432
   3.40467   0.35950
   3.41465   0.36685
   3.43402   0.38011
   3.45725   0.39460
   3.47048   0.40777
   3.49335   0.42725
   3.51834   0.44627
   3.53214   0.45659
   3.55739   0.49829
   3.56107   0.50364
   3.56203   0.50500
   3.56367   0.50731
   3.59634   0.54794
   3.60618   0.56051
   3.62875   0.58064
   3.63808   0.58735
   3.67019   0.60840
   3.68691   0.61556
   3.70854   0.62175
   3.74053   0.63135
   3.76554   0.63761
   3.79570   0.64183
   3.82600   0.64281
   3.85185   0.64244
   3.88032   0.64083
   3.90768   0.63814
   3.93080   0.63378
   3.96191   0.62416
   4.00846   0.60625
   4.01376   0.60427
   4.01782   0.60276
   4.03209   0.59534
   4.06237   0.57840
   4.09210   0.55934
   4.10703   0.54723
   4.13563   0.52371
   4.14804   0.51301
   4.15498   0.50673
   4.17420   0.48631
   4.18426   0.47472
   4.21264   0.44719
   4.22018   0.43896
   4.23059   0.42704
   4.25225   0.40039
   4.28090   0.37841
   4.29185   0.36920
   4.29903   0.36290
   4.32890   0.33403
   4.33425   0.32817
   4.35819   0.29980
   4.36224   0.29467
   4.36798   0.28717
   4.39230   0.25201
   4.40447   0.21376
   4.40772   0.20232
   4.41017   0.19307
   4.41840   0.15181
   4.42116   0.12767
   4.42282   0.10452
   4.42297   0.10070
   4.42312   0.09523
   4.42274   0.04995
   4.42606   0.01138
   4.42692  -0.00000
   4.42747  -0.00970
   4.42655  -0.05028
   4.43043  -0.07520
   4.43270  -0.09556
   4.43284  -0.10244
   4.43288  -0.11391
   4.43248  -0.15558
   4.43150  -0.17798
   4.42773  -0.20960
   4.41920  -0.25500
   4.41787  -0.26163
   4.41733  -0.26369
   4.41625  -0.26614
   4.39308  -0.31248
   4.36752  -0.35467
   4.36462  -0.35905
   4.36150  -0.36275
   4.33990  -0.38564
   4.32679  -0.39852
   4.29374  -0.42782
   4.28544  -0.43358
   4.27365  -0.44279
   4.24411  -0.46747
   4.21597  -0.48825
   4.19968  -0.49675
   4.18597  -0.50914
   4.16112  -0.53568
   4.15149  -0.54509
   4.12416  -0.56556
   4.11757  -0.56984
   4.10684  -0.57770
   4.07158  -0.60371
   4.05443  -0.61497
   4.02093  -0.63101
   3.97248  -0.64534
   3.96597  -0.64720
   3.96112  -0.64853
   3.90943  -0.65814
   3.85520  -0.65877
   3.85185  -0.65859
   3.84788  -0.65835
   3.79464  -0.65388
   3.74913  -0.64557
   3.73854  -0.64261
   3.72408  -0.63826
   3.68411  -0.62602
   3.65490  -0.61331
   3.63319  -0.60078
   3.59615  -0.57648
   3.58611  -0.56988
   3.57963  -0.56554
   3.55628  -0.54731
   3.54520  -0.53113
   3.53116  -0.50837
   3.51096  -0.48684
   3.48541  -0.48068
   3.46059  -0.46628
   3.42392  -0.44187
   3.41516  -0.43669
   3.41116  -0.43506
   3.40294  -0.43056
   3.36761  -0.40633
   3.34251  -0.38664
   3.32460  -0.36918
   3.30370  -0.34191
   3.29085  -0.32390
   3.28109  -0.30930
   3.26115  -0.27545
   3.25091  -0.24036
   3.24669  -0.22026
   3.24135  -0.18799
   3.23803  -0.16447
   3.23695  -0.14933
   3.23816  -0.10821
   3.23849  -0.10343
   3.24278  -0.06657
   3.24535  -0.05306
   3.24686  -0.03013
   3.24943   0.00000
   3.25229   0.02201
   3.25876   0.05189
                    
   3.25467  -2.16667
   3.26016  -2.17757
   3.26875  -2.18670
   3.29919  -2.21502
   3.27339  -2.24277
   3.26344  -2.25498
   3.23692  -2.26033
   3.22735  -2.27678
   3.21661  -2.29739
   3.21469  -2.33739
   3.23272  -2.38460
   3.23656  -2.39062
   3.24457  -2.40270
   3.26539  -2.44014
   3.28149  -2.47215
   3.29069  -2.49065
   3.29921  -2.50658
   3.32043  -2.53877
   3.34285  -2.56075
   3.36201  -2.57770
   3.39472  -2.60358
   3.40645  -2.61207
   3.41400  -2.61864
   3.44536  -2.63749
   3.45495  -2.63967
   3.48477  -2.64518
   3.50539  -2.63611
   3.53295  -2.62211
   3.53683  -2.65776
   3.53972  -2.67433
   3.55070  -2.68828
   3.58886  -2.73021
   3.58903  -2.73040
   3.58937  -2.73059
   3.63814  -2.75384
   3.68248  -2.77070
   3.68949  -2.77259
   3.70082  -2.77958
   3.73963  -2.80312
   3.75316  -2.81035
   3.79427  -2.82489
   3.84775  -2.82493
   3.85185  -2.82486
   3.85622  -2.82475
   3.90901  -2.81998
   3.95175  -2.81092
   3.96437  -2.80480
   3.99551  -2.78802
   4.01599  -2.77923
   4.02962  -2.77373
   4.06621  -2.75562
   4.09458  -2.73937
   4.11093  -2.72975
   4.11345  -2.72767
   4.12675  -2.70862
   4.14713  -2.67811
   4.15032  -2.67284
   4.15093  -2.66762
   4.15273  -2.64695
   4.15587  -2.61553
   4.14968  -2.60957
   4.14408  -2.58401
   4.16551  -2.60071
   4.17044  -2.60530
   4.22233  -2.60819
   4.22801  -2.60810
   4.23958  -2.60264
   4.27114  -2.58595
   4.29595  -2.57851
   4.31814  -2.55793
   4.34602  -2.52886
   4.35653  -2.52005
   4.36131  -2.51088
   4.38784  -2.47612
   4.40664  -2.44795
   4.41666  -2.43492
   4.41922  -2.43124
   4.41886  -2.42776
   4.41809  -2.42413
   4.41965  -2.37333
   4.41892  -2.35378
   4.42383  -2.31993
   4.42298  -2.28592
   4.42200  -2.27191
   4.41761  -2.26642
   4.38960  -2.23543
   4.37793  -2.22761
   4.36747  -2.21178
   4.37643  -2.19269
   4.39352  -2.18894
   4.42528  -2.16667
   4.43144  -2.16181
   4.43510  -2.15155
   4.44627  -2.11466
   4.43617  -2.07438
   4.43393  -2.06403
   4.43180  -2.05493
   4.41573  -2.01558
   4.41421  -2.01122
   4.39858  -1.97173
   4.39734  -1.96812
   4.39613  -1.96467
   4.37553  -1.92247
   4.35614  -1.88154
   4.35333  -1.87714
   4.35010  -1.87219
   4.32745  -1.83365
   4.29904  -1.80613
   4.28673  -1.80176
   4.24084  -1.78906
   4.23579  -1.78964
   4.23215  -1.78637
   4.22940  -1.78277
   4.21655  -1.76555
   4.20542  -1.74530
   4.18970  -1.72013
   4.17685  -1.70253
   4.15316  -1.66704
   4.14844  -1.66073
   4.14565  -1.65780
   4.13941  -1.65142
   4.10716  -1.61916
   4.09669  -1.60634
   4.09620  -1.59465
   4.06830  -1.57199
   4.04432  -1.55474
   4.01867  -1.54410
   3.98896  -1.53814
   3.96269  -1.53808
   3.91659  -1.54075
   3.90664  -1.54045
   3.89590  -1.53828
   3.85185  -1.52929
   3.82405  -1.52533
   3.79566  -1.52439
   3.76598  -1.52928
   3.74051  -1.53521
   3.70938  -1.54399
   3.68687  -1.55095
   3.66781  -1.55746
   3.63524  -1.57152
   3.59509  -1.59201
   3.58610  -1.59676
   3.58041  -1.60127
   3.57104  -1.61164
   3.55309  -1.64919
   3.54873  -1.65994
   3.54904  -1.66796
   3.55041  -1.68812
   3.55066  -1.71590
   3.56448  -1.72503
   3.58328  -1.74239
   3.59501  -1.75389
   3.62082  -1.77043
   3.62332  -1.77083
   3.64963  -1.77635
   3.67147  -1.77983
   3.69074  -1.76455
   3.70338  -1.75875
   3.71787  -1.75270
   3.73812  -1.74221
   3.75959  -1.74025
   3.77639  -1.73870
   3.79027  -1.73793
   3.81445  -1.73918
   3.84059  -1.74909
   3.84873  -1.75268
   3.85185  -1.75269
   3.85502  -1.75273
   3.88716  -1.76309
   3.92363  -1.75591
   3.92427  -1.75599
   3.92484  -1.75605
   3.92603  -1.75557
   3.96545  -1.74272
   3.98174  -1.74413
   4.00340  -1.75029
   4.02676  -1.75829
   4.04050  -1.76210
   4.05522  -1.78049
   4.06561  -1.79642
   4.06900  -1.80207
   4.07829  -1.81563
   4.08734  -1.83035
   4.10990  -1.84864
   4.11435  -1.85383
   4.12011  -1.86082
   4.13868  -1.87984
   4.16116  -1.89829
   4.16447  -1.90435
   4.16893  -1.91299
   4.18995  -1.92993
   4.20137  -1.95583
   4.19699  -1.96740
   4.18315  -1.99678
   4.18379  -2.00793
   4.18429  -2.01165
   4.18628  -2.01549
   4.20075  -2.03968
   4.20399  -2.04576
   4.22341  -2.05562
   4.22849  -2.06575
   4.22857  -2.07681
   4.24095  -2.09806
   4.24773  -2.11140
   4.24782  -2.13202
   4.24855  -2.15039
   4.25589  -2.16667
   4.25927  -2.17503
   4.25750  -2.20216
   4.24844  -2.22267
   4.24578  -2.23613
   4.24247  -2.25027
   4.23328  -2.26887
   4.22781  -2.28368
   4.20346  -2.28910
   4.19275  -2.29074
   4.17193  -2.29283
   4.15533  -2.29890
   4.14312  -2.30249
   4.14628  -2.31798
   4.14817  -2.33143
   4.15325  -2.34068
   4.16543  -2.36739
   4.17601  -2.37990
   4.17595  -2.39360
   4.16575  -2.40749
   4.15891  -2.42432
   4.15417  -2.43475
   4.13756  -2.45237
   4.13173  -2.47677
   4.12837  -2.48792
   4.12656  -2.49406
   4.11869  -2.51682
   4.11040  -2.53591
   4.10422  -2.54044
   4.07511  -2.55335
   4.05273  -2.56160
   4.03926  -2.56856
   4.02953  -2.57620
   4.01349  -2.59592
   4.00998  -2.60112
   3.99320  -2.62352
   3.97596  -2.62983
   3.95525  -2.63728
   3.93543  -2.64066
   3.91445  -2.64331
   3.89401  -2.64852
   3.87013  -2.65012
   3.85185  -2.65129
   3.83506  -2.65175
   3.80954  -2.65029
   3.77739  -2.65234
   3.76604  -2.65335
   3.75935  -2.65381
   3.72211  -2.65088
   3.68580  -2.63599
   3.68244  -2.63211
   3.67040  -2.61731
   3.64924  -2.60116
   3.60434  -2.60357
   3.60138  -2.60354
   3.59948  -2.60378
   3.58137  -2.60563
   3.54421  -2.60602
   3.54575  -2.56472
   3.54740  -2.54973
   3.55649  -2.51866
   3.55677  -2.51782
   3.55072  -2.49043
   3.54469  -2.47383
   3.53123  -2.43899
   3.53038  -2.43641
   3.52998  -2.43516
   3.52891  -2.43163
   3.52080  -2.39847
   3.50845  -2.37829
   3.50634  -2.36615
   3.50363  -2.34369
   3.49854  -2.33142
   3.49869  -2.32106
   3.49252  -2.29745
   3.48721  -2.26895
   3.48748  -2.26430
   3.48583  -2.26074
   3.48883  -2.24934
   3.49074  -2.23034
   3.49447  -2.20791
   3.49665  -2.19774
   3.49237  -2.18843
   3.48109  -2.16667
   3.47955  -2.16331
   3.46573  -2.14329
   3.46690  -2.13299
   3.45097  -2.10612
   3.44567  -2.09505
   3.44428  -2.09194
   3.44180  -2.08693
   3.42783  -2.05305
   3.45836  -2.02643
   3.46008  -2.02513
   3.46091  -2.02438
   3.46312  -2.02241
   3.49408  -1.99984
   3.49573  -1.97237
   3.50785  -1.96806
   3.54283  -1.95901
   3.54768  -1.95603
   3.54933  -1.95484
   3.54982  -1.95288
   3.55000  -1.94872
   3.53574  -1.90142
   3.53507  -1.89815
   3.56455  -1.87936
   3.56513  -1.86287
   3.56689  -1.84433
   3.56662  -1.82674
   3.56749  -1.80678
   3.52942  -1.78203
   3.52936  -1.78178
   3.52918  -1.78114
   3.52878  -1.78165
   3.52853  -1.78197
   3.48131  -1.79613
   3.46676  -1.80854
   3.45629  -1.79595
   3.41275  -1.79822
   3.40472  -1.79916
   3.39680  -1.80152
   3.35322  -1.81752
   3.34367  -1.84845
   3.33627  -1.86900
   3.33237  -1.88097
   3.33175  -1.90227
   3.33214  -1.92432
   3.31119  -1.94737
   3.30118  -1.95946
   3.29702  -1.96472
   3.28702  -1.97800
   3.26564  -2.00959
   3.25779  -2.02352
   3.24555  -2.05976
   3.23222  -2.11220
   3.23218  -2.11243
   3.23218  -2.11245
   3.23218  -2.11245
   3.23219  -2.11253
   3.25467  -2.16667
                    
   3.50041  -1.94086
   3.53606  -1.94555
   3.52709  -1.90393
   3.52635  -1.89824
   3.48778  -1.88767
   3.47092  -1.87773
   3.46159  -1.89340
   3.45671  -1.90632
   3.46743  -1.91646
   3.48433  -1.93996
   3.50041  -1.94086
                    
   3.58903  -2.73040
   3.58899  -2.73037
                    
   3.68299  -4.81084
   3.72056  -4.81800
   3.72193  -4.81821
   3.75949  -4.82068
   3.76581  -4.82128
   3.77337  -4.82189
   3.80917  -4.82118
   3.83662  -4.82010
   3.85185  -4.81925
   3.86931  -4.81768
   3.89389  -4.81379
   3.91724  -4.81218
   3.93570  -4.80885
   3.95485  -4.80460
   3.97699  -4.80035
   4.00260  -4.79522
   4.01766  -4.78889
   4.03450  -4.78107
   4.05751  -4.77436
   4.07713  -4.76095
   4.08988  -4.74560
   4.11481  -4.71020
   4.11533  -4.70962
   4.11548  -4.70919
   4.11555  -4.70863
   4.13178  -4.66694
   4.13515  -4.65548
   4.13930  -4.63644
   4.14148  -4.62297
   4.14450  -4.60073
   4.14597  -4.58013
   4.14598  -4.56160
   4.14825  -4.54747
   4.14979  -4.54195
   4.15324  -4.53479
   4.16178  -4.51227
   4.16697  -4.49556
   4.17119  -4.48224
   4.17797  -4.46926
   4.18603  -4.45497
   4.19514  -4.43659
   4.19886  -4.42632
   4.20243  -4.41761
   4.21279  -4.39698
   4.22176  -4.37557
   4.22642  -4.36880
   4.22874  -4.36631
   4.23078  -4.36116
   4.23934  -4.33333
   4.24388  -4.31384
   4.24729  -4.29874
   4.24371  -4.28211
   4.24071  -4.26477
   4.23683  -4.24709
   4.23146  -4.23162
   4.22679  -4.21773
   4.22141  -4.19883
   4.21552  -4.18142
   4.20849  -4.16703
   4.20398  -4.14815
   4.19980  -4.13245
   4.19657  -4.12187
   4.18730  -4.09845
   4.17544  -4.06916
   4.17345  -4.06483
   4.17293  -4.06391
   4.17222  -4.06264
   4.15427  -4.03092
   4.13816  -4.01084
   4.12899  -4.00305
   4.11974  -3.99561
   4.10072  -3.97792
   4.08284  -3.96460
   4.06873  -3.95769
   4.05653  -3.95222
   4.03512  -3.94031
   4.01296  -3.93121
   3.99941  -3.92791
   3.98863  -3.92563
   3.96304  -3.91836
   3.93591  -3.91286
   3.92616  -3.91193
   3.91788  -3.91132
   3.88901  -3.90859
   3.86057  -3.90578
   3.85185  -3.90519
   3.84218  -3.90475
   3.81438  -3.90502
   3.78986  -3.90520
   3.77624  -3.90451
   3.75586  -3.90434
   3.73748  -3.90650
   3.72266  -3.90943
   3.69819  -3.91114
   3.65979  -3.91680
   3.65823  -3.91687
   3.65756  -3.91667
   3.65568  -3.91662
   3.61762  -3.92764
   3.59165  -3.93734
   3.57016  -3.93103
   3.55792  -3.95164
   3.55926  -3.98010
   3.55756  -3.98261
   3.54110  -4.00913
   3.53739  -4.01887
   3.52967  -4.04977
   3.52756  -4.06122
   3.52697  -4.06489
   3.52604  -4.07191
   3.52384  -4.10366
   3.52019  -4.12057
   3.51644  -4.13968
   3.51264  -4.17298
   3.51256  -4.17512
   3.51185  -4.17641
   3.49714  -4.20423
   3.48615  -4.22975
   3.48435  -4.23486
   3.48150  -4.24091
   3.47007  -4.26601
   3.46291  -4.28496
   3.45900  -4.29896
   3.46038  -4.31346
   3.46061  -4.33333
   3.46195  -4.35425
   3.46472  -4.36720
   3.46864  -4.37636
   3.47534  -4.39972
   3.48544  -4.42726
   3.48754  -4.43095
   3.48851  -4.43406
   3.49597  -4.46286
   3.50491  -4.48901
   3.50737  -4.49397
   3.50815  -4.50167
   3.51279  -4.52909
   3.51676  -4.54581
   3.52178  -4.56446
   3.52521  -4.59373
   3.52664  -4.60177
   3.52708  -4.60585
   3.52920  -4.62116
   3.53581  -4.64937
   3.53830  -4.65761
   3.54217  -4.67168
   3.54591  -4.69794
   3.54974  -4.71612
   3.55813  -4.74060
   3.56121  -4.74841
   3.58703  -4.77121
   3.59613  -4.77626
   3.60479  -4.78085
   3.63428  -4.79992
   3.67005  -4.80938
   3.67823  -4.81034
   3.68299  -4.81084
                    
   3.90964  -4.99391
   3.85235  -4.99464
   3.85185  -4.99464
   3.85137  -4.99463
   3.84192  -4.99424
   3.79438  -4.99022
   3.74455  -4.98099
   3.73798  -4.97915
   3.72901  -4.97651
   3.68320  -4.96277
   3.64957  -4.94822
   3.63173  -4.93812
   3.60194  -4.91944
   3.58387  -4.90801
   3.57198  -4.90020
   3.53933  -4.87464
   3.52623  -4.86331
   3.51827  -4.84245
   3.50574  -4.82763
   3.48891  -4.82523
   3.45431  -4.80710
   3.43729  -4.79707
   3.41273  -4.77781
   3.40991  -4.77528
   3.40526  -4.77211
   3.36361  -4.74302
   3.34279  -4.72635
   3.32116  -4.70493
   3.29655  -4.67204
   3.28748  -4.65917
   3.28051  -4.64879
   3.25795  -4.61027
   3.24590  -4.57029
   3.24248  -4.55513
   3.23801  -4.53207
   3.23257  -4.49927
   3.23070  -4.47718
   3.23112  -4.44278
   3.23394  -4.40470
   3.23630  -4.39244
   3.23750  -4.38708
   3.23826  -4.37718
   3.24268  -4.33333
   3.24747  -4.30413
   3.25322  -4.28096
   3.25580  -4.25272
   3.25868  -4.22874
   3.26297  -4.20250
   3.26865  -4.17707
   3.27594  -4.15257
   3.28477  -4.12693
   3.29460  -4.10208
   3.30520  -4.07842
   3.32565  -4.05070
   3.33731  -4.03626
   3.34481  -4.02744
   3.37274  -3.99786
   3.37717  -3.99409
   3.40467  -3.97249
   3.41391  -3.96586
   3.43244  -3.95344
   3.45714  -3.93862
   3.47055  -3.92497
   3.49293  -3.90559
   3.51693  -3.88697
   3.53147  -3.87578
   3.55739  -3.82965
   3.55856  -3.82784
   3.55930  -3.82662
   3.56355  -3.81983
   3.59325  -3.77876
   3.59837  -3.77127
   3.60740  -3.76136
   3.63603  -3.74036
   3.66338  -3.72267
   3.68567  -3.71313
   3.71442  -3.70515
   3.73981  -3.69791
   3.76001  -3.69295
   3.79538  -3.68790
   3.83093  -3.68686
   3.85185  -3.68722
   3.87487  -3.68841
   3.90801  -3.69148
   3.93617  -3.69674
   3.96271  -3.70465
   4.00123  -3.71848
   4.01526  -3.72347
   4.02607  -3.72753
   4.06450  -3.74879
   4.06459  -3.74885
   4.09864  -3.77260
   4.10913  -3.78161
   4.13130  -3.80045
   4.14982  -3.81724
   4.15900  -3.82616
   4.18187  -3.85219
   4.18556  -3.85674
   4.21533  -3.88616
   4.22146  -3.89285
   4.22996  -3.90249
   4.25354  -3.93165
   4.28446  -3.95553
   4.29318  -3.96301
   4.29901  -3.96820
   4.32706  -3.99484
   4.33039  -3.99825
   4.35856  -4.03044
   4.36435  -4.03744
   4.37306  -4.04841
   4.39526  -4.07994
   4.40611  -4.11372
   4.41068  -4.12994
   4.41395  -4.14280
   4.42140  -4.18072
   4.42537  -4.22619
   4.42559  -4.23126
   4.42562  -4.23216
   4.42565  -4.23347
   4.42507  -4.28318
   4.42910  -4.32561
   4.42976  -4.33333
   4.43022  -4.33969
   4.42983  -4.38390
   4.43199  -4.39532
   4.43645  -4.42535
   4.43699  -4.43651
   4.43740  -4.45675
   4.43745  -4.49024
   4.43698  -4.50712
   4.43340  -4.54500
   4.43140  -4.55925
   4.42531  -4.59078
   4.42286  -4.59960
   4.41817  -4.60996
   4.39830  -4.64882
   4.37680  -4.68464
   4.36950  -4.69579
   4.36153  -4.70531
   4.33188  -4.73613
   4.29865  -4.76609
   4.29203  -4.77131
   4.29070  -4.77218
   4.28870  -4.77371
   4.24893  -4.80656
   4.21247  -4.83217
   4.20397  -4.83620
   4.19715  -4.84281
   4.18567  -4.85819
   4.16508  -4.87586
   4.13298  -4.90041
   4.12013  -4.90866
   4.09967  -4.92279
   4.07309  -4.94117
   4.05955  -4.94975
   4.02179  -4.96754
   3.96813  -4.98286
   3.96646  -4.98331
   3.96518  -4.98365
   3.94915  -4.98712
   3.90964  -4.99391
                    
