  -0.31868   0.00764
  -0.31771   0.02780
  -0.31202   0.04522
  -0.30762   0.05424
  -0.30080   0.06680
  -0.29455   0.07892
  -0.28821   0.08660
  -0.27211   0.09904
  -0.26387   0.10453
  -0.25552   0.11723
  -0.25444   0.11865
  -0.25284   0.12054
  -0.23838   0.13763
  -0.22667   0.14949
  -0.22053   0.15442
  -0.21165   0.16116
  -0.20156   0.16913
  -0.19362   0.17483
  -0.18115   0.18115
  -0.16396   0.18957
  -0.16061   0.19141
  -0.15789   0.19286
  -0.14110   0.19811
  -0.13909   0.19864
  -0.12104   0.20426
  -0.11811   0.20456
  -0.11364   0.20494
  -0.09669   0.20736
  -0.08425   0.20954
  -0.07620   0.20936
  -0.06505   0.20852
  -0.05586   0.20846
  -0.04853   0.20886
  -0.03663   0.20775
  -0.02211   0.20535
  -0.01792   0.20482
  -0.01426   0.20468
  -0.00000   0.20319
   0.01537   0.20040
   0.01749   0.19995
   0.01956   0.19978
   0.03502   0.19860
   0.04981   0.19633
   0.05243   0.19568
   0.05536   0.19542
   0.07083   0.19460
   0.08382   0.19292
   0.08926   0.19142
   0.09605   0.19024
   0.10887   0.18857
   0.11848   0.18672
   0.12823   0.18313
   0.14121   0.17878
   0.14829   0.17672
   0.15317   0.17513
   0.16754   0.16754
   0.18496   0.15795
   0.18659   0.15694
   0.18681   0.15676
   0.18709   0.15653
   0.20474   0.14336
   0.21776   0.13281
   0.22205   0.12820
   0.22733   0.12219
   0.23762   0.11081
   0.24490   0.10207
   0.25181   0.09165
   0.26001   0.07760
   0.26397   0.07073
   0.26664   0.06546
   0.27354   0.04823
   0.28048   0.02593
   0.28088   0.02457
   0.28113   0.02348
   0.28376   0.00581
   0.28621  -0.00000
   0.29344  -0.02037
   0.29443  -0.02576
   0.29367  -0.03166
   0.29158  -0.05141
   0.28831  -0.07031
   0.28646  -0.07676
   0.28353  -0.08200
   0.27314  -0.09942
   0.25844  -0.11993
   0.25809  -0.12035
   0.25780  -0.12065
   0.25621  -0.12211
   0.24393  -0.14084
   0.23055  -0.15808
   0.22879  -0.16020
   0.22667  -0.16254
   0.21177  -0.17770
   0.19811  -0.18970
   0.19342  -0.19342
   0.18778  -0.19760
   0.17385  -0.20718
   0.16152  -0.21464
   0.15332  -0.21896
   0.14361  -0.22374
   0.13218  -0.22895
   0.12209  -0.23300
   0.11044  -0.23685
   0.09714  -0.24100
   0.08858  -0.24338
   0.08083  -0.24526
   0.06641  -0.24786
   0.05072  -0.25053
   0.04432  -0.25138
   0.03829  -0.25203
   0.02213  -0.25292
   0.00534  -0.25356
  -0.00000  -0.25355
  -0.00527  -0.25344
  -0.02207  -0.25226
  -0.03871  -0.25082
  -0.04409  -0.25007
  -0.04961  -0.24918
  -0.06590  -0.24595
  -0.08129  -0.24261
  -0.08765  -0.24082
  -0.09440  -0.23872
  -0.10899  -0.23372
  -0.12218  -0.22903
  -0.13022  -0.22555
  -0.13908  -0.22133
  -0.15080  -0.21537
  -0.16096  -0.21012
  -0.17113  -0.20395
  -0.18267  -0.19614
  -0.19052  -0.19052
  -0.19704  -0.18575
  -0.20921  -0.17555
  -0.22304  -0.16230
  -0.22661  -0.15868
  -0.22950  -0.15565
  -0.24267  -0.14011
  -0.25706  -0.11997
  -0.25711  -0.11989
  -0.25715  -0.11983
  -0.25765  -0.11903
  -0.27829  -0.10129
  -0.29033  -0.08877
  -0.29646  -0.07944
  -0.30268  -0.06621
  -0.30829  -0.05436
  -0.31214  -0.04532
  -0.31745  -0.02777
  -0.31873  -0.00760
  -0.31880   0.00000
  -0.31868   0.00764
                    
  -0.57645   0.00000
  -0.57672  -0.00836
  -0.57664  -0.05045
  -0.56476  -0.08390
  -0.56004  -0.09875
  -0.55257  -0.11976
  -0.54081  -0.14491
  -0.53284  -0.15946
  -0.51748  -0.18835
  -0.49174  -0.22894
  -0.49154  -0.22921
  -0.49142  -0.22939
  -0.49054  -0.23080
  -0.46414  -0.26797
  -0.44248  -0.29403
  -0.43432  -0.30412
  -0.42656  -0.31549
  -0.40658  -0.34116
  -0.38473  -0.36594
  -0.37567  -0.37567
  -0.36626  -0.38471
  -0.34059  -0.40590
  -0.31613  -0.42373
  -0.30316  -0.43296
  -0.28264  -0.44097
  -0.25807  -0.44700
  -0.24644  -0.44936
  -0.21405  -0.45904
  -0.20036  -0.46043
  -0.17655  -0.46183
  -0.16879  -0.46373
  -0.15891  -0.46597
  -0.12530  -0.46764
  -0.10485  -0.46825
  -0.08304  -0.47094
  -0.05784  -0.47279
  -0.04126  -0.47163
  -0.02717  -0.47325
  -0.00000  -0.47460
   0.02618  -0.47443
   0.04147  -0.47401
   0.06237  -0.47647
   0.08384  -0.47549
   0.10129  -0.47398
   0.12737  -0.47535
   0.16873  -0.47294
   0.17134  -0.47266
   0.17206  -0.47272
   0.17414  -0.47289
   0.21910  -0.46986
   0.24178  -0.46216
   0.26326  -0.45598
   0.29955  -0.44309
   0.30754  -0.43921
   0.31331  -0.43541
   0.34623  -0.41262
   0.38182  -0.38349
   0.38269  -0.38269
   0.38349  -0.38186
   0.41457  -0.34786
   0.44264  -0.31136
   0.44329  -0.31040
   0.44396  -0.30926
   0.46604  -0.26907
   0.48207  -0.23345
   0.48484  -0.22609
   0.48823  -0.21757
   0.50209  -0.18275
   0.51334  -0.14751
   0.51540  -0.13810
   0.51801  -0.12827
   0.52724  -0.09297
   0.53470  -0.05267
   0.53529  -0.04683
   0.53564  -0.04087
   0.53461  -0.00000
   0.53124   0.03478
   0.53012   0.04638
   0.52716   0.05994
   0.51546   0.09089
   0.50764   0.10863
   0.49911   0.13373
   0.48363   0.16559
   0.47794   0.17396
   0.47472   0.17852
   0.45531   0.21231
   0.45426   0.21399
   0.43328   0.24474
   0.43078   0.24871
   0.42799   0.25303
   0.40392   0.28283
   0.38336   0.30719
   0.37579   0.31533
   0.36701   0.32433
   0.34507   0.34507
   0.32458   0.36270
   0.31215   0.37200
   0.29750   0.38220
   0.27710   0.39574
   0.25856   0.40474
   0.23904   0.41403
   0.21486   0.42407
   0.20003   0.42897
   0.18896   0.43097
   0.15939   0.43792
   0.12012   0.44398
   0.11898   0.44402
   0.11821   0.44406
   0.11214   0.44476
   0.07853   0.44536
   0.05062   0.44386
   0.03880   0.44349
   0.02531   0.44414
  -0.00000   0.44486
  -0.02531   0.44415
  -0.03874   0.44284
  -0.05114   0.44318
  -0.07866   0.44611
  -0.10213   0.44716
  -0.11714   0.44618
  -0.11958   0.44629
  -0.12376   0.44634
  -0.16117   0.44281
  -0.18621   0.43863
  -0.20357   0.43655
  -0.22872   0.42871
  -0.24413   0.42285
  -0.25559   0.41808
  -0.28392   0.40548
  -0.31707   0.38426
  -0.32042   0.38186
  -0.32329   0.37975
  -0.35497   0.35497
  -0.35926   0.35082
  -0.38473   0.32396
  -0.38532   0.32332
  -0.38596   0.32262
  -0.41288   0.28910
  -0.43651   0.25826
  -0.44007   0.25407
  -0.44520   0.24783
  -0.46499   0.21683
  -0.48077   0.19430
  -0.49397   0.17979
  -0.52300   0.14272
  -0.52405   0.14108
  -0.52449   0.14054
  -0.52545   0.13915
  -0.54859   0.09673
  -0.55881   0.07424
  -0.57191   0.05004
  -0.57600   0.00923
  -0.57645  -0.00000
                    
  -0.44471   0.66798
  -0.44431   0.63454
  -0.44311   0.62950
  -0.44260   0.62868
  -0.44144   0.62896
  -0.44059   0.62922
  -0.43854   0.63015
  -0.37714   0.65322
  -0.35093   0.66116
  -0.31345   0.67219
  -0.25793   0.69093
  -0.25206   0.69252
  -0.24781   0.69364
  -0.21305   0.70258
  -0.18960   0.70759
  -0.13154   0.71971
  -0.12705   0.72054
  -0.12264   0.72132
  -0.06369   0.72803
  -0.00784   0.72974
  -0.00000   0.72962
   0.00845   0.72939
   0.06349   0.72564
   0.11399   0.71818
   0.12614   0.71538
   0.14113   0.71161
   0.18742   0.69947
   0.23415   0.68695
   0.24817   0.68183
   0.26264   0.67620
   0.30737   0.65916
   0.34751   0.64672
   0.36404   0.64082
   0.36899   0.63910
   0.37907   0.63547
   0.42976   0.61376
   0.45301   0.60616
   0.49341   0.58963
   0.48484   0.62211
   0.47223   0.64881
                    
   0.44471  -0.66798
   0.42428  -0.65938
   0.40247  -0.65509
   0.38272  -0.66289
   0.33928  -0.67781
   0.31969  -0.68558
   0.30185  -0.69565
   0.25916  -0.71203
   0.21769  -0.72521
   0.19635  -0.73278
   0.18053  -0.73849
   0.13216  -0.74953
   0.07972  -0.75782
   0.06650  -0.76008
   0.05519  -0.76105
  -0.00000  -0.76281
  -0.05424  -0.76064
  -0.06647  -0.75974
  -0.07957  -0.75791
  -0.13230  -0.75032
  -0.18366  -0.73924
  -0.19696  -0.73508
  -0.21239  -0.73030
  -0.26077  -0.71646
  -0.31560  -0.69645
  -0.32302  -0.69271
  -0.33073  -0.68932
  -0.37022  -0.67384
  -0.38682  -0.66999
  -0.42403  -0.65980
  -0.45590  -0.65110
  -0.47223  -0.64881
                    
  -0.32176  -2.16667
  -0.31942  -2.17387
  -0.32001  -2.19466
  -0.31694  -2.21599
  -0.31765  -2.22268
  -0.31805  -2.22743
  -0.31243  -2.25038
  -0.30408  -2.27092
  -0.30185  -2.27653
  -0.29941  -2.28237
  -0.28923  -2.30153
  -0.27522  -2.31176
  -0.25518  -2.31399
  -0.24230  -2.31447
  -0.22957  -2.32248
  -0.22698  -2.32560
  -0.22333  -2.32899
  -0.20957  -2.34251
  -0.19723  -2.35312
  -0.19062  -2.35729
  -0.18647  -2.36390
  -0.17436  -2.37446
  -0.16182  -2.38416
  -0.15632  -2.38991
  -0.14817  -2.39270
  -0.13556  -2.40147
  -0.12151  -2.41006
  -0.11361  -2.41031
  -0.10195  -2.41147
  -0.08957  -2.41277
  -0.08057  -2.41331
  -0.06577  -2.41212
  -0.05087  -2.41738
  -0.04463  -2.41976
  -0.03693  -2.42245
  -0.02267  -2.42576
  -0.01016  -2.42851
  -0.00000  -2.42681
   0.00813  -2.42513
   0.02268  -2.42586
   0.03635  -2.42402
   0.04512  -2.42253
   0.05373  -2.42077
   0.06715  -2.41726
   0.08004  -2.41605
   0.09030  -2.41475
   0.10327  -2.41248
   0.11350  -2.41007
   0.12165  -2.40816
   0.13630  -2.40274
   0.15336  -2.39514
   0.15845  -2.39296
   0.16238  -2.39072
   0.17965  -2.38077
   0.19947  -2.36710
   0.20000  -2.36667
   0.20043  -2.36614
   0.20416  -2.36382
   0.22665  -2.35685
   0.24282  -2.35019
   0.25276  -2.34365
   0.26131  -2.33239
   0.26747  -2.32109
   0.27343  -2.30894
   0.28021  -2.29733
   0.28624  -2.28448
   0.29049  -2.27240
   0.29437  -2.25972
   0.29857  -2.24667
   0.30047  -2.23357
   0.29816  -2.21924
   0.29319  -2.19800
   0.29293  -2.19229
   0.29339  -2.18706
   0.30272  -2.16667
   0.30777  -2.15308
   0.30697  -2.13981
   0.30674  -2.12562
   0.30561  -2.11278
   0.30408  -2.10090
   0.30191  -2.08577
   0.29072  -2.07749
   0.26789  -2.07293
   0.26383  -2.07064
   0.24665  -2.06227
   0.23846  -2.05547
   0.23258  -2.04456
   0.22583  -2.03628
   0.22011  -2.02979
   0.21197  -2.01824
   0.19709  -2.00789
   0.19301  -2.00471
   0.18975  -2.00228
   0.17243  -1.99423
   0.16700  -1.98984
   0.15599  -1.98169
   0.15554  -1.98130
   0.15509  -1.98092
   0.13780  -1.96986
   0.12150  -1.95749
   0.12099  -1.95711
   0.12054  -1.95677
   0.10753  -1.94851
   0.10296  -1.94587
   0.10181  -1.94578
   0.08378  -1.94518
   0.08010  -1.94660
   0.07166  -1.95025
   0.05685  -1.95448
   0.04782  -1.95285
   0.03763  -1.95328
   0.02548  -1.95448
   0.01858  -1.95429
   0.01241  -1.95545
  -0.00000  -1.95977
  -0.01547  -1.96670
  -0.01742  -1.96751
  -0.01902  -1.96812
  -0.02972  -1.97463
  -0.03368  -1.97565
  -0.04897  -1.98047
  -0.04978  -1.98089
  -0.05064  -1.98068
  -0.05283  -1.97967
  -0.07809  -1.95211
  -0.08390  -1.94711
  -0.09713  -1.94368
  -0.10467  -1.94220
  -0.12199  -1.94955
  -0.12468  -1.95071
  -0.12767  -1.95205
  -0.14403  -1.96098
  -0.15935  -1.96661
  -0.16588  -1.96898
  -0.17541  -1.97284
  -0.18756  -1.97911
  -0.19698  -1.98110
  -0.21075  -1.98983
  -0.22958  -2.00398
  -0.23107  -2.00487
  -0.23172  -2.00577
  -0.24128  -2.01721
  -0.24919  -2.02280
  -0.26552  -2.03595
  -0.27079  -2.04039
  -0.27299  -2.04745
  -0.28222  -2.06395
  -0.28941  -2.07884
  -0.29125  -2.08863
  -0.29802  -2.09902
  -0.30846  -2.11228
  -0.31386  -2.11994
  -0.32085  -2.13860
  -0.32323  -2.16173
  -0.32176  -2.16667
                    
  -0.54850  -2.12747
  -0.54683  -2.11883
  -0.54583  -2.11162
  -0.54563  -2.07046
  -0.54345  -2.04000
  -0.53849  -2.02238
  -0.53022  -2.01294
  -0.51330  -1.97984
  -0.50016  -1.95753
  -0.48918  -1.94571
  -0.48494  -1.94053
  -0.47403  -1.92969
  -0.44577  -1.90930
  -0.43745  -1.90395
  -0.41231  -1.88006
  -0.41098  -1.87889
  -0.38453  -1.84586
  -0.38354  -1.84484
  -0.38237  -1.84365
  -0.35320  -1.81346
  -0.32292  -1.78341
  -0.32227  -1.78260
  -0.32185  -1.78206
  -0.30391  -1.76694
  -0.28832  -1.75490
  -0.28712  -1.75472
  -0.25620  -1.75110
  -0.24169  -1.74806
  -0.21237  -1.74350
  -0.19757  -1.74297
  -0.19082  -1.74120
  -0.15861  -1.73088
  -0.12112  -1.72203
  -0.11920  -1.72182
  -0.11765  -1.72149
  -0.11054  -1.72151
  -0.07794  -1.72463
  -0.05490  -1.72849
  -0.03831  -1.72873
  -0.02160  -1.72602
  -0.00000  -1.72279
   0.02778  -1.72025
   0.03908  -1.72003
   0.04842  -1.71998
   0.07869  -1.72037
   0.11808  -1.72398
   0.11860  -1.72406
   0.11903  -1.72416
   0.12354  -1.72494
   0.15793  -1.73277
   0.19146  -1.74317
   0.19746  -1.74322
   0.20399  -1.74672
   0.23497  -1.75969
   0.26051  -1.77246
   0.27075  -1.77999
   0.28074  -1.78716
   0.30825  -1.79931
   0.32474  -1.80771
   0.34229  -1.82438
   0.36645  -1.84230
   0.37457  -1.85236
   0.38293  -1.86333
   0.40721  -1.88153
   0.42701  -1.91337
   0.43070  -1.91800
   0.43340  -1.92146
   0.45088  -1.95642
   0.46754  -1.99281
   0.46828  -1.99623
   0.46923  -2.00081
   0.48254  -2.03737
   0.48839  -2.04997
   0.49824  -2.07371
   0.50156  -2.07823
   0.51193  -2.09321
   0.52399  -2.12082
   0.52522  -2.13982
   0.52472  -2.16667
   0.52308  -2.19079
   0.52156  -2.21230
   0.52011  -2.23304
   0.51366  -2.25724
   0.50787  -2.27571
   0.50244  -2.30129
   0.49582  -2.32530
   0.49019  -2.34508
   0.48290  -2.36710
   0.47423  -2.38780
   0.46716  -2.40648
   0.45829  -2.43126
   0.44311  -2.46646
   0.43897  -2.47404
   0.43397  -2.48034
   0.40671  -2.50794
   0.38499  -2.52723
   0.37242  -2.53909
   0.36148  -2.55162
   0.34046  -2.57242
   0.31515  -2.59463
   0.30541  -2.60283
   0.29242  -2.60896
   0.26307  -2.62232
   0.24095  -2.63097
   0.21939  -2.63715
   0.18832  -2.63215
   0.17610  -2.62945
   0.16902  -2.63106
   0.15969  -2.63301
   0.12454  -2.63144
   0.10453  -2.63544
   0.08317  -2.63836
   0.05909  -2.64048
   0.04155  -2.64154
   0.02643  -2.64079
  -0.00000  -2.64108
  -0.02723  -2.63984
  -0.04118  -2.63737
  -0.05432  -2.63651
  -0.08247  -2.63440
  -0.10710  -2.63116
  -0.12352  -2.62763
  -0.14705  -2.62662
  -0.16568  -2.62187
  -0.18149  -2.61721
  -0.20929  -2.61550
  -0.23627  -2.60975
  -0.24963  -2.60626
  -0.25376  -2.60620
  -0.27001  -2.60554
  -0.30263  -2.59887
  -0.31676  -2.58759
  -0.34170  -2.57389
  -0.37800  -2.55052
  -0.38071  -2.54738
  -0.38404  -2.54241
  -0.39763  -2.50031
  -0.40089  -2.48721
  -0.41794  -2.45931
  -0.43984  -2.44214
  -0.45990  -2.43219
  -0.47838  -2.42173
  -0.49559  -2.41058
  -0.50167  -2.40060
  -0.51069  -2.38701
  -0.52506  -2.35777
  -0.53572  -2.33273
  -0.54612  -2.31300
  -0.55481  -2.28467
  -0.55466  -2.26447
  -0.55279  -2.23171
  -0.55665  -2.21537
  -0.55598  -2.19830
  -0.55379  -2.16667
  -0.54850  -2.12747
                    
   0.42163  -1.48389
   0.43269  -1.52170
   0.43570  -1.53319
   0.37735  -1.51307
   0.35117  -1.50586
   0.31327  -1.49487
   0.28310  -1.48928
   0.25877  -1.48578
   0.24798  -1.48536
   0.20764  -1.48541
   0.18235  -1.48612
   0.16978  -1.48159
   0.12415  -1.46256
   0.09986  -1.45397
   0.06292  -1.44750
   0.00863  -1.43738
  -0.00000  -1.43640
  -0.00587  -1.43580
  -0.02766  -1.43302
  -0.06446  -1.42987
  -0.12106  -1.43852
  -0.12818  -1.43974
  -0.13527  -1.44103
  -0.19062  -1.45526
  -0.23377  -1.45772
  -0.25492  -1.46627
  -0.27222  -1.47383
  -0.31670  -1.48750
  -0.34947  -1.50334
  -0.37800  -1.51196
  -0.43687  -1.53400
  -0.43530  -1.52636
  -0.44528  -1.49907
                    
  -0.42163  -2.84944
  -0.41064  -2.84773
  -0.39193  -2.84552
  -0.36795  -2.84175
  -0.33147  -2.85501
  -0.32240  -2.85806
  -0.31311  -2.86299
  -0.26031  -2.88187
  -0.21471  -2.89475
  -0.19667  -2.90064
  -0.18257  -2.90565
  -0.13267  -2.91910
  -0.06944  -2.93107
  -0.06691  -2.93150
  -0.06475  -2.93168
  -0.01027  -2.93544
  -0.00000  -2.93630
   0.05737  -2.93851
   0.06766  -2.93999
   0.08102  -2.93808
   0.13375  -2.92518
   0.14674  -2.92138
   0.19612  -2.90871
   0.19849  -2.90743
   0.20256  -2.90610
   0.26274  -2.88855
   0.28728  -2.87982
   0.32228  -2.86686
   0.32569  -2.86512
   0.33366  -2.86374
   0.38858  -2.83971
   0.42852  -2.81890
   0.44528  -2.83426
                    
  -0.32048  -4.32675
  -0.31945  -4.30539
  -0.31362  -4.28680
  -0.30974  -4.27872
  -0.30380  -4.26748
  -0.29703  -4.25374
  -0.28991  -4.24500
  -0.27471  -4.23335
  -0.26250  -4.22541
  -0.25586  -4.21557
  -0.25500  -4.21442
  -0.25372  -4.21290
  -0.23897  -4.19537
  -0.22699  -4.18318
  -0.22111  -4.17851
  -0.21246  -4.17207
  -0.20199  -4.16384
  -0.19379  -4.15801
  -0.18136  -4.15197
  -0.16414  -4.14369
  -0.16069  -4.14183
  -0.15791  -4.14038
  -0.14121  -4.13530
  -0.13905  -4.13475
  -0.12104  -4.12907
  -0.11812  -4.12874
  -0.11372  -4.12833
  -0.09677  -4.12580
  -0.08425  -4.12370
  -0.07618  -4.12402
  -0.06483  -4.12509
  -0.05575  -4.12526
  -0.04859  -4.12497
  -0.03651  -4.12628
  -0.02162  -4.12901
  -0.01783  -4.12956
  -0.01454  -4.12970
  -0.00000  -4.13108
   0.01557  -4.13377
   0.01742  -4.13417
   0.01923  -4.13431
   0.03488  -4.13551
   0.04987  -4.13783
   0.05223  -4.13842
   0.05487  -4.13863
   0.07068  -4.13915
   0.08381  -4.14061
   0.08920  -4.14205
   0.09587  -4.14327
   0.10873  -4.14501
   0.11842  -4.14694
   0.12798  -4.15055
   0.14071  -4.15484
   0.14795  -4.15701
   0.15301  -4.15872
   0.16715  -4.16619
   0.18507  -4.17552
   0.18658  -4.17641
   0.18680  -4.17659
   0.18708  -4.17680
   0.20505  -4.18975
   0.21799  -4.20013
   0.22245  -4.20490
   0.22792  -4.21115
   0.23807  -4.22232
   0.24513  -4.23095
   0.25223  -4.24153
   0.26070  -4.25591
   0.26444  -4.26248
   0.26697  -4.26755
   0.27407  -4.28501
   0.28128  -4.30782
   0.28153  -4.30870
   0.28169  -4.30942
   0.28356  -4.32118
   0.28850  -4.33333
   0.29499  -4.35303
   0.29604  -4.35923
   0.29521  -4.36603
   0.29332  -4.38505
   0.29037  -4.40312
   0.28831  -4.41058
   0.28501  -4.41676
   0.27589  -4.43375
   0.26353  -4.45311
   0.26178  -4.45540
   0.26021  -4.45701
   0.25153  -4.46481
   0.24477  -4.47465
   0.23095  -4.49235
   0.22951  -4.49404
   0.22777  -4.49593
   0.21226  -4.51144
   0.19824  -4.52351
   0.19371  -4.52704
   0.18834  -4.53109
   0.17423  -4.54097
   0.16160  -4.54872
   0.15377  -4.55294
   0.14439  -4.55748
   0.13254  -4.56291
   0.12206  -4.56712
   0.11071  -4.57075
   0.09771  -4.57479
   0.08879  -4.57727
   0.08072  -4.57922
   0.06656  -4.58173
   0.05121  -4.58446
   0.04444  -4.58538
   0.03803  -4.58608
   0.02220  -4.58705
   0.00574  -4.58761
  -0.00000  -4.58759
  -0.00564  -4.58744
  -0.02212  -4.58618
  -0.03849  -4.58479
  -0.04420  -4.58399
  -0.05004  -4.58304
  -0.06606  -4.57987
  -0.08117  -4.57670
  -0.08789  -4.57480
  -0.09501  -4.57257
  -0.10931  -4.56774
  -0.12216  -4.56322
  -0.13061  -4.55955
  -0.13987  -4.55510
  -0.15125  -4.54934
  -0.16106  -4.54426
  -0.17163  -4.53787
  -0.18362  -4.52975
  -0.19107  -4.52440
  -0.19725  -4.51986
  -0.20989  -4.50945
  -0.22440  -4.49573
  -0.22747  -4.49261
  -0.22996  -4.49004
  -0.24374  -4.47405
  -0.25342  -4.46113
  -0.26027  -4.45710
  -0.26207  -4.45554
  -0.26455  -4.45306
  -0.28234  -4.43610
  -0.29264  -4.42453
  -0.29957  -4.41360
  -0.30626  -4.39838
  -0.31073  -4.38812
  -0.31391  -4.38010
  -0.31929  -4.36127
  -0.32057  -4.33987
  -0.32059  -4.33333
  -0.32048  -4.32675
                    
  -0.57005  -4.33333
  -0.57058  -4.34897
  -0.57067  -4.38326
  -0.56117  -4.41134
  -0.55521  -4.43123
  -0.54576  -4.45829
  -0.53700  -4.47722
  -0.53093  -4.48858
  -0.51440  -4.52056
  -0.49765  -4.54838
  -0.49033  -4.55854
  -0.48866  -4.56120
  -0.48661  -4.56470
  -0.46171  -4.59990
  -0.44206  -4.62387
  -0.43222  -4.63598
  -0.42263  -4.64971
  -0.40440  -4.67266
  -0.38497  -4.69451
  -0.37346  -4.70679
  -0.36125  -4.71830
  -0.33835  -4.73656
  -0.31733  -4.75159
  -0.30099  -4.76319
  -0.27499  -4.77309
  -0.25642  -4.77747
  -0.24759  -4.77927
  -0.21281  -4.78972
  -0.20836  -4.79020
  -0.17785  -4.79229
  -0.16789  -4.79461
  -0.15487  -4.79732
  -0.12464  -4.79850
  -0.10640  -4.79900
  -0.08258  -4.80167
  -0.05440  -4.80325
  -0.04102  -4.80217
  -0.02970  -4.80352
  -0.00000  -4.80512
   0.02858  -4.80488
   0.04122  -4.80451
   0.05865  -4.80679
   0.08336  -4.80612
   0.10296  -4.80465
   0.12665  -4.80601
   0.16897  -4.80397
   0.17113  -4.80350
   0.17276  -4.80313
   0.17740  -4.80309
   0.21790  -4.80061
   0.24301  -4.79226
   0.26195  -4.78704
   0.29496  -4.77592
   0.30622  -4.77065
   0.31416  -4.76538
   0.34472  -4.74415
   0.37793  -4.71719
   0.38101  -4.71434
   0.38385  -4.71138
   0.41237  -4.67935
   0.43762  -4.64606
   0.44053  -4.64179
   0.44347  -4.63682
   0.46322  -4.60077
   0.47793  -4.56863
   0.48204  -4.55811
   0.48681  -4.54604
   0.49897  -4.51494
   0.50898  -4.48374
   0.51196  -4.47051
   0.51551  -4.45662
   0.52308  -4.42557
   0.52917  -4.39137
   0.53035  -4.37973
   0.53094  -4.36771
   0.52957  -4.33333
   0.52668  -4.30461
   0.52504  -4.28740
   0.52025  -4.26709
   0.51098  -4.24323
   0.50493  -4.22941
   0.49500  -4.20070
   0.47639  -4.16389
   0.47420  -4.16074
   0.47298  -4.15899
   0.46593  -4.14611
   0.45176  -4.12267
   0.43200  -4.09341
   0.42753  -4.08650
   0.42238  -4.07882
   0.40089  -4.05263
   0.38283  -4.03084
   0.37305  -4.02031
   0.36156  -4.00870
   0.34259  -3.99074
   0.32477  -3.97505
   0.31003  -3.96385
   0.29275  -3.95181
   0.27533  -3.94013
   0.25928  -3.93228
   0.23751  -3.92196
   0.21034  -3.91092
   0.19873  -3.90715
   0.19009  -3.90566
   0.15816  -3.89881
   0.13700  -3.89560
   0.12127  -3.89467
   0.11767  -3.89419
   0.11290  -3.89364
   0.07764  -3.89304
   0.05424  -3.89426
   0.03838  -3.89469
   0.02045  -3.89379
  -0.00000  -3.89307
  -0.02095  -3.89331
  -0.03837  -3.89479
  -0.05429  -3.89433
  -0.07787  -3.89169
  -0.11862  -3.89034
  -0.11870  -3.89035
  -0.11875  -3.89035
  -0.11892  -3.89034
  -0.16004  -3.89364
  -0.18743  -3.89803
  -0.20215  -3.89982
  -0.22335  -3.90634
  -0.24240  -3.91348
  -0.25658  -3.91940
  -0.28186  -3.93079
  -0.31131  -3.94956
  -0.31803  -3.95432
  -0.32375  -3.95851
  -0.35223  -3.98110
  -0.38042  -4.01011
  -0.38244  -4.01243
  -0.38438  -4.01471
  -0.40988  -4.04634
  -0.42219  -4.06149
  -0.43554  -4.07941
  -0.43692  -4.08108
  -0.43892  -4.08349
  -0.46162  -4.11808
  -0.47919  -4.14336
  -0.48961  -4.15513
  -0.51389  -4.18619
  -0.51862  -4.19437
  -0.52093  -4.19897
  -0.52756  -4.20851
  -0.54283  -4.23762
  -0.55503  -4.26493
  -0.56516  -4.28389
  -0.56895  -4.31582
  -0.57005  -4.33333
                    
  -0.41135  -3.64432
  -0.41071  -3.65238
  -0.41243  -3.68447
  -0.37980  -3.67550
  -0.34842  -3.66847
  -0.31397  -3.66002
  -0.25854  -3.64231
  -0.25208  -3.64075
  -0.24787  -3.63976
  -0.21886  -3.63254
  -0.18940  -3.62649
  -0.13281  -3.61468
  -0.12692  -3.61353
  -0.12131  -3.61248
  -0.06363  -3.60599
  -0.00913  -3.60433
  -0.00000  -3.60444
   0.00974  -3.60469
   0.06342  -3.60844
   0.11233  -3.61577
   0.12595  -3.61903
   0.14329  -3.62359
   0.18703  -3.63534
   0.23149  -3.64690
   0.24766  -3.65290
   0.26474  -3.65973
   0.30680  -3.67540
   0.34622  -3.68593
   0.36326  -3.69126
   0.36969  -3.69302
   0.38747  -3.69825
   0.43287  -3.71513
   0.44893  -3.71886
   0.46834  -3.72359
   0.46482  -3.70731
   0.45468  -3.68398
   0.43770  -3.66075
                    
  -0.43770  -5.00592
  -0.41257  -5.01144
  -0.39430  -5.01628
  -0.32530  -5.02997
  -0.32499  -5.03007
  -0.32491  -5.03010
  -0.32484  -5.03014
  -0.26207  -5.05337
  -0.20684  -5.06884
  -0.19783  -5.07166
  -0.19030  -5.07410
  -0.13287  -5.08685
  -0.07332  -5.09529
  -0.06674  -5.09620
  -0.06064  -5.09666
  -0.00000  -5.09925
   0.06140  -5.09698
   0.06677  -5.09648
   0.07322  -5.09535
   0.13270  -5.08591
   0.18630  -5.07319
   0.19714  -5.06907
   0.21248  -5.06355
   0.26033  -5.04860
   0.30958  -5.02947
   0.32136  -5.02249
   0.33459  -5.01754
   0.36800  -5.00839
   0.39431  -5.01629
   0.40715  -5.01964
   0.41135  -5.02235
                    
   1.69237  -0.06789
   1.70216  -0.07843
   1.70370  -0.08088
   1.70563  -0.08386
   1.71859  -0.09668
   1.73009  -0.10231
   1.73802  -0.10849
   1.74954  -0.11628
   1.75628  -0.11879
   1.76071  -0.11958
   1.77621  -0.12562
   1.77822  -0.12626
   1.79115  -0.13008
   1.79427  -0.13166
   1.79883  -0.13359
   1.81190  -0.13589
   1.81941  -0.13662
   1.82841  -0.13926
   1.84026  -0.14197
   1.84394  -0.14200
   1.84634  -0.14195
   1.85887  -0.14381
   1.86639  -0.14504
   1.87236  -0.14573
   1.87284  -0.14586
   1.87334  -0.14599
   1.88658  -0.14685
   1.89795  -0.14837
   1.89972  -0.14861
   1.90154  -0.14883
   1.91287  -0.14923
   1.92406  -0.15069
   1.92593  -0.15072
   1.92778  -0.15073
   1.93915  -0.15110
   1.95207  -0.15234
   1.95277  -0.15226
   1.95345  -0.15219
   1.96237  -0.15249
   1.96677  -0.15244
   1.97965  -0.15243
   1.98152  -0.15274
   1.98429  -0.15314
   1.99689  -0.15218
   2.00680  -0.15056
   2.01286  -0.15057
   2.02242  -0.15004
   2.02960  -0.14806
   2.03489  -0.14601
   2.04615  -0.14328
   2.06321  -0.13737
   2.06326  -0.13734
   2.06356  -0.13717
   2.07969  -0.12903
   2.09222  -0.12112
   2.09634  -0.11933
   2.10131  -0.11604
   2.11053  -0.10658
   2.11793  -0.09798
   2.12438  -0.09254
   2.13077  -0.08426
   2.13483  -0.07604
   2.13831  -0.06821
   2.14432  -0.05852
   2.14695  -0.04658
   2.14766  -0.03910
   2.14814  -0.03099
   2.14922  -0.01954
   2.14539  -0.00976
   2.14185  -0.00000
   2.13629   0.01267
   2.13306   0.01812
   2.12917   0.02112
   2.11747   0.03276
   2.11679   0.03365
   2.10726   0.04493
   2.10524   0.04805
   2.10148   0.05232
   2.09102   0.06009
   2.08514   0.06379
   2.07750   0.07068
   2.06484   0.07903
   2.06360   0.07949
   2.06291   0.07974
   2.05965   0.08185
   2.05035   0.08712
   2.04013   0.09192
   2.03772   0.09381
   2.03495   0.09588
   2.02540   0.09947
   2.01825   0.10203
   2.01369   0.10460
   2.00856   0.10721
   2.00206   0.10873
   1.99695   0.11017
   1.99089   0.11252
   1.98425   0.11469
   1.97970   0.11532
   1.97586   0.11617
   1.96885   0.11794
   1.96140   0.11934
   1.95797   0.11958
   1.95484   0.12017
   1.94732   0.12132
   1.93960   0.12202
   1.93661   0.12212
   1.93364   0.12259
   1.92593   0.12316
   1.91830   0.12324
   1.91514   0.12327
   1.91174   0.12359
   1.90418   0.12335
   1.89693   0.12268
   1.89311   0.12249
   1.88867   0.12260
   1.88168   0.12158
   1.87521   0.12027
   1.87012   0.11968
   1.86379   0.11921
   1.85807   0.11752
   1.85296   0.11576
   1.84585   0.11435
   1.83661   0.11233
   1.83313   0.11058
   1.83009   0.10895
   1.82013   0.10580
   1.80656   0.10048
   1.80636   0.10033
   1.80618   0.10020
   1.80493   0.09972
   1.79203   0.09375
   1.78221   0.08786
   1.77717   0.08589
   1.76802   0.08163
   1.76144   0.07670
   1.75753   0.07307
   1.74610   0.06545
   1.74181   0.06215
   1.73081   0.05515
   1.72681   0.05335
   1.72059   0.04896
   1.70985   0.03810
   1.70377   0.03096
   1.69266   0.02041
   1.68448   0.00085
   1.68421  -0.00000
   1.68401  -0.00063
   1.68274  -0.00419
   1.67750  -0.02173
   1.68152  -0.04079
   1.68231  -0.04296
   1.68298  -0.04475
   1.68874  -0.06356
   1.69237  -0.06789
                    
   2.06330  -0.13731
   2.06326  -0.13734
                    
   1.41548   0.07469
   1.42635   0.05061
   1.43000   0.04339
   1.43510   0.01139
   1.43778   0.00000
   1.44285  -0.01861
   1.44992  -0.04165
   1.44329  -0.07036
   1.43916  -0.08583
   1.43775  -0.09177
   1.43705  -0.11464
   1.43724  -0.13094
   1.43756  -0.16296
   1.44141  -0.17635
   1.44621  -0.19138
   1.45278  -0.22063
   1.46020  -0.24039
   1.47298  -0.26151
   1.48535  -0.28002
   1.49691  -0.30040
   1.50963  -0.31773
   1.52601  -0.33557
   1.54064  -0.35017
   1.55780  -0.36812
   1.57907  -0.38532
   1.59387  -0.39573
   1.60583  -0.40359
   1.63181  -0.42004
   1.66638  -0.43679
   1.67231  -0.43928
   1.67677  -0.44110
   1.71100  -0.45382
   1.71387  -0.45475
   1.75121  -0.46574
   1.75600  -0.46688
   1.76215  -0.46827
   1.79864  -0.47505
   1.82835  -0.47969
   1.84113  -0.48092
   1.85650  -0.48194
   1.88368  -0.48290
   1.90827  -0.48413
   1.92593  -0.48414
   1.94418  -0.48348
   1.96807  -0.48170
   1.99374  -0.48071
   2.01042  -0.47917
   2.02506  -0.47733
   2.05265  -0.47295
   2.08696  -0.46699
   2.09515  -0.46494
   2.10186  -0.46315
   2.13733  -0.45336
   2.15200  -0.44837
   2.17568  -0.43919
   2.17883  -0.43805
   2.18342  -0.43634
   2.21955  -0.41933
   2.24612  -0.40303
   2.25810  -0.39587
   2.27449  -0.38531
   2.29515  -0.36923
   2.31114  -0.35404
   2.32919  -0.33838
   2.35289  -0.31539
   2.36136  -0.30489
   2.36828  -0.29294
   2.38652  -0.26593
   2.40465  -0.23494
   2.40830  -0.22493
   2.41113  -0.20749
   2.41657  -0.17858
   2.41912  -0.16019
   2.41731  -0.13167
   2.41859  -0.09710
   2.41852  -0.08860
   2.41839  -0.08683
   2.41815  -0.08379
   2.41440  -0.04274
   2.42583  -0.00234
   2.42647  -0.00000
   2.42682   0.00130
   2.42801   0.00745
   2.43339   0.04440
   2.43817   0.07318
   2.43714   0.09014
   2.43506   0.11129
   2.43407   0.13616
   2.43007   0.15352
   2.41885   0.17941
   2.40869   0.20002
   2.40033   0.22122
   2.38743   0.24203
   2.37453   0.25900
   2.36493   0.27073
   2.34630   0.29435
   2.31551   0.32217
   2.31272   0.32456
   2.31078   0.32619
   2.30136   0.33346
   2.27671   0.35078
   2.25038   0.36497
   2.23652   0.37015
   2.20652   0.37948
   2.19425   0.38321
   2.18784   0.38509
   2.17078   0.38785
   2.15376   0.39462
   2.12372   0.40462
   2.11573   0.40704
   2.10529   0.41022
   2.07782   0.41732
   2.05629   0.42156
   2.03955   0.42404
   2.01958   0.42739
   2.00169   0.42969
   1.98589   0.43109
   1.96372   0.43194
   1.94069   0.43390
   1.92593   0.43452
   1.91045   0.43463
   1.88797   0.43379
   1.86806   0.43408
   1.84951   0.43340
   1.82632   0.43141
   1.81085   0.42947
   1.79889   0.42812
   1.77165   0.42387
   1.73400   0.41502
   1.73259   0.41461
   1.73156   0.41431
   1.72627   0.41294
   1.68921   0.41000
   1.66776   0.40668
   1.64602   0.39975
   1.60569   0.38450
   1.60389   0.38379
   1.60302   0.38344
   1.59997   0.38196
   1.56375   0.36217
   1.54060   0.34563
   1.52698   0.33476
   1.50682   0.31715
   1.49247   0.30351
   1.48369   0.29200
   1.46310   0.26721
   1.43671   0.23013
   1.43583   0.22853
   1.43526   0.22651
   1.41969   0.18425
   1.40865   0.14483
   1.40844   0.13866
   1.41018   0.12375
   1.41320   0.09041
   1.41548   0.07469
                    
   1.37169   0.36016
   1.36077   0.33408
   1.35842   0.32765
   1.35450   0.31642
   1.34098   0.27277
   1.33540   0.24715
   1.32886   0.21731
   1.32164   0.17005
   1.32102   0.16208
   1.32024   0.15707
   1.31098   0.10843
   1.30537   0.05569
   1.30537   0.05429
   1.30520   0.05300
   1.30066   0.00000
   1.30043  -0.04748
   1.30075  -0.05470
   1.29977  -0.06516
   1.30081  -0.11023
   1.30360  -0.14279
   1.30376  -0.16671
   1.30664  -0.21856
   1.30765  -0.22504
   1.30823  -0.22861
   1.30867  -0.23642
   1.31379  -0.28544
   1.32402  -0.31437
   1.33602  -0.34058
   1.35289  -0.37316
   1.36382  -0.39359
   1.37829  -0.41045
   1.40650  -0.43585
   1.42313  -0.44951
   1.45067  -0.47525
   1.48896  -0.50476
   1.49795  -0.51005
   1.50311  -0.51300
   1.54673  -0.54155
   1.58847  -0.57277
   1.59340  -0.57596
   1.59911  -0.57957
   1.64331  -0.60607
   1.67521  -0.62627
   1.69354  -0.63847
   1.73439  -0.66254
   1.74680  -0.66851
   1.75431  -0.67143
   1.77867  -0.68206
   1.80430  -0.68976
   1.85222  -0.70133
   1.86431  -0.70430
   1.87920  -0.70520
   1.92593  -0.70604
   1.97496  -0.70360
   1.98738  -0.70242
   1.99692  -0.70006
   2.03935  -0.68849
   2.04678  -0.68541
   2.08525  -0.66763
   2.10279  -0.66008
   2.13502  -0.64260
   2.15512  -0.62970
   2.16384  -0.62376
   2.19269  -0.60476
   2.20412  -0.59659
   2.24490  -0.57164
   2.25269  -0.56598
   2.26347  -0.55785
   2.29777  -0.53105
   2.33364  -0.50807
   2.34443  -0.49875
   2.35581  -0.48846
   2.38903  -0.46310
   2.42849  -0.42599
   2.43048  -0.42337
   2.43279  -0.42030
   2.44923  -0.40380
   2.47010  -0.38103
   2.48166  -0.35786
   2.49267  -0.33331
   2.49465  -0.32835
   2.49768  -0.32049
   2.51381  -0.27413
   2.51755  -0.24645
   2.52546  -0.21821
   2.53389  -0.18037
   2.53519  -0.16325
   2.53579  -0.15362
   2.54241  -0.10870
   2.54599  -0.05489
   2.54595  -0.05425
   2.54596  -0.05378
   2.54622  -0.04628
   2.53992  -0.00000
   2.53302   0.03338
   2.52780   0.05266
   2.52663   0.07573
   2.53441   0.10729
   2.53662   0.11819
   2.53063   0.15788
   2.53011   0.16189
   2.52983   0.16901
   2.52401   0.21769
   2.51884   0.24562
   2.51396   0.27420
   2.49717   0.31432
   2.49172   0.32666
   2.48747   0.33581
   2.46446   0.37709
   2.43390   0.40883
   2.42524   0.41898
   2.41587   0.42950
   2.38376   0.45783
   2.35859   0.47723
   2.33996   0.49342
   2.32062   0.50897
   2.29389   0.52551
   2.27092   0.54091
   2.24740   0.55681
   2.22637   0.56979
   2.19817   0.58383
   2.16546   0.60217
   2.14812   0.61049
   2.13439   0.61663
   2.09558   0.63314
   2.04075   0.65090
   2.04070   0.65091
   2.04065   0.65092
   2.04039   0.65100
   1.98407   0.66458
   1.93191   0.66484
   1.92593   0.66458
   1.92077   0.66432
   1.86822   0.65956
   1.85885   0.65757
   1.81901   0.64748
   1.81209   0.64562
   1.80294   0.64304
   1.75785   0.62727
   1.72490   0.61452
   1.70533   0.60608
   1.68146   0.59472
   1.65520   0.58058
   1.63065   0.56914
   1.60561   0.55481
   1.57994   0.53850
   1.55844   0.52482
   1.52944   0.50887
   1.51062   0.49495
   1.49443   0.48210
   1.46379   0.46213
   1.42434   0.42628
   1.42167   0.42312
   1.41903   0.41995
   1.40262   0.40380
   1.38151   0.38121
   1.37169   0.36016
                    
   1.70057  -2.15902
   1.70921  -2.14771
   1.71795  -2.14330
   1.72680  -2.13156
   1.73725  -2.12018
   1.73930  -2.11732
   1.73969  -2.11676
   1.74025  -2.11597
   1.75165  -2.10324
   1.75962  -2.09584
   1.76425  -2.09127
   1.77279  -2.08549
   1.77835  -2.08146
   1.78226  -2.07888
   1.79413  -2.07438
   1.80210  -2.06443
   1.80276  -2.06332
   1.80352  -2.06209
   1.81233  -2.05307
   1.81602  -2.05486
   1.83383  -2.06507
   1.84072  -2.06512
   1.85125  -2.06619
   1.85844  -2.07029
   1.86016  -2.06956
   1.86744  -2.06537
   1.87509  -2.06168
   1.87677  -2.06125
   1.87842  -2.06120
   1.88661  -2.05864
   1.89517  -2.05667
   1.89649  -2.05681
   1.89762  -2.05670
   1.90536  -2.05005
   1.91241  -2.04514
   1.91529  -2.04515
   1.91823  -2.04395
   1.92593  -2.04538
   1.93408  -2.04750
   1.93642  -2.04671
   1.93898  -2.04663
   1.94665  -2.04913
   1.95455  -2.05235
   1.95650  -2.05255
   1.95977  -2.05043
   1.96956  -2.04679
   1.97691  -2.04484
   1.98406  -2.04201
   1.99153  -2.04357
   1.99636  -2.04468
   2.00050  -2.04579
   2.00855  -2.04867
   2.01384  -2.05537
   2.01743  -2.05762
   2.02074  -2.05982
   2.02559  -2.06700
   2.02825  -2.07418
   2.02869  -2.08043
   2.02861  -2.08947
   2.02908  -2.09443
   2.03649  -2.09550
   2.04354  -2.09876
   2.04855  -2.10150
   2.05936  -2.10444
   2.07138  -2.11312
   2.07174  -2.11360
   2.07203  -2.11399
   2.07410  -2.11543
   2.08487  -2.12408
   2.09520  -2.13057
   2.10388  -2.13529
   2.11913  -2.14590
   2.12412  -2.14780
   2.13019  -2.14880
   2.13116  -2.15255
   2.12592  -2.16667
   2.11982  -2.17952
   2.11899  -2.18329
   2.11894  -2.18355
   2.11891  -2.18384
   2.11153  -2.19939
   2.10528  -2.21003
   2.10406  -2.21440
   2.10337  -2.21873
   2.10538  -2.23198
   2.10601  -2.23968
   2.10949  -2.24970
   2.10734  -2.25126
   2.10708  -2.25349
   2.10501  -2.27006
   2.10228  -2.28294
   2.10038  -2.28882
   2.09501  -2.29187
   2.08477  -2.29995
   2.07214  -2.30850
   2.06902  -2.30976
   2.06652  -2.31034
   2.05516  -2.31179
   2.04821  -2.31240
   2.03487  -2.31260
   2.02940  -2.31445
   2.02038  -2.31529
   2.01087  -2.31379
   2.00619  -2.31277
   1.99416  -2.31300
   1.98346  -2.31251
   1.97947  -2.31210
   1.97880  -2.31193
   1.97775  -2.31166
   1.96389  -2.30834
   1.95447  -2.30865
   1.95140  -2.31113
   1.94906  -2.31290
   1.93871  -2.31281
   1.92920  -2.31219
   1.92593  -2.31182
   1.92244  -2.31133
   1.91341  -2.30970
   1.90440  -2.30939
   1.90070  -2.30974
   1.89748  -2.30997
   1.88793  -2.30847
   1.87618  -2.30885
   1.87434  -2.30840
   1.87261  -2.30795
   1.86026  -2.30749
   1.85647  -2.30723
   1.84681  -2.30606
   1.84541  -2.30613
   1.84323  -2.30619
   1.82990  -2.30380
   1.82081  -2.29873
   1.81619  -2.29745
   1.80971  -2.29537
   1.80233  -2.29026
   1.79518  -2.28720
   1.78208  -2.28737
   1.77314  -2.28674
   1.75973  -2.28764
   1.74529  -2.29315
   1.74926  -2.28301
   1.74278  -2.27241
   1.73691  -2.26141
   1.73827  -2.25417
   1.73188  -2.25056
   1.72340  -2.24038
   1.71719  -2.23189
   1.70626  -2.22553
   1.69672  -2.21154
   1.69655  -2.20711
   1.69646  -2.20208
   1.68445  -2.18779
   1.69439  -2.17188
   1.69675  -2.16667
   1.70057  -2.15902
                    
   1.86823  -1.50716
   1.92321  -1.50392
   1.92593  -1.50406
   1.92822  -1.50419
   1.98372  -1.50611
   1.99533  -1.50934
   2.03007  -1.52044
   2.03942  -1.52301
   2.05199  -1.52669
   2.09303  -1.54303
   2.12589  -1.55246
   2.14679  -1.55985
   2.16790  -1.56816
   2.19889  -1.58130
   2.22638  -1.59688
   2.24649  -1.61143
   2.27407  -1.63349
   2.29036  -1.64619
   2.30707  -1.65714
   2.33605  -1.67790
   2.36037  -1.69733
   2.37894  -1.71365
   2.40654  -1.73481
   2.42065  -1.75155
   2.43475  -1.76951
   2.46317  -1.79049
   2.47721  -1.82614
   2.48586  -1.84339
   2.49585  -1.86510
   2.50567  -1.89633
   2.51015  -1.91560
   2.51855  -1.95097
   2.52715  -2.00466
   2.52723  -2.00555
   2.52727  -2.00609
   2.52753  -2.00860
   2.52132  -2.02017
   2.49678  -2.04610
   2.48793  -2.05450
   2.49112  -2.06701
   2.49362  -2.07777
   2.48680  -2.11760
   2.50918  -2.15190
   2.51411  -2.16049
   2.53256  -2.16667
   2.54792  -2.17228
   2.55516  -2.20970
   2.55578  -2.22177
   2.55513  -2.23720
   2.54604  -2.27601
   2.53097  -2.32427
   2.53024  -2.32859
   2.53020  -2.33668
   2.51315  -2.38040
   2.49256  -2.42326
   2.48941  -2.42802
   2.48874  -2.42911
   2.48807  -2.43048
   2.48904  -2.43088
   2.48502  -2.48946
   2.48290  -2.50461
   2.46051  -2.54099
   2.43447  -2.56820
   2.42420  -2.58477
   2.41692  -2.59589
   2.38507  -2.62582
   2.35733  -2.64915
   2.34241  -2.66301
   2.32856  -2.67513
   2.29694  -2.69653
   2.26545  -2.72017
   2.25071  -2.72922
   2.23632  -2.73754
   2.20180  -2.75828
   2.17988  -2.77692
   2.16282  -2.79021
   2.15509  -2.79628
   2.13119  -2.81379
   2.10400  -2.83126
   2.09003  -2.83581
   2.04612  -2.84830
   1.98937  -2.85990
   1.98661  -2.86033
   1.98433  -2.86063
   1.96288  -2.86346
   1.92593  -2.86593
   1.87083  -2.86596
   1.86477  -2.86569
   1.85958  -2.86450
   1.83665  -2.85870
   1.80588  -2.84748
   1.77135  -2.83274
   1.74978  -2.82406
   1.71943  -2.81234
   1.69438  -2.80283
   1.67229  -2.79346
   1.64166  -2.77628
   1.59864  -2.74535
   1.59412  -2.74137
   1.59178  -2.73929
   1.57881  -2.72917
   1.54951  -2.70424
   1.52023  -2.68850
   1.50260  -2.67805
   1.49834  -2.67624
   1.48676  -2.67111
   1.44619  -2.64640
   1.42040  -2.59808
   1.41830  -2.59262
   1.41767  -2.59096
   1.41457  -2.58549
   1.39175  -2.54070
   1.35834  -2.49957
   1.35584  -2.49580
   1.35377  -2.49264
   1.34261  -2.47755
   1.32263  -2.44799
   1.30465  -2.39338
   1.30427  -2.39293
   1.30286  -2.39127
   1.30338  -2.38879
   1.32019  -2.32897
   1.32340  -2.32630
   1.30773  -2.27567
   1.29834  -2.23432
   1.30051  -2.22138
   1.30095  -2.21475
   1.30498  -2.20321
   1.33245  -2.16667
   1.33773  -2.16048
   1.34270  -2.15085
   1.36231  -2.11736
   1.36266  -2.08525
   1.38106  -2.07059
   1.39416  -2.06120
   1.39619  -2.07326
   1.40268  -2.10312
   1.40690  -2.12126
   1.42392  -2.15528
   1.42798  -2.16232
   1.43268  -2.16667
   1.46811  -2.19478
   1.47425  -2.20040
   1.48388  -2.20534
   1.47616  -2.21262
   1.47009  -2.21759
   1.43232  -2.25370
   1.43187  -2.25420
   1.43157  -2.25471
   1.40617  -2.30593
   1.40733  -2.31057
   1.43457  -2.34551
   1.44609  -2.35837
   1.45738  -2.38515
   1.46761  -2.40990
   1.47007  -2.42985
   1.47851  -2.47281
   1.47770  -2.47665
   1.47834  -2.48007
   1.48134  -2.48178
   1.48524  -2.48241
   1.51986  -2.50740
   1.54070  -2.52031
   1.55480  -2.53780
   1.57723  -2.55198
   1.59220  -2.56439
   1.60677  -2.57561
   1.63373  -2.58397
   1.66443  -2.60387
   1.67152  -2.60732
   1.67753  -2.61014
   1.71111  -2.62735
   1.73284  -2.63020
   1.75090  -2.63175
   1.75667  -2.63169
   1.76989  -2.63123
   1.80190  -2.62952
   1.82212  -2.63662
   1.84147  -2.64562
   1.85366  -2.65073
   1.88309  -2.65626
   1.91666  -2.65969
   1.92593  -2.66051
   1.93382  -2.66108
   1.96916  -2.66084
   2.00630  -2.65655
   2.01195  -2.65455
   2.01998  -2.65157
   2.05390  -2.64426
   2.09472  -2.63722
   2.09700  -2.63668
   2.09880  -2.63623
   2.11135  -2.63331
   2.13983  -2.62538
   2.17652  -2.60311
   2.17757  -2.60253
   2.17865  -2.60192
   2.19044  -2.59349
   2.21263  -2.57612
   2.21720  -2.57569
   2.24576  -2.57178
   2.26072  -2.56566
   2.29077  -2.55146
   2.30453  -2.54527
   2.31038  -2.53694
   2.33814  -2.51256
   2.36257  -2.48799
   2.37067  -2.48320
   2.37491  -2.48105
   2.37851  -2.47558
   2.37381  -2.47212
   2.38608  -2.43234
   2.39203  -2.40690
   2.40108  -2.38823
   2.40587  -2.35867
   2.41119  -2.34329
   2.41572  -2.32882
   2.40977  -2.30095
   2.40849  -2.29597
   2.41298  -2.28882
   2.42705  -2.26424
   2.43124  -2.25577
   2.43876  -2.23935
   2.44978  -2.21250
   2.44385  -2.18445
   2.44509  -2.16667
   2.44576  -2.14658
   2.42666  -2.12909
   2.41987  -2.12345
   2.42588  -2.11991
   2.45028  -2.10413
   2.44684  -2.07482
   2.44133  -2.04361
   2.44280  -2.02817
   2.44200  -2.02102
   2.42180  -1.98618
   2.40870  -1.96662
   2.40109  -1.94509
   2.38222  -1.92269
   2.37503  -1.90737
   2.36600  -1.88978
   2.33743  -1.87890
   2.33707  -1.87878
   2.31004  -1.85147
   2.30635  -1.84746
   2.30218  -1.84304
   2.27381  -1.81879
   2.25065  -1.80728
   2.23801  -1.79474
   2.22649  -1.78407
   2.20232  -1.77193
   2.18547  -1.76705
   2.15799  -1.77103
   2.15476  -1.77031
   2.12465  -1.76487
   2.11472  -1.76179
   2.10060  -1.75839
   2.07732  -1.75071
   2.05622  -1.74496
   2.03905  -1.74450
   2.02052  -1.73863
   2.00228  -1.73367
   1.98118  -1.72897
   1.96447  -1.72606
   1.94744  -1.72610
   1.92593  -1.72739
   1.90772  -1.72931
   1.88790  -1.73200
   1.86954  -1.73053
   1.84916  -1.73133
   1.82388  -1.73367
   1.81022  -1.73484
   1.80099  -1.73460
   1.77012  -1.73860
   1.75319  -1.74176
   1.73546  -1.74013
   1.72756  -1.74127
   1.71603  -1.74443
   1.69120  -1.76011
   1.66427  -1.77976
   1.65658  -1.78200
   1.63641  -1.78564
   1.60905  -1.78902
   1.60232  -1.79017
   1.58150  -1.80128
   1.56830  -1.80904
   1.54060  -1.82006
   1.52392  -1.82935
   1.48501  -1.85483
   1.48279  -1.85638
   1.48200  -1.85779
   1.46085  -1.89815
   1.44628  -1.93213
   1.44303  -1.94149
   1.43860  -1.95224
   1.41802  -1.98180
   1.41409  -1.98800
   1.38987  -1.97156
   1.38091  -1.96512
   1.38103  -1.95811
   1.38404  -1.91398
   1.38425  -1.89163
   1.37011  -1.88743
   1.37758  -1.85008
   1.38506  -1.82165
   1.39908  -1.79777
   1.41719  -1.76805
   1.43021  -1.75071
   1.44238  -1.73553
   1.46503  -1.70578
   1.49458  -1.68398
   1.50931  -1.67016
   1.52278  -1.65824
   1.55556  -1.63773
   1.58024  -1.62743
   1.60701  -1.61429
   1.64245  -1.59922
   1.65901  -1.59425
   1.67352  -1.58465
   1.70763  -1.56692
   1.73407  -1.55493
   1.75861  -1.54223
   1.80016  -1.52639
   1.81239  -1.52276
   1.82138  -1.52026
   1.86133  -1.50885
   1.86823  -1.50716
                    
   1.68279  -4.32675
   1.68833  -4.31255
   1.70007  -4.30017
   1.70452  -4.29429
   1.71192  -4.28554
   1.72063  -4.27832
   1.72654  -4.27520
   1.73990  -4.26563
   1.74495  -4.26256
   1.75431  -4.25664
   1.75680  -4.25447
   1.76079  -4.25127
   1.77326  -4.24519
   1.77999  -4.24256
   1.78853  -4.23713
   1.80103  -4.23070
   1.80307  -4.23024
   1.80426  -4.23000
   1.81095  -4.22674
   1.81684  -4.22425
   1.82823  -4.22043
   1.83017  -4.21921
   1.83230  -4.21793
   1.84314  -4.21510
   1.85161  -4.21332
   1.85584  -4.21193
   1.86062  -4.21056
   1.86835  -4.20985
   1.87456  -4.20921
   1.88064  -4.20890
   1.88766  -4.20894
   1.89267  -4.20923
   1.89690  -4.20909
   1.90415  -4.20984
   1.91223  -4.21125
   1.91528  -4.21168
   1.91808  -4.21169
   1.92593  -4.21194
   1.93390  -4.21272
   1.93644  -4.21312
   1.93901  -4.21318
   1.94722  -4.21260
   1.95486  -4.21258
   1.95812  -4.21318
   1.96177  -4.21331
   1.96957  -4.21343
   1.97647  -4.21399
   1.98113  -4.21495
   1.98674  -4.21566
   1.99292  -4.21730
   1.99840  -4.21904
   2.00475  -4.22076
   2.01265  -4.22294
   2.01659  -4.22529
   2.02018  -4.22759
   2.02851  -4.23075
   2.03926  -4.23545
   2.04085  -4.23690
   2.04231  -4.23827
   2.05360  -4.24394
   2.05543  -4.24495
   2.06513  -4.25102
   2.06724  -4.25175
   2.07112  -4.25321
   2.08184  -4.26063
   2.08836  -4.26645
   2.09630  -4.27132
   2.11090  -4.28250
   2.11178  -4.28353
   2.11226  -4.28424
   2.11455  -4.28664
   2.12627  -4.29801
   2.13562  -4.30912
   2.14142  -4.31448
   2.14612  -4.32382
   2.14961  -4.33333
   2.15194  -4.34073
   2.15633  -4.35349
   2.15490  -4.36844
   2.15445  -4.37363
   2.15392  -4.37848
   2.15078  -4.39358
   2.14336  -4.40589
   2.14071  -4.41151
   2.13766  -4.41755
   2.12964  -4.42833
   2.12149  -4.43533
   2.11501  -4.44250
   2.10684  -4.45064
   2.10004  -4.45525
   2.09444  -4.45769
   2.08257  -4.46477
   2.06660  -4.47243
   2.06535  -4.47276
   2.06444  -4.47286
   2.05970  -4.47428
   2.04753  -4.47825
   2.03530  -4.48116
   2.03067  -4.48293
   2.02440  -4.48471
   2.01394  -4.48578
   2.00706  -4.48607
   1.99781  -4.48748
   1.98615  -4.48861
   1.98237  -4.48842
   1.97965  -4.48821
   1.96741  -4.48816
   1.95315  -4.48778
   1.95296  -4.48777
   1.93930  -4.48625
   1.92730  -4.48572
   1.92593  -4.48568
   1.92453  -4.48563
   1.91275  -4.48398
   1.90075  -4.48378
   1.89941  -4.48372
   1.89817  -4.48367
   1.88603  -4.48224
   1.87533  -4.48173
   1.87228  -4.48144
   1.87202  -4.48143
   1.87171  -4.48141
   1.85784  -4.47934
   1.84596  -4.47750
   1.84277  -4.47737
   1.83808  -4.47704
   1.82724  -4.47427
   1.81890  -4.47174
   1.81058  -4.47080
   1.79625  -4.46795
   1.79283  -4.46643
   1.79048  -4.46519
   1.78081  -4.46257
   1.77430  -4.46056
   1.75945  -4.45471
   1.75414  -4.45362
   1.74604  -4.45042
   1.73565  -4.44319
   1.72849  -4.43753
   1.71604  -4.43120
   1.70229  -4.41696
   1.70114  -4.41515
   1.70022  -4.41365
   1.69414  -4.40704
   1.68630  -4.39754
   1.68074  -4.37979
   1.67960  -4.37677
   1.67828  -4.37310
   1.67451  -4.35533
   1.68009  -4.33462
   1.68056  -4.33333
   1.68089  -4.33245
   1.68279  -4.32675
                    
   1.41648  -4.25782
   1.42636  -4.28255
   1.42970  -4.28992
   1.43433  -4.32269
   1.43667  -4.33333
   1.44094  -4.35021
   1.44800  -4.37515
   1.44216  -4.40520
   1.43899  -4.41919
   1.43779  -4.42514
   1.43744  -4.44962
   1.43783  -4.46412
   1.43859  -4.49688
   1.44231  -4.50935
   1.44682  -4.52307
   1.45384  -4.55347
   1.46159  -4.57427
   1.47374  -4.59441
   1.48554  -4.61219
   1.49744  -4.63336
   1.51034  -4.65121
   1.52625  -4.66870
   1.54063  -4.68323
   1.55781  -4.70145
   1.57863  -4.71865
   1.59365  -4.72933
   1.60592  -4.73745
   1.63140  -4.75396
   1.66480  -4.77046
   1.67182  -4.77345
   1.67715  -4.77564
   1.71334  -4.78922
   1.72083  -4.79167
   1.75188  -4.80049
   1.75557  -4.80137
   1.76030  -4.80246
   1.79832  -4.80958
   1.82934  -4.81451
   1.84088  -4.81568
   1.85460  -4.81670
   1.88353  -4.81790
   1.90988  -4.81922
   1.92593  -4.81919
   1.94255  -4.81859
   1.96822  -4.81677
   1.99575  -4.81558
   2.01070  -4.81408
   2.02394  -4.81237
   2.05304  -4.80771
   2.08887  -4.80122
   2.09559  -4.79948
   2.10117  -4.79795
   2.13779  -4.78768
   2.14455  -4.78538
   2.17539  -4.77346
   2.17922  -4.77205
   2.18474  -4.76996
   2.21982  -4.75306
   2.24607  -4.73663
   2.25818  -4.72929
   2.27448  -4.71864
   2.29497  -4.70238
   2.31115  -4.68681
   2.32879  -4.67138
   2.35176  -4.64899
   2.36070  -4.63777
   2.36813  -4.62505
   2.38599  -4.59895
   2.40411  -4.56852
   2.40798  -4.55812
   2.41100  -4.54042
   2.41649  -4.51188
   2.41911  -4.49352
   2.41786  -4.46515
   2.41922  -4.42717
   2.41916  -4.42147
   2.41910  -4.42029
   2.41898  -4.41835
   2.41552  -4.37617
   2.42596  -4.33553
   2.42652  -4.33333
   2.42684  -4.33205
   2.42800  -4.32524
   2.43250  -4.28901
   2.43684  -4.25903
   2.43571  -4.24345
   2.43368  -4.22451
   2.43235  -4.19764
   2.42802  -4.17853
   2.41789  -4.15427
   2.40838  -4.13422
   2.39989  -4.11232
   2.38673  -4.09104
   2.37423  -4.07451
   2.36486  -4.06300
   2.34609  -4.03913
   2.31536  -4.01114
   2.31265  -4.00883
   2.31077  -4.00725
   2.30137  -3.99989
   2.27686  -3.98239
   2.25034  -3.96765
   2.23715  -3.96243
   2.20991  -3.95324
   2.19542  -3.94845
   2.18752  -3.94603
   2.16541  -3.94215
   2.15436  -3.93768
   2.12310  -3.92687
   2.11642  -3.92481
   2.10787  -3.92208
   2.07849  -3.91417
   2.05512  -3.90942
   2.04015  -3.90704
   2.02259  -3.90388
   2.00213  -3.90114
   1.98399  -3.89953
   1.96396  -3.89862
   1.94329  -3.89681
   1.92593  -3.89606
   1.90776  -3.89602
   1.88774  -3.89683
   1.86982  -3.89680
   1.84911  -3.89769
   1.82361  -3.90016
   1.81036  -3.90203
   1.79989  -3.90333
   1.77113  -3.90803
   1.73211  -3.91764
   1.73209  -3.91765
   1.73199  -3.91767
   1.68820  -3.92158
   1.66811  -3.92503
   1.64529  -3.93254
   1.60475  -3.94877
   1.60363  -3.94924
   1.60307  -3.94948
   1.60096  -3.95053
   1.56387  -3.97127
   1.54060  -3.98819
   1.52725  -3.99880
   1.50740  -4.01606
   1.49280  -4.03005
   1.48377  -4.04200
   1.46361  -4.06642
   1.43794  -4.10262
   1.43657  -4.10514
   1.43566  -4.10837
   1.42092  -4.14953
   1.41065  -4.18713
   1.41034  -4.19518
   1.41223  -4.21358
   1.41460  -4.24317
   1.41648  -4.25782
                    
   1.36921  -3.97701
   1.36006  -3.99960
   1.35807  -4.00548
   1.35447  -4.01663
   1.34152  -4.06082
   1.33692  -4.08523
   1.33057  -4.11664
   1.32377  -4.16894
   1.32363  -4.17195
   1.32335  -4.17374
   1.31332  -4.22531
   1.31308  -4.22687
   1.31207  -4.27224
   1.30987  -4.27944
   1.30877  -4.28347
   1.30467  -4.30258
   1.30237  -4.33333
   1.30186  -4.38249
   1.30204  -4.38792
   1.30114  -4.39613
   1.30150  -4.44344
   1.30390  -4.47639
   1.30358  -4.50009
   1.30558  -4.55615
   1.30597  -4.55898
   1.30617  -4.56042
   1.30621  -4.56324
   1.31016  -4.62047
   1.31783  -4.64398
   1.33208  -4.67619
   1.35330  -4.71730
   1.35984  -4.72971
   1.36822  -4.73965
   1.40363  -4.77159
   1.42402  -4.78798
   1.44845  -4.81081
   1.48185  -4.83702
   1.49612  -4.84555
   1.50437  -4.85025
   1.54521  -4.87705
   1.58432  -4.90627
   1.59223  -4.91131
   1.60119  -4.91684
   1.64247  -4.94120
   1.67239  -4.96011
   1.69294  -4.97345
   1.73674  -4.99839
   1.74650  -5.00297
   1.75247  -5.00530
   1.77214  -5.01395
   1.80424  -5.02346
   1.85231  -5.03463
   1.86432  -5.03744
   1.87887  -5.03831
   1.92593  -5.03924
   1.97507  -5.03686
   1.98737  -5.03568
   1.99697  -5.03342
   2.04623  -5.02066
   2.04706  -5.02032
   2.08794  -5.00182
   2.10328  -4.99523
   2.13108  -4.98059
   2.15592  -4.96523
   2.16712  -4.95777
   2.20417  -4.93290
   2.20517  -4.93217
   2.24886  -4.90527
   2.25396  -4.90150
   2.26120  -4.89601
   2.29920  -4.86643
   2.33802  -4.84102
   2.34597  -4.83392
   2.35475  -4.82580
   2.39069  -4.79809
   2.43012  -4.76075
   2.43222  -4.75858
   2.43248  -4.75838
   2.43302  -4.75798
   2.47273  -4.71621
   2.49173  -4.67504
   2.49580  -4.66510
   2.49665  -4.66284
   2.49806  -4.65902
   2.51498  -4.60801
   2.51795  -4.57953
   2.52527  -4.55148
   2.53328  -4.51194
   2.53415  -4.49631
   2.53449  -4.48803
   2.54083  -4.44176
   2.54312  -4.41071
   2.54046  -4.39364
   2.54104  -4.38715
   2.54047  -4.37876
   2.53554  -4.33333
   2.53044  -4.30394
   2.52516  -4.28091
   2.52393  -4.25475
   2.52959  -4.22689
   2.53356  -4.20031
   2.52963  -4.17465
   2.52927  -4.17167
   2.52912  -4.16620
   2.52375  -4.11574
   2.51889  -4.08774
   2.51428  -4.05898
   2.49730  -4.01754
   2.49242  -4.00627
   2.48875  -3.99813
   2.46546  -3.95555
   2.43373  -3.92253
   2.42618  -3.91357
   2.41820  -3.90445
   2.38467  -3.87459
   2.35816  -3.85430
   2.34065  -3.83909
   2.32255  -3.82448
   2.29443  -3.80706
   2.27025  -3.79083
   2.24786  -3.77573
   2.22788  -3.76337
   2.19856  -3.74868
   2.16439  -3.72959
   2.14846  -3.72192
   2.13598  -3.71627
   2.09584  -3.69922
   2.05005  -3.68411
   2.04200  -3.68184
   2.04087  -3.68147
   2.03914  -3.68093
   1.98414  -3.66794
   1.93354  -3.66746
   1.92593  -3.66774
   1.91925  -3.66805
   1.86812  -3.67259
   1.84858  -3.67689
   1.81733  -3.68510
   1.81189  -3.68659
   1.80461  -3.68866
   1.75758  -3.70506
   1.72328  -3.71834
   1.70499  -3.72632
   1.68245  -3.73710
   1.65481  -3.75193
   1.62892  -3.76397
   1.60512  -3.77768
   1.58057  -3.79329
   1.55784  -3.80765
   1.52727  -3.82460
   1.50992  -3.83755
   1.49484  -3.84956
   1.46297  -3.87038
   1.42254  -3.90758
   1.42090  -3.90957
   1.41922  -3.91163
   1.40827  -3.92232
   1.38075  -3.95159
   1.36921  -3.97701
                    
   3.66037   0.27347
   3.67356   0.29265
   3.67875   0.29983
   3.68929   0.31313
   3.70027   0.32506
   3.70815   0.33053
   3.72767   0.34118
   3.75232   0.35250
   3.75684   0.35458
   3.76087   0.35574
   3.78832   0.36033
   3.81393   0.36270
   3.82006   0.36343
   3.82629   0.36370
   3.85185   0.36284
   3.87455   0.36054
   3.88331   0.35958
   3.89278   0.35790
   3.91412   0.35314
   3.93274   0.34784
   3.94404   0.34406
   3.95710   0.33791
   3.97195   0.32996
   3.98312   0.32332
   3.99810   0.31363
   4.01649   0.29758
   4.02104   0.29305
   4.02408   0.28992
   4.04092   0.27173
   4.04158   0.27096
   4.05616   0.25089
   4.05891   0.24676
   4.06279   0.24065
   4.07342   0.22156
   4.07966   0.20842
   4.08487   0.19553
   4.09127   0.17614
   4.09324   0.16902
   4.09485   0.16426
   4.09985   0.14318
   4.10120   0.13557
   4.10074   0.12100
   4.10091   0.11614
   4.10177   0.10888
   4.10253   0.09124
   4.10230   0.07982
   4.10180   0.06697
   4.10185   0.05028
   4.10161   0.04404
   4.10131   0.03917
   4.09921   0.02164
   4.09578   0.00034
   4.09569  -0.00000
   4.09563  -0.00027
   4.09505  -0.00298
   4.09038  -0.02087
   4.08539  -0.03808
   4.08470  -0.04106
   4.08392  -0.04419
   4.07754  -0.06047
   4.07355  -0.07646
   4.07253  -0.08032
   4.07151  -0.08390
   4.06573  -0.09973
   4.06364  -0.11959
   4.06331  -0.12167
   4.06331  -0.12208
   4.06330  -0.12281
   4.05943  -0.14535
   4.05907  -0.16054
   4.06169  -0.17608
   4.06294  -0.18972
   4.05964  -0.20304
   4.05925  -0.20740
   4.05830  -0.21966
   4.05329  -0.24006
   4.05049  -0.24890
   4.04811  -0.26659
   4.04599  -0.27726
   4.03857  -0.29612
   4.03313  -0.31397
   4.02776  -0.32814
   4.01815  -0.34259
   4.01398  -0.34769
   4.00626  -0.35313
   3.98592  -0.36835
   3.97151  -0.37784
   3.95516  -0.38554
   3.93481  -0.39195
   3.92168  -0.39599
   3.91045  -0.39906
   3.88714  -0.40332
   3.86065  -0.40686
   3.85185  -0.40735
   3.84366  -0.40764
   3.81612  -0.40841
   3.78528  -0.40630
   3.78037  -0.40538
   3.77533  -0.40436
   3.74483  -0.39942
   3.71585  -0.38850
   3.71135  -0.38602
   3.70552  -0.38269
   3.67960  -0.36939
   3.66465  -0.35304
   3.65513  -0.34072
   3.63831  -0.31540
   3.63493  -0.30979
   3.63406  -0.30657
   3.63156  -0.30015
   3.62432  -0.27116
   3.62219  -0.25800
   3.61558  -0.23627
   3.61410  -0.23035
   3.61033  -0.21109
   3.60797  -0.20465
   3.60456  -0.19434
   3.60173  -0.17514
   3.59930  -0.16519
   3.59451  -0.14858
   3.58981  -0.12605
   3.58948  -0.12234
   3.58861  -0.11979
   3.58322  -0.09778
   3.58083  -0.08426
   3.58046  -0.07435
   3.58033  -0.07275
   3.57996  -0.07097
   3.57649  -0.04855
   3.57492  -0.02775
   3.57478  -0.02424
   3.57454  -0.02059
   3.57470   0.00000
   3.57626   0.01933
   3.57671   0.02407
   3.57723   0.02889
   3.58121   0.04772
   3.58601   0.06465
   3.58765   0.07079
   3.58900   0.07685
   3.59404   0.09384
   3.60041   0.11108
   3.60246   0.11629
   3.60378   0.12108
   3.60877   0.14034
   3.61307   0.15342
   3.61739   0.16310
   3.61771   0.16395
   3.61795   0.16537
   3.62585   0.18964
   3.63288   0.20626
   3.63598   0.21587
   3.64208   0.23427
   3.64687   0.24429
   3.64989   0.25009
   3.65773   0.26815
   3.66037   0.27347
                    
   3.16987   0.03508
   3.16762   0.00000
   3.16726  -0.03991
   3.16754  -0.05987
   3.16648  -0.07406
   3.16732  -0.12070
   3.16882  -0.14269
   3.16786  -0.17087
   3.16835  -0.18314
   3.17114  -0.20540
   3.17685  -0.24568
   3.18083  -0.26681
   3.19254  -0.30744
   3.21606  -0.34583
   3.22655  -0.36102
   3.24175  -0.38164
   3.26503  -0.41090
   3.28279  -0.42888
   3.31249  -0.45258
   3.33495  -0.46873
   3.35691  -0.48731
   3.36135  -0.49050
   3.36685  -0.49551
   3.40661  -0.53062
   3.44705  -0.56126
   3.45519  -0.56649
   3.46155  -0.57228
   3.50297  -0.60429
   3.54127  -0.63396
   3.55304  -0.64080
   3.56805  -0.64851
   3.60812  -0.66965
   3.63703  -0.68293
   3.66624  -0.69271
   3.69806  -0.70035
   3.72721  -0.70687
   3.75424  -0.71178
   3.78924  -0.71561
   3.82502  -0.71832
   3.85185  -0.71938
   3.87688  -0.71945
   3.91464  -0.71764
   3.95389  -0.71357
   3.97689  -0.70911
   4.00249  -0.70323
   4.03811  -0.69514
   4.07005  -0.68369
   4.09575  -0.67011
   4.13876  -0.64413
   4.14942  -0.63815
   4.15693  -0.63346
   4.18012  -0.61573
   4.19968  -0.60246
   4.23920  -0.57245
   4.24754  -0.56510
   4.25817  -0.55772
   4.29549  -0.52871
   4.33111  -0.49686
   4.34010  -0.48825
   4.34828  -0.48111
   4.38349  -0.44610
   4.42244  -0.40068
   4.42304  -0.39995
   4.42351  -0.39924
   4.45471  -0.34806
   4.47979  -0.29793
   4.48169  -0.29370
   4.48350  -0.28761
   4.49806  -0.23520
   4.50540  -0.19968
   4.50808  -0.17584
   4.51226  -0.13847
   4.51446  -0.11684
   4.51565  -0.10057
   4.51455  -0.05798
   4.51779  -0.00772
   4.51805  -0.00000
   4.51823   0.00842
   4.51653   0.05815
   4.51557   0.10067
   4.51427   0.11680
   4.51200   0.13777
   4.50659   0.17544
   4.49983   0.20453
   4.49138   0.23277
   4.48039   0.26414
   4.47100   0.28871
   4.45619   0.31292
   4.43936   0.33920
   4.42508   0.35958
   4.40327   0.38611
   4.37128   0.42074
   4.36338   0.42923
   4.35673   0.43617
   4.31953   0.46768
   4.28592   0.50517
   4.28023   0.51052
   4.27347   0.51673
   4.23668   0.54959
   4.20952   0.57323
   4.19008   0.58582
   4.16787   0.59909
   4.13952   0.61691
   4.11848   0.62892
   4.08557   0.64213
   4.05127   0.65385
   4.02924   0.66202
   4.01212   0.66793
   3.97129   0.67738
   3.92673   0.68475
   3.91198   0.68724
   3.89941   0.68858
   3.85185   0.69142
   3.79993   0.69078
   3.79146   0.69032
   3.78307   0.68933
   3.73133   0.68350
   3.67564   0.67276
   3.67188   0.67165
   3.66718   0.66981
   3.61482   0.65124
   3.56929   0.63107
   3.56031   0.62521
   3.54457   0.61355
   3.51136   0.58974
   3.49062   0.57322
   3.46826   0.54783
   3.43072   0.51824
   3.42263   0.51152
   3.41471   0.50473
   3.38046   0.47139
   3.34885   0.44832
   3.33351   0.43494
   3.30998   0.41271
   3.29028   0.39322
   3.27904   0.37971
   3.25466   0.34479
   3.22820   0.30079
   3.22364   0.29294
   3.22044   0.28547
   3.20307   0.23614
   3.19132   0.19339
   3.18741   0.17804
   3.18384   0.16052
   3.17772   0.11887
   3.17462   0.08449
   3.17313   0.05938
   3.16987   0.03508
                    
   3.74280  -2.57365
   3.73901  -2.56887
   3.72507  -2.54935
   3.71556  -2.54114
   3.69858  -2.52481
   3.69026  -2.51321
   3.68105  -2.51169
   3.65656  -2.50492
   3.63914  -2.49895
   3.62266  -2.49398
   3.61900  -2.47827
   3.60878  -2.45635
   3.60417  -2.44464
   3.60784  -2.42747
   3.60849  -2.41003
   3.61017  -2.39288
   3.61279  -2.37733
   3.61027  -2.36938
   3.60661  -2.35586
   3.60705  -2.33808
   3.60745  -2.33108
   3.60883  -2.31327
   3.60975  -2.30645
   3.61333  -2.28851
   3.61391  -2.27762
   3.60681  -2.26893
   3.59503  -2.26014
   3.57943  -2.24628
   3.57573  -2.24185
   3.57531  -2.24077
   3.57554  -2.23970
   3.57648  -2.23540
   3.58661  -2.21344
   3.59299  -2.20243
   3.59649  -2.18901
   3.59133  -2.17602
   3.58442  -2.16667
   3.57015  -2.14274
   3.56992  -2.14200
   3.57021  -2.14135
   3.58347  -2.11934
   3.59195  -2.10775
   3.59775  -2.09858
   3.59835  -2.08750
   3.59548  -2.07336
   3.59291  -2.05046
   3.59236  -2.04676
   3.59318  -2.04605
   3.59378  -2.04568
   3.59591  -2.04400
   3.61739  -2.03130
   3.62945  -2.02562
   3.63685  -2.01612
   3.63997  -2.00548
   3.64426  -1.99248
   3.65261  -1.97245
   3.65427  -1.96909
   3.65513  -1.96684
   3.65436  -1.96283
   3.64813  -1.92388
   3.64768  -1.91582
   3.64577  -1.90760
   3.63981  -1.86384
   3.64504  -1.86361
   3.68094  -1.87063
   3.68690  -1.87234
   3.70721  -1.86890
   3.71268  -1.86822
   3.71658  -1.86453
   3.73221  -1.85098
   3.73537  -1.84664
   3.74438  -1.83523
   3.75958  -1.82232
   3.77382  -1.82121
   3.79145  -1.82413
   3.80116  -1.82621
   3.82208  -1.82634
   3.84429  -1.82479
   3.85185  -1.82481
   3.85926  -1.82500
   3.88167  -1.82590
   3.90320  -1.82752
   3.91157  -1.82797
   3.92136  -1.82876
   3.94139  -1.83251
   3.95990  -1.83702
   3.97330  -1.83300
   4.00356  -1.82666
   4.00881  -1.82683
   4.01017  -1.82714
   4.01086  -1.82824
   4.01311  -1.83109
   4.02093  -1.87382
   4.02130  -1.87805
   4.02394  -1.88387
   4.03297  -1.90800
   4.04368  -1.92036
   4.05281  -1.92717
   4.06131  -1.93398
   4.07123  -1.94729
   4.07786  -1.95866
   4.08544  -1.97066
   4.09368  -1.98536
   4.09757  -1.99461
   4.09825  -2.00203
   4.10199  -2.02225
   4.10349  -2.03540
   4.10185  -2.04579
   4.10054  -2.05070
   4.09926  -2.06125
   4.10140  -2.07584
   4.10243  -2.08688
   4.08963  -2.10295
   4.09124  -2.12368
   4.09127  -2.12440
   4.09132  -2.12447
   4.09132  -2.12447
   4.09241  -2.14562
   4.08685  -2.16291
   4.08525  -2.16667
   4.08272  -2.17215
   4.07572  -2.18625
   4.07420  -2.19774
   4.07495  -2.20600
   4.07532  -2.21277
   4.07207  -2.22567
   4.06247  -2.23341
   4.06384  -2.24382
   4.06441  -2.25086
   4.05532  -2.26155
   4.05104  -2.27297
   4.04584  -2.27866
   4.03928  -2.28528
   4.03477  -2.29475
   4.03938  -2.32155
   4.03953  -2.32335
   4.04011  -2.32464
   4.05382  -2.36607
   4.05455  -2.36804
   4.05462  -2.36943
   4.05506  -2.37500
   4.05192  -2.40510
   4.04988  -2.41534
   4.05149  -2.43073
   4.05216  -2.45274
   4.04892  -2.46659
   4.03875  -2.48867
   4.03813  -2.48931
   4.01747  -2.50888
   4.01260  -2.51139
   4.00691  -2.51671
   3.98339  -2.52807
   3.96131  -2.53701
   3.95320  -2.54489
   3.93900  -2.54965
   3.92071  -2.55717
   3.90674  -2.56217
   3.88677  -2.56575
   3.86514  -2.56754
   3.85185  -2.56749
   3.83816  -2.56698
   3.81690  -2.56619
   3.78810  -2.57047
   3.78073  -2.57002
   3.77452  -2.56954
   3.75330  -2.57261
   3.74280  -2.57365
                    
   3.17433  -2.10739
   3.17659  -2.07974
   3.17738  -2.04774
   3.18155  -1.99882
   3.18402  -1.98772
   3.18781  -1.97652
   3.19991  -1.92938
   3.21950  -1.87224
   3.21970  -1.87189
   3.21983  -1.87151
   3.24805  -1.81806
   3.28013  -1.76818
   3.28090  -1.76688
   3.28412  -1.76470
   3.33322  -1.73148
   3.34814  -1.72273
   3.36569  -1.71884
   3.39857  -1.71339
   3.42235  -1.66424
   3.42434  -1.66064
   3.42588  -1.65901
   3.42808  -1.65671
   3.46461  -1.61362
   3.48175  -1.59356
   3.50861  -1.57216
   3.55157  -1.54226
   3.55837  -1.53730
   3.56302  -1.53488
   3.61392  -1.51294
   3.66983  -1.49413
   3.67150  -1.49360
   3.67294  -1.49314
   3.70250  -1.48506
   3.73038  -1.47776
   3.78242  -1.46735
   3.79065  -1.46709
   3.79768  -1.46671
   3.85185  -1.46868
   3.85472  -1.46890
   3.90856  -1.47352
   3.91243  -1.47424
   3.91663  -1.47440
   3.97178  -1.48650
   4.01256  -1.49859
   4.02986  -1.50234
   4.04838  -1.50958
   4.08675  -1.52128
   4.12750  -1.53647
   4.14146  -1.54561
   4.16092  -1.55599
   4.19444  -1.57328
   4.22914  -1.59376
   4.24480  -1.60548
   4.26404  -1.62345
   4.28716  -1.64789
   4.30101  -1.66381
   4.32547  -1.69305
   4.35548  -1.72221
   4.36902  -1.73271
   4.39471  -1.75434
   4.41179  -1.77459
   4.42505  -1.80206
   4.43748  -1.82855
   4.44554  -1.84755
   4.45695  -1.88450
   4.47812  -1.91596
   4.48783  -1.93519
   4.50035  -1.96258
   4.51273  -1.98959
   4.51711  -2.01452
   4.51811  -2.04919
   4.51786  -2.06865
   4.52053  -2.10817
   4.52348  -2.14969
   4.52505  -2.16667
   4.52644  -2.18864
   4.52488  -2.22555
   4.51511  -2.26786
   4.51154  -2.28299
   4.50842  -2.29510
   4.49238  -2.33829
   4.50158  -2.36969
   4.50590  -2.40472
   4.50626  -2.40882
   4.51169  -2.44215
   4.50553  -2.47148
   4.48750  -2.50680
   4.47355  -2.52560
   4.45022  -2.55437
   4.43563  -2.57544
   4.42161  -2.58920
   4.38735  -2.61601
   4.38306  -2.61911
   4.34860  -2.64643
   4.33867  -2.65349
   4.32894  -2.66402
   4.29908  -2.69965
   4.28932  -2.71028
   4.26413  -2.73738
   4.25613  -2.74404
   4.24493  -2.75401
   4.20945  -2.78605
   4.18947  -2.80223
   4.15752  -2.82218
   4.11499  -2.84225
   4.10019  -2.84896
   4.08832  -2.85405
   4.04042  -2.87043
   3.99186  -2.87925
   3.97778  -2.88081
   3.95948  -2.88243
   3.91473  -2.88536
   3.87242  -2.88887
   3.85185  -2.89095
   3.83664  -2.89210
   3.78853  -2.89044
   3.74410  -2.88248
   3.72679  -2.87591
   3.69124  -2.86065
   3.66811  -2.85242
   3.64784  -2.84703
   3.60797  -2.83672
   3.57662  -2.82684
   3.54940  -2.81527
   3.52530  -2.80173
   3.49706  -2.78119
   3.45528  -2.74648
   3.44926  -2.74162
   3.44378  -2.73771
   3.41118  -2.70768
   3.40363  -2.70084
   3.36421  -2.66153
   3.36041  -2.65811
   3.35737  -2.65581
   3.34442  -2.64562
   3.30794  -2.62306
   3.28414  -2.60642
   3.25979  -2.58124
   3.23195  -2.54297
   3.22292  -2.52978
   3.21597  -2.51919
   3.19074  -2.47495
   3.17691  -2.43032
   3.17267  -2.41387
   3.16717  -2.38951
   3.16032  -2.35196
   3.15606  -2.32537
   3.15419  -2.28968
   3.15519  -2.23060
   3.15524  -2.22761
   3.15550  -2.22581
   3.15638  -2.22327
   3.16610  -2.16667
   3.17316  -2.13754
   3.17433  -2.10739
                    
   3.66167  -4.06172
   3.67674  -4.04209
   3.68072  -4.03693
   3.68814  -4.02792
   3.70254  -4.01313
   3.71348  -4.00579
   3.72948  -3.99711
   3.74951  -3.98769
   3.75817  -3.98370
   3.76598  -3.98150
   3.78914  -3.97767
   3.81090  -3.97547
   3.82044  -3.97430
   3.83014  -3.97391
   3.85185  -3.97469
   3.87130  -3.97651
   3.88296  -3.97772
   3.89546  -3.97991
   3.91347  -3.98386
   3.92948  -3.98822
   3.94315  -3.99262
   3.95863  -3.99983
   3.97087  -4.00633
   3.98030  -4.01178
   3.99691  -4.02226
   4.01684  -4.03939
   4.01984  -4.04236
   4.02189  -4.04444
   4.03436  -4.05715
   4.04047  -4.06396
   4.05490  -4.08287
   4.05819  -4.08743
   4.06259  -4.09385
   4.07330  -4.11189
   4.08006  -4.12483
   4.08597  -4.13689
   4.09299  -4.15354
   4.09602  -4.16237
   4.09853  -4.16867
   4.10497  -4.18720
   4.11110  -4.21087
   4.11140  -4.21231
   4.11178  -4.21344
   4.11492  -4.22680
   4.11518  -4.23749
   4.11449  -4.25642
   4.11394  -4.26311
   4.11365  -4.27263
   4.11184  -4.28749
   4.11010  -4.29733
   4.10779  -4.31094
   4.10520  -4.32811
   4.10389  -4.33333
   4.10282  -4.33727
   4.09827  -4.35489
   4.09316  -4.37506
   4.09292  -4.37584
   4.09270  -4.37653
   4.08881  -4.38817
   4.08580  -4.39602
   4.08366  -4.40696
   4.08138  -4.41642
   4.08124  -4.41682
   4.08110  -4.41724
   4.07469  -4.43725
   4.07250  -4.45545
   4.07184  -4.46034
   4.07061  -4.46785
   4.06666  -4.48375
   4.06566  -4.49475
   4.06708  -4.51393
   4.06714  -4.51828
   4.06058  -4.53666
   4.05979  -4.54128
   4.05821  -4.55267
   4.05196  -4.57182
   4.04816  -4.58137
   4.04371  -4.60310
   4.04291  -4.60619
   4.03378  -4.62752
   4.02936  -4.64079
   4.01851  -4.66626
   4.01411  -4.67365
   4.01190  -4.67656
   4.00761  -4.67987
   3.98482  -4.69866
   3.96939  -4.70967
   3.95465  -4.71699
   3.93576  -4.72331
   3.92146  -4.72808
   3.90958  -4.73157
   3.88708  -4.73599
   3.86115  -4.73954
   3.85185  -4.74016
   3.84332  -4.74053
   3.81616  -4.74133
   3.78583  -4.73915
   3.78048  -4.73811
   3.77493  -4.73696
   3.74504  -4.73197
   3.71719  -4.72102
   3.71186  -4.71797
   3.70478  -4.71374
   3.68056  -4.70068
   3.66699  -4.68531
   3.65686  -4.67106
   3.63828  -4.63938
   3.63797  -4.63879
   3.63789  -4.63847
   3.63771  -4.63790
   3.62723  -4.60103
   3.62531  -4.59061
   3.61751  -4.56767
   3.61728  -4.56692
   3.61142  -4.54424
   3.60846  -4.53756
   3.60451  -4.52782
   3.60072  -4.50917
   3.59753  -4.49866
   3.59190  -4.48342
   3.58619  -4.46425
   3.58513  -4.45771
   3.58337  -4.45286
   3.57765  -4.43313
   3.57299  -4.41097
   3.57248  -4.40819
   3.57164  -4.40555
   3.56777  -4.38342
   3.56559  -4.36021
   3.56533  -4.35840
   3.56518  -4.35653
   3.56531  -4.33333
   3.56745  -4.30924
   3.56752  -4.30846
   3.56766  -4.30772
   3.57118  -4.28384
   3.57679  -4.26005
   3.57693  -4.25967
   3.57704  -4.25930
   3.58336  -4.23561
   3.59132  -4.21346
   3.59195  -4.21214
   3.59236  -4.21057
   3.60096  -4.18848
   3.61025  -4.16925
   3.61196  -4.16536
   3.61356  -4.15950
   3.62212  -4.14056
   3.62976  -4.12627
   3.63413  -4.11561
   3.64176  -4.09739
   3.64677  -4.08893
   3.65028  -4.08338
   3.66102  -4.06284
   3.66167  -4.06172
                    
   3.16821  -4.29521
   3.16587  -4.33333
   3.16577  -4.37606
   3.16609  -4.39333
   3.16534  -4.40589
   3.16679  -4.45413
   3.16837  -4.47384
   3.16760  -4.50394
   3.16821  -4.51652
   3.17111  -4.53887
   3.17693  -4.57899
   3.18101  -4.60028
   3.19280  -4.64065
   3.21606  -4.67941
   3.22620  -4.69456
   3.24013  -4.71411
   3.26403  -4.74493
   3.28305  -4.76451
   3.31083  -4.78730
   3.34292  -4.81070
   3.35750  -4.82303
   3.36019  -4.82500
   3.36350  -4.82802
   3.40562  -4.86513
   3.44808  -4.89697
   3.45437  -4.90100
   3.45939  -4.90547
   3.49442  -4.93261
   3.50214  -4.93904
   3.53931  -4.96745
   3.55259  -4.97511
   3.56943  -4.98376
   3.60776  -5.00396
   3.63528  -5.01666
   3.66598  -5.02701
   3.69965  -5.03513
   3.72702  -5.04127
   3.75224  -5.04593
   3.78914  -5.05009
   3.82697  -5.05288
   3.85185  -5.05379
   3.87514  -5.05386
   3.91473  -5.05199
   3.95550  -5.04754
   3.97703  -5.04326
   4.00133  -5.03760
   4.03827  -5.02907
   4.07113  -5.01726
   4.09600  -5.00412
   4.13766  -4.97903
   4.14978  -4.97225
   4.15846  -4.96694
   4.18723  -4.94522
   4.20012  -4.93655
   4.24155  -4.90565
   4.24841  -4.89967
   4.25703  -4.89374
   4.29645  -4.86319
   4.33394  -4.82954
   4.34115  -4.82263
   4.34772  -4.81682
   4.38424  -4.78006
   4.42302  -4.73415
   4.42343  -4.73369
   4.42350  -4.73361
   4.42357  -4.73350
   4.42436  -4.73223
   4.45513  -4.68163
   4.48051  -4.63077
   4.48211  -4.62723
   4.48365  -4.62229
   4.49908  -4.56891
   4.50715  -4.53146
   4.50995  -4.50967
   4.51407  -4.47678
   4.51707  -4.45063
   4.51868  -4.43039
   4.51805  -4.39162
   4.52091  -4.34607
   4.52134  -4.33333
   4.52154  -4.31957
   4.51957  -4.27492
   4.51839  -4.23594
   4.51669  -4.21610
   4.51368  -4.19100
   4.50842  -4.15741
   4.50217  -4.13082
   4.49300  -4.09998
   4.48092  -4.06574
   4.47244  -4.04395
   4.45958  -4.02246
   4.44124  -3.99305
   4.42506  -3.96962
   4.40554  -3.94564
   4.37790  -3.91484
   4.36608  -3.90185
   4.35583  -3.89112
   4.32270  -3.86248
   4.29260  -3.82913
   4.28271  -3.81986
   4.27108  -3.80942
   4.23857  -3.78104
   4.21429  -3.76012
   4.19134  -3.74532
   4.16546  -3.73015
   4.14035  -3.71466
   4.12155  -3.70396
   4.08614  -3.68963
   4.04905  -3.67700
   4.02963  -3.66987
   4.01436  -3.66469
   3.97152  -3.65467
   3.92455  -3.64693
   3.91208  -3.64490
   3.90139  -3.64375
   3.85185  -3.64077
   3.79792  -3.64156
   3.79136  -3.64192
   3.78487  -3.64268
   3.73116  -3.64886
   3.67416  -3.66015
   3.67167  -3.66088
   3.66857  -3.66208
   3.61449  -3.68117
   3.56747  -3.70205
   3.55980  -3.70702
   3.54671  -3.71640
   3.51023  -3.74163
   3.48641  -3.76014
   3.46609  -3.78241
   3.43303  -3.80825
   3.42012  -3.81881
   3.40745  -3.82970
   3.37759  -3.85907
   3.34972  -3.87995
   3.33123  -3.89648
   3.30440  -3.92281
   3.28863  -3.93896
   3.27918  -3.95049
   3.25343  -3.98783
   3.22641  -4.03374
   3.22283  -4.04002
   3.22023  -4.04599
   3.20204  -4.09682
   3.18962  -4.14151
   3.18616  -4.15496
   3.18293  -4.16993
   3.17608  -4.21418
   3.17260  -4.25138
   3.17110  -4.27378
   3.16821  -4.29521
                    
