  -0.27380   0.02395
  -0.27242   0.02994
  -0.26801   0.04726
  -0.26323   0.06207
  -0.26016   0.06971
  -0.25506   0.07881
  -0.24835   0.09039
  -0.24266   0.09921
  -0.23464   0.10941
  -0.22211   0.12215
  -0.21830   0.12604
  -0.21538   0.12890
  -0.20030   0.14025
  -0.19715   0.14243
  -0.18374   0.15083
  -0.18110   0.15196
  -0.17681   0.15369
  -0.16056   0.16056
  -0.14976   0.16506
  -0.14004   0.16689
  -0.12445   0.16858
  -0.11866   0.16946
  -0.11477   0.17042
  -0.09835   0.17035
  -0.09406   0.17004
  -0.08217   0.17371
  -0.08113   0.17399
  -0.07996   0.17437
  -0.06493   0.17840
  -0.05154   0.18089
  -0.04858   0.18131
  -0.04536   0.18187
  -0.03237   0.18356
  -0.02029   0.18430
  -0.01613   0.18436
  -0.01175   0.18452
  -0.00000   0.18450
   0.01135   0.18377
   0.01603   0.18323
   0.02078   0.18279
   0.03197   0.18133
   0.04321   0.17915
   0.04771   0.17805
   0.05212   0.17706
   0.06340   0.17419
   0.07524   0.17035
   0.07879   0.16896
   0.08214   0.16779
   0.09416   0.16308
   0.10723   0.15681
   0.10909   0.15580
   0.11078   0.15497
   0.12392   0.14768
   0.13254   0.14211
   0.13903   0.14052
   0.14006   0.14006
   0.14155   0.13955
   0.15972   0.13402
   0.17159   0.12906
   0.17811   0.12471
   0.18739   0.11861
   0.19598   0.11315
   0.20155   0.10924
   0.21220   0.09895
   0.22622   0.08341
   0.22694   0.08260
   0.22743   0.08205
   0.23029   0.07824
   0.23977   0.06425
   0.24800   0.04867
   0.24989   0.04406
   0.25211   0.03826
   0.25791   0.02256
   0.26081   0.00953
   0.26206  -0.00000
   0.26305  -0.01090
   0.26404  -0.02310
   0.26344  -0.03392
   0.26171  -0.04615
   0.25938  -0.05843
   0.25733  -0.06895
   0.25402  -0.07905
   0.24920  -0.09070
   0.24426  -0.10125
   0.23929  -0.11158
   0.23270  -0.12210
   0.22656  -0.13080
   0.22086  -0.13823
   0.21232  -0.14867
   0.20147  -0.15960
   0.19614  -0.16458
   0.19143  -0.16873
   0.17877  -0.17877
   0.16312  -0.18923
   0.16027  -0.19100
   0.15781  -0.19249
   0.14096  -0.20131
   0.12631  -0.20785
   0.12154  -0.20973
   0.12117  -0.20986
   0.12072  -0.21002
   0.10092  -0.21642
   0.08380  -0.22117
   0.08073  -0.22181
   0.07721  -0.22250
   0.06036  -0.22528
   0.04523  -0.22761
   0.04022  -0.22811
   0.03481  -0.22852
   0.02005  -0.22913
   0.00598  -0.22965
  -0.00000  -0.22958
  -0.00610  -0.22935
  -0.01997  -0.22829
  -0.03400  -0.22721
  -0.03995  -0.22655
  -0.04563  -0.22577
  -0.05977  -0.22305
  -0.07488  -0.22000
  -0.07968  -0.21891
  -0.08400  -0.21783
  -0.09929  -0.21293
  -0.11650  -0.20705
  -0.11901  -0.20613
  -0.12115  -0.20531
  -0.13822  -0.19740
  -0.14924  -0.19205
  -0.15675  -0.18798
  -0.15740  -0.18759
  -0.15816  -0.18713
  -0.17580  -0.17580
  -0.19016  -0.16543
  -0.19367  -0.16251
  -0.19781  -0.15892
  -0.21041  -0.14733
  -0.22023  -0.13709
  -0.22590  -0.13042
  -0.23244  -0.12211
  -0.23992  -0.11187
  -0.24550  -0.10286
  -0.25182  -0.09165
  -0.25859  -0.07796
  -0.26197  -0.07020
  -0.26431  -0.06312
  -0.26901  -0.04743
  -0.27314  -0.02960
  -0.27409  -0.02398
  -0.27440  -0.01847
  -0.27499   0.00000
  -0.27435   0.01844
  -0.27380   0.02395
                    
  -0.66537   0.05821
  -0.65789   0.06382
  -0.63436   0.08004
  -0.61418   0.09842
  -0.60894   0.10737
  -0.59087   0.13542
  -0.57936   0.15524
  -0.55109   0.19160
  -0.54714   0.19616
  -0.54547   0.19854
  -0.54202   0.20336
  -0.51141   0.23848
  -0.49860   0.25594
  -0.48197   0.27827
  -0.45704   0.30777
  -0.44993   0.31505
  -0.44530   0.32176
  -0.41954   0.35203
  -0.38877   0.38304
  -0.38596   0.38596
  -0.38303   0.38888
  -0.35550   0.40929
  -0.34801   0.41474
  -0.31265   0.43793
  -0.30843   0.44049
  -0.30269   0.44340
  -0.26537   0.45964
  -0.23905   0.46905
  -0.22142   0.47483
  -0.19079   0.47950
  -0.17486   0.48042
  -0.16720   0.48066
  -0.13814   0.48276
  -0.12943   0.48304
  -0.09619   0.48178
  -0.08501   0.48213
  -0.06974   0.48218
  -0.04190   0.47892
  -0.02157   0.47977
  -0.00000   0.48025
   0.02157   0.47977
   0.04182   0.47796
   0.06617   0.47945
   0.08444   0.47889
   0.09873   0.47795
   0.12771   0.47661
   0.17121   0.47162
   0.17162   0.47153
   0.17194   0.47146
   0.17332   0.47128
   0.21612   0.46347
   0.24525   0.45276
   0.25848   0.44770
   0.27668   0.44004
   0.29990   0.42830
   0.31771   0.41641
   0.33702   0.40164
   0.35658   0.38514
   0.37172   0.37172
   0.38505   0.35925
   0.40442   0.33935
   0.42484   0.31588
   0.43428   0.30409
   0.44250   0.29417
   0.46484   0.26837
   0.48579   0.24065
   0.49220   0.23196
   0.49350   0.23012
   0.49635   0.22696
   0.52300   0.19036
   0.53673   0.16847
   0.55157   0.14779
   0.57430   0.10156
   0.57441   0.10128
   0.57447   0.10111
   0.57469   0.10066
   0.59569   0.05212
   0.60022   0.02297
   0.60397  -0.00000
   0.60787  -0.03460
   0.60840  -0.05323
   0.60536  -0.07070
   0.59676  -0.10523
   0.58892  -0.13091
   0.58108  -0.15570
   0.56954  -0.18537
   0.55986  -0.20377
   0.55315  -0.21565
   0.53569  -0.24980
   0.51841  -0.28617
   0.51286  -0.29610
   0.50705  -0.30604
   0.48598  -0.34029
   0.46362  -0.37115
   0.45529  -0.38203
   0.44590  -0.39369
   0.42104  -0.42104
   0.39331  -0.44593
   0.38219  -0.45548
   0.37086  -0.46475
   0.34052  -0.48632
   0.29757  -0.50185
   0.29246  -0.50344
   0.29094  -0.50393
   0.28829  -0.50478
   0.24103  -0.51689
   0.21914  -0.51314
   0.18551  -0.50968
   0.18495  -0.50960
   0.15142  -0.50743
   0.13620  -0.50832
   0.10902  -0.50786
   0.08901  -0.50479
   0.08055  -0.50321
   0.04377  -0.50028
   0.04228  -0.50035
   0.00168  -0.50054
  -0.00000  -0.50051
  -0.00174  -0.50047
  -0.04348  -0.49699
  -0.06423  -0.49801
  -0.08446  -0.49816
  -0.08790  -0.49851
  -0.09429  -0.49908
  -0.13335  -0.49768
  -0.15853  -0.49600
  -0.18099  -0.49726
  -0.21668  -0.49694
  -0.22657  -0.49724
  -0.23213  -0.49780
  -0.24545  -0.49600
  -0.28189  -0.48824
  -0.29984  -0.48337
  -0.33231  -0.47459
  -0.37083  -0.44707
  -0.37342  -0.44503
  -0.37582  -0.44313
  -0.41191  -0.41191
  -0.44599  -0.37523
  -0.44648  -0.37464
  -0.44698  -0.37404
  -0.47769  -0.33448
  -0.47919  -0.33285
  -0.50642  -0.30049
  -0.51099  -0.29502
  -0.51799  -0.28635
  -0.54150  -0.25251
  -0.55683  -0.22954
  -0.57132  -0.20794
  -0.59625  -0.16484
  -0.59842  -0.16035
  -0.59963  -0.15766
  -0.60369  -0.14988
  -0.63832  -0.11255
  -0.64585  -0.10332
  -0.65403  -0.09562
  -0.68734  -0.06013
  -0.68559  -0.04180
  -0.67813   0.00000
  -0.67350   0.02013
  -0.66537   0.05821
                    
  -0.79617   0.10033
  -0.77880   0.10164
  -0.76250   0.09855
  -0.75250   0.08771
  -0.73120   0.06600
  -0.72886   0.06377
  -0.72432   0.01707
  -0.72069   0.00000
  -0.71073  -0.03857
  -0.70449  -0.06164
  -0.72834  -0.09231
  -0.73868  -0.10723
  -0.75725  -0.13301
  -0.78337  -0.11569
  -0.79529  -0.10709
                    
   0.56197  -0.57284
   0.54709  -0.54709
   0.54476  -0.54330
   0.54457  -0.54274
   0.54392  -0.54285
   0.54319  -0.54319
   0.53980  -0.54491
   0.47806  -0.56973
   0.46764  -0.57320
   0.44514  -0.58383
   0.41712  -0.59570
   0.37886  -0.61526
   0.36125  -0.62570
   0.34319  -0.63573
   0.30388  -0.65167
   0.26511  -0.67315
   0.24860  -0.68302
   0.23987  -0.68800
   0.18955  -0.70740
   0.17288  -0.71353
   0.13534  -0.72565
   0.12820  -0.72708
   0.12056  -0.72853
   0.06474  -0.74003
   0.01651  -0.74297
  -0.00000  -0.74308
  -0.01623  -0.74282
  -0.06478  -0.74045
  -0.11645  -0.73172
  -0.12865  -0.72963
  -0.14065  -0.72737
  -0.19102  -0.71290
  -0.24826  -0.69314
  -0.25187  -0.69200
  -0.25604  -0.69065
  -0.31031  -0.66546
  -0.36504  -0.63918
  -0.36823  -0.63779
  -0.37300  -0.63567
  -0.42408  -0.60565
  -0.46299  -0.58428
  -0.48203  -0.57446
  -0.52510  -0.54943
  -0.53941  -0.53941
  -0.54685  -0.53364
  -0.56309  -0.52350
  -0.59254  -0.52558
  -0.60845  -0.52321
                    
   0.60845   0.52321
   0.60848   0.51867
   0.60226   0.50535
   0.59382   0.48836
   0.58691   0.49248
   0.55342   0.51085
   0.52471   0.52471
   0.50125   0.53642
   0.47754   0.54710
   0.46359   0.55249
   0.40373   0.57136
   0.40064   0.57217
   0.39981   0.57254
   0.39681   0.57396
   0.34462   0.59689
   0.30990   0.60932
   0.28831   0.61828
   0.26912   0.62929
   0.23422   0.64350
   0.19736   0.65615
   0.17776   0.66341
   0.16311   0.66883
   0.11993   0.68015
   0.06801   0.68990
   0.06048   0.69127
   0.05404   0.69183
  -0.00000   0.69488
  -0.05745   0.69350
  -0.06065   0.69324
  -0.06427   0.69264
  -0.12074   0.68477
  -0.17546   0.67255
  -0.17977   0.67093
  -0.18526   0.66920
  -0.23862   0.65560
  -0.24012   0.65516
  -0.29166   0.63723
  -0.29634   0.63550
  -0.30466   0.63342
  -0.35609   0.61676
  -0.38390   0.60581
  -0.41543   0.59329
  -0.44354   0.58504
  -0.46588   0.57747
  -0.48073   0.57292
  -0.53389   0.55325
  -0.53857   0.55874
  -0.56197   0.57284
                    
   0.79617  -0.10033
   0.77600  -0.09355
   0.76320  -0.09297
   0.75559  -0.08310
   0.74848  -0.06548
   0.75490  -0.04120
   0.76002  -0.00000
   0.76339   0.06079
   0.76374   0.06682
   0.76456   0.06919
   0.76546   0.07208
   0.76982   0.07685
   0.79529   0.10709
                    
  -0.27874  -2.14228
  -0.27721  -2.13906
  -0.27005  -2.11905
  -0.26353  -2.10431
  -0.25765  -2.09763
  -0.25392  -2.08760
  -0.24932  -2.07592
  -0.24448  -2.06513
  -0.23913  -2.05516
  -0.23354  -2.04459
  -0.22693  -2.03565
  -0.22098  -2.02823
  -0.21333  -2.01729
  -0.19414  -2.00850
  -0.19088  -2.00650
  -0.18857  -2.00513
  -0.18056  -2.00371
  -0.16464  -2.00203
  -0.15152  -1.99661
  -0.14505  -1.99380
  -0.13655  -1.99052
  -0.12542  -1.98754
  -0.11779  -1.98344
  -0.10866  -1.97847
  -0.09895  -1.97378
  -0.09129  -1.97090
  -0.08384  -1.97346
  -0.07128  -1.98589
  -0.06496  -1.98820
  -0.05264  -1.99377
  -0.04578  -1.99580
  -0.03956  -1.99240
  -0.03119  -1.98979
  -0.02186  -1.98740
  -0.01586  -1.98537
  -0.01069  -1.98417
  -0.00000  -1.98283
   0.01178  -1.98210
   0.01617  -1.98179
   0.01986  -1.98106
   0.03255  -1.98206
   0.04595  -1.98407
   0.04891  -1.98412
   0.05132  -1.98443
   0.06636  -1.98435
   0.06735  -1.98439
   0.08370  -1.97554
   0.08922  -1.97534
   0.09405  -1.97831
   0.10424  -1.98612
   0.11495  -1.99556
   0.11798  -1.99817
   0.12149  -2.00011
   0.13238  -2.00890
   0.14275  -2.01850
   0.14583  -2.02084
   0.15147  -2.02242
   0.16741  -2.02619
   0.17668  -2.02919
   0.18732  -2.03551
   0.19533  -2.04674
   0.19768  -2.05254
   0.20015  -2.05919
   0.20644  -2.07040
   0.22477  -2.08313
   0.22574  -2.08450
   0.22649  -2.08557
   0.22994  -2.08738
   0.24961  -2.09979
   0.25617  -2.11113
   0.25753  -2.12126
   0.25844  -2.13074
   0.26267  -2.14369
   0.26502  -2.15453
   0.26286  -2.16667
   0.26074  -2.17615
   0.26129  -2.18953
   0.26083  -2.20165
   0.26080  -2.21265
   0.26015  -2.22581
   0.25845  -2.23592
   0.25729  -2.24495
   0.25291  -2.25872
   0.24770  -2.27247
   0.24514  -2.28098
   0.23908  -2.28848
   0.23268  -2.30101
   0.22541  -2.31356
   0.21797  -2.31929
   0.21359  -2.32806
   0.20221  -2.33634
   0.19375  -2.34186
   0.18571  -2.35238
   0.17502  -2.36036
   0.16682  -2.36547
   0.15984  -2.36948
   0.14713  -2.37679
   0.13030  -2.38291
   0.12585  -2.38464
   0.12208  -2.38602
   0.10410  -2.38992
   0.09015  -2.39256
   0.08335  -2.39353
   0.08261  -2.39363
   0.08170  -2.39376
   0.06126  -2.39531
   0.04396  -2.39971
   0.04120  -2.40032
   0.03853  -2.40087
   0.02073  -2.40356
   0.00354  -2.40217
  -0.00000  -2.40026
  -0.00572  -2.39695
  -0.01983  -2.39327
  -0.03170  -2.39010
  -0.03911  -2.38849
  -0.04679  -2.38655
  -0.05776  -2.38222
  -0.07322  -2.38484
  -0.07982  -2.38597
  -0.08388  -2.38654
  -0.10243  -2.38632
  -0.10420  -2.38644
  -0.12210  -2.38665
  -0.12566  -2.38431
  -0.12895  -2.38208
  -0.14724  -2.37695
  -0.15878  -2.36378
  -0.16273  -2.36061
  -0.16667  -2.35731
  -0.17570  -2.34237
  -0.19064  -2.33331
  -0.19457  -2.32993
  -0.19912  -2.32584
  -0.21202  -2.31512
  -0.22067  -2.30455
  -0.22957  -2.29921
  -0.24560  -2.28799
  -0.24908  -2.28281
  -0.25235  -2.27907
  -0.25998  -2.26129
  -0.26652  -2.24249
  -0.26856  -2.23863
  -0.26969  -2.23527
  -0.27203  -2.21463
  -0.27278  -2.19644
  -0.27370  -2.19061
  -0.27456  -2.18525
  -0.27725  -2.16667
  -0.27874  -2.14501
  -0.27874  -2.14228
                    
  -0.67644  -2.22585
  -0.66037  -2.19519
  -0.65163  -2.18042
  -0.64976  -2.16667
  -0.64629  -2.14549
  -0.63371  -2.11122
  -0.62740  -2.09933
  -0.61373  -2.05845
  -0.61144  -2.05245
  -0.59703  -2.01597
  -0.59457  -2.00735
  -0.58106  -1.98976
  -0.55597  -1.96431
  -0.55069  -1.95941
  -0.53916  -1.94370
  -0.52255  -1.92300
  -0.50064  -1.90148
  -0.48722  -1.88537
  -0.46475  -1.86101
  -0.45196  -1.85020
  -0.44599  -1.83695
  -0.42527  -1.80983
  -0.40368  -1.78486
  -0.39680  -1.76987
  -0.38029  -1.75008
  -0.36042  -1.73713
  -0.33178  -1.72052
  -0.32109  -1.70810
  -0.30842  -1.71213
  -0.29899  -1.71445
  -0.26334  -1.71055
  -0.24373  -1.70970
  -0.21457  -1.70652
  -0.17808  -1.69717
  -0.17231  -1.69596
  -0.17142  -1.69570
  -0.17039  -1.69540
  -0.12826  -1.68799
  -0.09403  -1.68172
  -0.08545  -1.68205
  -0.07187  -1.68290
  -0.04246  -1.68140
  -0.02153  -1.68685
  -0.00000  -1.68452
   0.01837  -1.68332
   0.04179  -1.68900
   0.06665  -1.68684
   0.08435  -1.68827
   0.09959  -1.69003
   0.12790  -1.68934
   0.16149  -1.69120
   0.17038  -1.69211
   0.17284  -1.69179
   0.18128  -1.69083
   0.22098  -1.69277
   0.24155  -1.70391
   0.25944  -1.71730
   0.27196  -1.72744
   0.29581  -1.74421
   0.31994  -1.76213
   0.32943  -1.77406
   0.33503  -1.78147
   0.36100  -1.80566
   0.38532  -1.82433
   0.39962  -1.83134
   0.43931  -1.85439
   0.44228  -1.85698
   0.44381  -1.85924
   0.46189  -1.90000
   0.47228  -1.92895
   0.47904  -1.94329
   0.48581  -1.95726
   0.50267  -1.98371
   0.52136  -2.01804
   0.52574  -2.02223
   0.56137  -2.00770
   0.58884  -1.99580
   0.59855  -1.99742
   0.60363  -1.99838
   0.61017  -2.00317
   0.62012  -2.02190
   0.62710  -2.05609
   0.63220  -2.09067
   0.65069  -2.10974
   0.64117  -2.13865
   0.62200  -2.16163
   0.62025  -2.16667
   0.60714  -2.20012
   0.60239  -2.21937
   0.57601  -2.26669
   0.57499  -2.26805
   0.57477  -2.26834
   0.57434  -2.26931
   0.55181  -2.31452
   0.54755  -2.36405
   0.54703  -2.36577
   0.54658  -2.36726
   0.54664  -2.37061
   0.54486  -2.42074
   0.52663  -2.44910
   0.51270  -2.46268
   0.50657  -2.46835
   0.48080  -2.50333
   0.45818  -2.53916
   0.45465  -2.54816
   0.44497  -2.57066
   0.42796  -2.59463
   0.40807  -2.61120
   0.38474  -2.62518
   0.37044  -2.63303
   0.34056  -2.65304
   0.29382  -2.67223
   0.29219  -2.67276
   0.29127  -2.67305
   0.28704  -2.67462
   0.24338  -2.68860
   0.21900  -2.68010
   0.19968  -2.67068
   0.18200  -2.66670
   0.15983  -2.66047
   0.13217  -2.65993
   0.09596  -2.66679
   0.08840  -2.66800
   0.08121  -2.66903
   0.04422  -2.67214
   0.00060  -2.66937
  -0.00000  -2.66926
  -0.00040  -2.66919
  -0.00460  -2.66878
  -0.04345  -2.66331
  -0.08445  -2.65934
  -0.08683  -2.65908
  -0.08891  -2.65884
  -0.12977  -2.65096
  -0.13322  -2.65081
  -0.16681  -2.64805
  -0.17548  -2.64881
  -0.20170  -2.64999
  -0.22420  -2.64748
  -0.23512  -2.64500
  -0.25583  -2.64463
  -0.27820  -2.64852
  -0.29951  -2.65102
  -0.32762  -2.63455
  -0.37004  -2.61775
  -0.37458  -2.61570
  -0.37654  -2.61541
  -0.39358  -2.61257
  -0.43399  -2.60066
  -0.44422  -2.57747
  -0.45620  -2.54947
  -0.46033  -2.53864
  -0.46387  -2.52055
  -0.46770  -2.49415
  -0.50408  -2.46046
  -0.50538  -2.45913
  -0.50555  -2.45855
  -0.50564  -2.45824
  -0.53312  -2.41526
  -0.55320  -2.38246
  -0.56125  -2.37094
  -0.57678  -2.34679
  -0.58793  -2.32420
  -0.59312  -2.30749
  -0.61140  -2.27447
  -0.61323  -2.27085
  -0.64976  -2.27871
  -0.65213  -2.27452
  -0.67644  -2.22585
                    
  -0.74564  -2.10143
  -0.75417  -2.08144
  -0.76287  -2.07096
  -0.77682  -2.07079
  -0.79770  -2.09688
  -0.79875  -2.15890
  -0.79844  -2.16667
  -0.79796  -2.17606
  -0.79297  -2.23604
  -0.77846  -2.26732
  -0.76197  -2.26923
  -0.73693  -2.27625
  -0.72874  -2.25582
  -0.71671  -2.22937
  -0.73349  -2.19817
  -0.74179  -2.18090
  -0.74126  -2.16667
  -0.74060  -2.15473
  -0.74564  -2.10143
                    
  -0.66634  -2.35465
  -0.67054  -2.35969
  -0.67687  -2.35731
  -0.68281  -2.34963
  -0.69745  -2.32360
  -0.68674  -2.29024
  -0.65424  -2.28931
  -0.65876  -2.34318
  -0.66634  -2.35465
                    
   0.56878  -2.73275
   0.55415  -2.70683
   0.55236  -2.70148
   0.54726  -2.69899
   0.53817  -2.70484
   0.51147  -2.71993
   0.47739  -2.73559
   0.46775  -2.73961
   0.44361  -2.75166
   0.41776  -2.76330
   0.37746  -2.78448
   0.36022  -2.79058
   0.32446  -2.80162
   0.29987  -2.80975
   0.27960  -2.82098
   0.24563  -2.84154
   0.22632  -2.85207
   0.18745  -2.86623
   0.15319  -2.88468
   0.13657  -2.89272
   0.12833  -2.89447
   0.11917  -2.89629
   0.06512  -2.91096
   0.02426  -2.91353
  -0.00000  -2.91341
  -0.02237  -2.91260
  -0.06505  -2.91021
  -0.11434  -2.90001
  -0.12873  -2.89675
  -0.14028  -2.89392
  -0.19041  -2.87727
  -0.22261  -2.86628
  -0.24859  -2.85616
  -0.25056  -2.85509
  -0.25400  -2.85320
  -0.30775  -2.82663
  -0.35151  -2.81122
  -0.36509  -2.80577
  -0.36825  -2.80449
  -0.37348  -2.80233
  -0.42726  -2.77686
  -0.45919  -2.75956
  -0.48624  -2.74614
  -0.53709  -2.71681
  -0.54186  -2.71579
  -0.54641  -2.71307
  -0.61371  -2.68370
                    
   0.61371  -1.64964
   0.61397  -1.65050
   0.61386  -1.65158
   0.60754  -1.69548
   0.57981  -1.68015
   0.55671  -1.66870
   0.52353  -1.64313
   0.49200  -1.62174
   0.47440  -1.61084
   0.46817  -1.60872
   0.43272  -1.59806
   0.40441  -1.58911
   0.39615  -1.58594
   0.36768  -1.57362
   0.34753  -1.56472
   0.30409  -1.54810
   0.29020  -1.54433
   0.27436  -1.53664
   0.23232  -1.52838
   0.21001  -1.52517
   0.17484  -1.51414
   0.14432  -1.50413
   0.11816  -1.49654
   0.08276  -1.48806
   0.05974  -1.48379
   0.03976  -1.48216
  -0.00000  -1.47844
  -0.04957  -1.47707
  -0.06027  -1.47781
  -0.07286  -1.48039
  -0.11954  -1.48873
  -0.16018  -1.49876
  -0.17710  -1.50572
  -0.19294  -1.50564
  -0.21172  -1.50179
  -0.24247  -1.50048
  -0.27075  -1.50065
  -0.30561  -1.51129
  -0.34555  -1.53089
  -0.35992  -1.54326
  -0.38867  -1.57025
  -0.40866  -1.58304
  -0.46145  -1.59564
  -0.46947  -1.59800
  -0.47606  -1.59932
  -0.53535  -1.61483
  -0.53982  -1.61152
  -0.56287  -1.60379
  -0.56878  -1.60059
                    
  -0.27329  -4.30942
  -0.27196  -4.30318
  -0.26754  -4.28616
  -0.26281  -4.27167
  -0.25980  -4.26372
  -0.25472  -4.25445
  -0.24802  -4.24306
  -0.24240  -4.23446
  -0.23445  -4.22401
  -0.22174  -4.21119
  -0.21806  -4.20743
  -0.21524  -4.20466
  -0.19996  -4.19332
  -0.19788  -4.19191
  -0.18345  -4.18311
  -0.18044  -4.18192
  -0.17540  -4.18007
  -0.15949  -4.17384
  -0.14922  -4.16971
  -0.13884  -4.16788
  -0.12209  -4.16636
  -0.11735  -4.16574
  -0.11421  -4.16497
  -0.09719  -4.16500
  -0.09708  -4.16500
  -0.08218  -4.15994
  -0.08100  -4.15964
  -0.07959  -4.15927
  -0.06479  -4.15531
  -0.05161  -4.15286
  -0.04842  -4.15263
  -0.04478  -4.15218
  -0.03222  -4.15062
  -0.02059  -4.14995
  -0.01603  -4.15014
  -0.01112  -4.15001
  -0.00000  -4.15003
   0.01076  -4.15070
   0.01592  -4.15134
   0.02112  -4.15163
   0.03179  -4.15303
   0.04251  -4.15509
   0.04749  -4.15612
   0.05219  -4.15681
   0.06324  -4.15959
   0.07487  -4.16331
   0.07871  -4.16453
   0.08214  -4.16563
   0.09405  -4.17043
   0.10689  -4.17672
   0.10892  -4.17777
   0.11071  -4.17874
   0.12354  -4.18610
   0.13650  -4.19502
   0.13771  -4.19535
   0.13790  -4.19543
   0.13818  -4.19552
   0.15821  -4.20058
   0.17091  -4.20534
   0.17715  -4.20929
   0.18603  -4.21498
   0.19521  -4.22063
   0.20109  -4.22467
   0.21157  -4.23468
   0.22504  -4.24982
   0.22609  -4.25104
   0.22683  -4.25190
   0.23122  -4.25789
   0.23881  -4.26934
   0.24715  -4.28534
   0.24888  -4.28945
   0.25093  -4.29467
   0.25692  -4.31086
   0.25979  -4.32442
   0.26094  -4.33333
   0.26186  -4.34351
   0.26283  -4.35633
   0.26234  -4.36771
   0.26072  -4.37931
   0.25855  -4.39101
   0.25655  -4.40208
   0.25336  -4.41253
   0.24880  -4.42389
   0.24406  -4.43432
   0.23924  -4.44489
   0.23247  -4.45544
   0.22636  -4.46402
   0.22073  -4.47131
   0.21196  -4.48175
   0.20075  -4.49281
   0.19561  -4.49747
   0.19115  -4.50131
   0.17811  -4.51144
   0.16225  -4.52221
   0.15979  -4.52376
   0.15764  -4.52508
   0.14064  -4.53419
   0.12984  -4.53900
   0.12148  -4.54228
   0.12077  -4.54252
   0.11991  -4.54280
   0.10046  -4.54878
   0.08388  -4.55333
   0.08034  -4.55406
   0.07626  -4.55483
   0.06004  -4.55741
   0.04549  -4.55978
   0.04004  -4.56039
   0.03422  -4.56090
   0.01997  -4.56158
   0.00637  -4.56201
  -0.00000  -4.56188
  -0.00654  -4.56156
  -0.01987  -4.56043
  -0.03331  -4.55943
  -0.03975  -4.55875
  -0.04588  -4.55792
  -0.05948  -4.55531
  -0.07412  -4.55251
  -0.07937  -4.55140
  -0.08404  -4.55032
  -0.09900  -4.54563
  -0.11592  -4.53996
  -0.11872  -4.53896
  -0.12109  -4.53809
  -0.13795  -4.53035
  -0.15125  -4.52381
  -0.15664  -4.52085
  -0.15711  -4.52057
  -0.15765  -4.52024
  -0.17548  -4.50882
  -0.18999  -4.49833
  -0.19336  -4.49558
  -0.19738  -4.49217
  -0.21015  -4.48048
  -0.22015  -4.47028
  -0.22583  -4.46372
  -0.23247  -4.45544
  -0.24005  -4.44527
  -0.24561  -4.43634
  -0.25194  -4.42503
  -0.25869  -4.41127
  -0.26206  -4.40355
  -0.26425  -4.39640
  -0.26887  -4.38074
  -0.27289  -4.36305
  -0.27375  -4.35728
  -0.27402  -4.35153
  -0.27457  -4.33333
  -0.27392  -4.31520
  -0.27329  -4.30942
                    
  -0.79851  -4.25374
  -0.77190  -4.25103
  -0.76455  -4.25214
  -0.75722  -4.25270
  -0.73026  -4.25769
  -0.69972  -4.26306
  -0.69427  -4.26346
  -0.68746  -4.26204
  -0.65680  -4.25910
  -0.63220  -4.25734
  -0.61704  -4.25474
  -0.60158  -4.22726
  -0.58762  -4.20535
  -0.57297  -4.17981
  -0.55616  -4.15701
  -0.54503  -4.14329
  -0.54044  -4.13663
  -0.53096  -4.12357
  -0.50733  -4.09676
  -0.49732  -4.08272
  -0.47850  -4.05707
  -0.45032  -4.02385
  -0.44694  -4.02038
  -0.44472  -4.01706
  -0.41677  -3.98362
  -0.38353  -3.95000
  -0.38343  -3.94990
  -0.38333  -3.94980
  -0.38227  -3.94892
  -0.34641  -3.92050
  -0.31343  -3.89841
  -0.30721  -3.89459
  -0.29878  -3.89032
  -0.26443  -3.87533
  -0.23990  -3.86640
  -0.22070  -3.86003
  -0.18752  -3.85506
  -0.17436  -3.85428
  -0.16793  -3.85405
  -0.14357  -3.85216
  -0.12907  -3.85164
  -0.09703  -3.85282
  -0.08477  -3.85260
  -0.06753  -3.85283
  -0.04176  -3.85606
  -0.02307  -3.85529
  -0.00000  -3.85492
   0.02343  -3.85569
   0.04164  -3.85740
   0.06371  -3.85581
   0.08414  -3.85613
   0.09976  -3.85697
   0.12734  -3.85809
   0.16963  -3.86240
   0.17128  -3.86273
   0.17249  -3.86298
   0.17759  -3.86365
   0.21583  -3.87049
   0.24556  -3.88145
   0.25809  -3.88631
   0.27514  -3.89355
   0.29936  -3.90580
   0.31803  -3.91848
   0.33617  -3.93270
   0.35413  -3.94812
   0.37052  -3.96282
   0.38514  -3.97666
   0.40281  -3.99534
   0.42094  -4.01658
   0.43219  -4.03071
   0.44208  -4.04263
   0.46227  -4.06644
   0.48894  -4.10307
   0.49001  -4.10484
   0.49083  -4.10619
   0.49430  -4.11068
   0.51886  -4.14449
   0.53464  -4.16977
   0.54659  -4.18687
   0.56535  -4.22397
   0.56884  -4.23303
   0.57094  -4.23871
   0.57804  -4.25410
   0.58935  -4.28177
   0.59498  -4.31788
   0.59751  -4.33333
   0.60054  -4.35677
   0.60184  -4.38599
   0.59711  -4.41285
   0.59081  -4.43751
   0.58527  -4.45616
   0.57575  -4.48760
   0.56108  -4.52456
   0.55524  -4.53543
   0.55127  -4.54251
   0.53169  -4.58126
   0.51187  -4.62233
   0.50909  -4.62726
   0.50623  -4.63223
   0.48247  -4.67116
   0.45742  -4.70601
   0.45225  -4.71282
   0.44637  -4.72032
   0.41848  -4.75181
   0.38709  -4.77969
   0.37975  -4.78590
   0.37239  -4.79192
   0.33824  -4.81638
   0.31159  -4.82661
   0.29415  -4.83245
   0.28911  -4.83409
   0.28027  -4.83683
   0.23955  -4.84704
   0.22025  -4.84422
   0.18907  -4.84142
   0.18489  -4.84131
   0.15248  -4.83912
   0.13575  -4.83997
   0.10553  -4.83920
   0.08873  -4.83654
   0.08159  -4.83521
   0.05116  -4.83286
   0.04363  -4.83197
   0.00336  -4.83224
  -0.00000  -4.83218
  -0.00350  -4.83210
  -0.04334  -4.82866
  -0.07375  -4.83003
  -0.08556  -4.83004
  -0.08762  -4.83024
  -0.09139  -4.83058
  -0.13290  -4.82933
  -0.15952  -4.82766
  -0.18031  -4.82874
  -0.22182  -4.82800
  -0.22765  -4.82809
  -0.23083  -4.82834
  -0.23816  -4.82735
  -0.28014  -4.81854
  -0.30117  -4.81271
  -0.32990  -4.80448
  -0.36428  -4.78050
  -0.37095  -4.77542
  -0.37694  -4.77072
  -0.40943  -4.74276
  -0.44084  -4.70961
  -0.44399  -4.70589
  -0.44711  -4.70215
  -0.47526  -4.66611
  -0.49268  -4.64586
  -0.50584  -4.62919
  -0.50796  -4.62660
  -0.51114  -4.62264
  -0.53779  -4.58411
  -0.55539  -4.55719
  -0.56692  -4.53968
  -0.58669  -4.50590
  -0.59330  -4.49231
  -0.59698  -4.48389
  -0.60944  -4.45780
  -0.65009  -4.44902
  -0.65083  -4.44876
  -0.65117  -4.44864
  -0.65254  -4.44839
  -0.68948  -4.44057
  -0.71479  -4.43846
  -0.72647  -4.43935
  -0.73891  -4.44025
  -0.76163  -4.43838
  -0.77641  -4.42804
  -0.79852  -4.41285
                    
  -0.58912  -4.87822
  -0.54547  -4.87881
  -0.54306  -4.87884
  -0.54146  -4.87918
  -0.48197  -4.90773
  -0.46414  -4.91494
  -0.42180  -4.93573
  -0.40263  -4.94725
  -0.36928  -4.96547
  -0.36614  -4.96751
  -0.36354  -4.96919
  -0.30856  -4.99503
  -0.25208  -5.02209
  -0.25091  -5.02271
  -0.25019  -5.02308
  -0.23939  -5.02738
  -0.19053  -5.04441
  -0.13795  -5.05984
  -0.12842  -5.06164
  -0.11866  -5.06335
  -0.06470  -5.07286
  -0.01419  -5.07511
  -0.00000  -5.07529
   0.01437  -5.07520
   0.06463  -5.07205
   0.12423  -5.05897
   0.12782  -5.05825
   0.13111  -5.05758
   0.14620  -5.05280
   0.18864  -5.03733
   0.23276  -5.02002
   0.24685  -5.01153
   0.27607  -4.99238
   0.30051  -4.97777
   0.32584  -4.96836
   0.35681  -4.95134
   0.38726  -4.93257
   0.41156  -4.92110
   0.45990  -4.90561
   0.46945  -4.90204
   0.47652  -4.90123
   0.52744  -4.89273
   0.53529  -4.90117
   0.54535  -4.92201
                    
   0.58912  -3.78845
   0.58839  -3.80604
   0.57766  -3.82595
   0.55199  -3.81719
   0.52540  -3.80793
   0.50530  -3.80072
   0.47977  -3.79271
   0.45874  -3.78663
   0.42271  -3.77817
   0.40498  -3.77248
   0.39540  -3.76865
   0.38182  -3.76061
   0.34143  -3.74196
   0.31421  -3.73116
   0.28635  -3.71924
   0.26097  -3.70529
   0.23274  -3.69389
   0.20282  -3.68337
   0.17673  -3.67378
   0.15651  -3.66662
   0.11923  -3.65712
   0.07501  -3.64869
   0.06013  -3.64599
   0.04714  -3.64497
  -0.00000  -3.64277
  -0.04923  -3.64390
  -0.06024  -3.64477
  -0.07259  -3.64685
  -0.11979  -3.65399
  -0.16481  -3.66397
  -0.17809  -3.66867
  -0.19437  -3.67387
  -0.23579  -3.68549
  -0.28290  -3.70222
  -0.29209  -3.70694
  -0.30125  -3.71040
  -0.33053  -3.71881
  -0.35119  -3.72506
  -0.38954  -3.73867
  -0.41151  -3.74564
  -0.44961  -3.75294
  -0.46635  -3.75698
  -0.48184  -3.75910
  -0.51881  -3.76592
  -0.53059  -3.75316
  -0.54535  -3.74465
                    
   0.79851  -4.41293
   0.76711  -4.40329
   0.76566  -4.40324
   0.76419  -4.40312
   0.75975  -4.39980
   0.76327  -4.39382
   0.76746  -4.37941
   0.78283  -4.33333
   0.78983  -4.30791
   0.78853  -4.26435
   0.79852  -4.25382
                    
   1.51367   0.07269
   1.51146   0.07631
   1.49090   0.11657
   1.48857   0.12201
   1.48656   0.13169
   1.48317   0.16115
   1.48211   0.18422
   1.48664   0.20484
   1.49851   0.22465
   1.50733   0.24168
   1.51636   0.25755
   1.53090   0.27660
   1.54498   0.28903
   1.56380   0.30386
   1.59441   0.32471
   1.59861   0.32731
   1.60134   0.32877
   1.60970   0.33224
   1.63531   0.34635
   1.66000   0.35786
   1.67113   0.36388
   1.68674   0.37085
   1.70756   0.37823
   1.72160   0.38251
   1.74433   0.38944
   1.77584   0.39652
   1.78126   0.39746
   1.78517   0.39809
   1.80973   0.40125
   1.81822   0.40198
   1.84961   0.40473
   1.85453   0.40490
   1.86080   0.40503
   1.89054   0.40447
   1.91585   0.40518
   1.92593   0.40503
   1.93644   0.40461
   1.96114   0.40251
   1.98727   0.40162
   1.99662   0.40094
   2.00470   0.40018
   2.03208   0.39618
   2.06612   0.39100
   2.06810   0.39061
   2.06962   0.39030
   2.08162   0.38763
   2.10389   0.38165
   2.13258   0.37274
   2.13973   0.37032
   2.14974   0.36668
   2.17499   0.35570
   2.19318   0.34589
   2.20924   0.33764
   2.23250   0.32405
   2.24267   0.31674
   2.25010   0.30982
   2.27305   0.29127
   2.29885   0.26704
   2.30198   0.26444
   2.30268   0.26380
   2.30349   0.26288
   2.32578   0.23086
   2.34403   0.19946
   2.34622   0.19599
   2.34783   0.19196
   2.35169   0.17061
   2.35423   0.15589
   2.35787   0.12500
   2.35624   0.11530
   2.35012   0.08912
   2.34650   0.07416
   2.34480   0.06801
   2.33969   0.05741
   2.32720   0.03511
   2.32181   0.01685
   2.31470  -0.00000
   2.29790  -0.03185
   2.29753  -0.03251
   2.29767  -0.03313
   2.30200  -0.06631
   2.30313  -0.08965
   2.30373  -0.10123
   2.31755  -0.14128
   2.31793  -0.14268
   2.31802  -0.14304
   2.31818  -0.14366
   2.32570  -0.18642
   2.32640  -0.19915
   2.32123  -0.22823
   2.31963  -0.23533
   2.31138  -0.26186
   2.30815  -0.26764
   2.30387  -0.27284
   2.28412  -0.30056
   2.26403  -0.32493
   2.25712  -0.33120
   2.25080  -0.33605
   2.22525  -0.35672
   2.19561  -0.37726
   2.19163  -0.37946
   2.18838  -0.38102
   2.15544  -0.39753
   2.15225  -0.39895
   2.12099  -0.41240
   2.11879  -0.41359
   2.11674  -0.41462
   2.08114  -0.42644
   2.04968  -0.43424
   2.04284  -0.43633
   2.03628  -0.43818
   2.00415  -0.44366
   1.97439  -0.44663
   1.96509  -0.44770
   1.95624  -0.44869
   1.92593  -0.45003
   1.89493  -0.44929
   1.88665  -0.44891
   1.87898  -0.44853
   1.84730  -0.44590
   1.81203  -0.44028
   1.80817  -0.43946
   1.80463  -0.43861
   1.76928  -0.43038
   1.76124  -0.42809
   1.73362  -0.42078
   1.73021  -0.41972
   1.72580  -0.41838
   1.69161  -0.40585
   1.66540  -0.39406
   1.65393  -0.38845
   1.64039  -0.38037
   1.61918  -0.36556
   1.60097  -0.35140
   1.58626  -0.33967
   1.57206  -0.32491
   1.55917  -0.30774
   1.54528  -0.28721
   1.53529  -0.27353
   1.52766  -0.25979
   1.51987  -0.23443
   1.51125  -0.19602
   1.51105  -0.19415
   1.51117  -0.19341
   1.51177  -0.18955
   1.52039  -0.14760
   1.52295  -0.13879
   1.52816  -0.12761
   1.54182  -0.10292
   1.54649  -0.08870
   1.55501  -0.06540
   1.55817  -0.05808
   1.56446  -0.06374
   1.58122  -0.07715
   1.59170  -0.08956
   1.60921  -0.09630
   1.62455  -0.10099
   1.63499  -0.10589
   1.66739  -0.11710
   1.66939  -0.11884
   1.66987  -0.11940
   1.67094  -0.12026
   1.69444  -0.13365
   1.70498  -0.13838
   1.71743  -0.14599
   1.73664  -0.15273
   1.74074  -0.15386
   1.74186  -0.15445
   1.74351  -0.15531
   1.76459  -0.16134
   1.77692  -0.16306
   1.78674  -0.16587
   1.80104  -0.16887
   1.80763  -0.16894
   1.81151  -0.16908
   1.82715  -0.17109
   1.83457  -0.17151
   1.84374  -0.17209
   1.84551  -0.17246
   1.84760  -0.17301
   1.86233  -0.17472
   1.87355  -0.17514
   1.87885  -0.17570
   1.88455  -0.17675
   1.89457  -0.17784
   1.90379  -0.17833
   1.91030  -0.17860
   1.91678  -0.17942
   1.92593  -0.18063
   1.93607  -0.18142
   1.94179  -0.18134
   1.94707  -0.18164
   1.95822  -0.18313
   1.97299  -0.18395
   1.97516  -0.18375
   1.97700  -0.18365
   1.98710  -0.18444
   1.99333  -0.18520
   2.00920  -0.18602
   2.01295  -0.18663
   2.01897  -0.18739
   2.03361  -0.18651
   2.04410  -0.18511
   2.05546  -0.18499
   2.07284  -0.18180
   2.07714  -0.18021
   2.08026  -0.17898
   2.09443  -0.17539
   2.09968  -0.17376
   2.11604  -0.16532
   2.12067  -0.16341
   2.12863  -0.15982
   2.14195  -0.15126
   2.14994  -0.14413
   2.16105  -0.13575
   2.17811  -0.12062
   2.17994  -0.11845
   2.18111  -0.11670
   2.18880  -0.10700
   2.20404  -0.10123
   2.22057  -0.09335
   2.24520  -0.08745
   2.24854  -0.08645
   2.26179  -0.06732
   2.26927  -0.06054
   2.29272  -0.03524
   2.29461  -0.03226
   2.25686  -0.00809
   2.24989  -0.00449
   2.24094  -0.00000
   2.20945   0.01281
   2.20561   0.02236
   2.20485   0.02440
   2.20222   0.02807
   2.18546   0.04576
   2.17821   0.05218
   2.16640   0.06444
   2.15913   0.06909
   2.14693   0.07581
   2.14281   0.07894
   2.13518   0.08426
   2.12076   0.09085
   2.11346   0.09319
   2.09833   0.09954
   2.09147   0.10177
   2.08230   0.10648
   2.08020   0.10803
   2.07732   0.11012
   2.06443   0.11622
   2.05613   0.11936
   2.04907   0.12314
   2.04020   0.12773
   2.03461   0.12953
   2.03058   0.13067
   2.02024   0.13470
   2.00825   0.13921
   2.00653   0.13961
   2.00515   0.13992
   1.99276   0.14332
   1.98287   0.14608
   1.97953   0.14685
   1.97939   0.14689
   1.97924   0.14693
   1.96592   0.14927
   1.95354   0.15152
   1.95267   0.15164
   1.95178   0.15177
   1.93930   0.15285
   1.92678   0.15409
   1.92593   0.15412
   1.92509   0.15414
   1.91243   0.15422
   1.89883   0.15415
   1.89875   0.15414
   1.89866   0.15413
   1.89664   0.15403
   1.88496   0.15288
   1.87221   0.15155
   1.87080   0.15146
   1.86908   0.15134
   1.85653   0.14883
   1.84561   0.14647
   1.84168   0.14592
   1.83639   0.14501
   1.82666   0.14177
   1.81875   0.13895
   1.81092   0.13706
   1.79931   0.13339
   1.79484   0.13109
   1.79144   0.12934
   1.77780   0.12429
   1.77586   0.12345
   1.76097   0.11922
   1.75702   0.11827
   1.74931   0.11633
   1.73512   0.11016
   1.72706   0.10591
   1.71225   0.09964
   1.70127   0.09321
   1.69310   0.08770
   1.68971   0.08598
   1.68046   0.08079
   1.66590   0.06967
   1.66084   0.06389
   1.64646   0.04952
   1.64577   0.04940
   1.61695   0.04278
   1.59712   0.03833
   1.57230   0.03094
   1.56499   0.02306
   1.55370   0.00793
   1.54700   0.02783
   1.54563   0.03327
   1.51438   0.07161
   1.51397   0.07221
   1.51367   0.07269
                    
   1.32808  -0.42613
   1.36048  -0.45494
   1.37114  -0.46552
   1.38676  -0.48027
   1.41998  -0.50595
   1.43893  -0.51759
   1.47195  -0.54103
   1.52181  -0.57133
   1.52487  -0.57277
   1.52677  -0.57402
   1.57553  -0.60690
   1.62243  -0.63331
   1.62920  -0.63632
   1.63710  -0.64137
   1.68311  -0.66712
   1.71447  -0.68216
   1.74006  -0.69367
   1.78187  -0.70907
   1.79998  -0.71426
   1.81317  -0.71772
   1.86201  -0.73055
   1.92278  -0.73242
   1.92593  -0.73238
   1.92923  -0.73232
   1.98967  -0.72863
   2.03553  -0.71653
   2.05144  -0.71180
   2.07607  -0.70366
   2.11083  -0.69006
   2.13198  -0.68087
   2.16715  -0.66277
   2.20851  -0.63799
   2.21649  -0.63196
   2.21960  -0.62979
   2.22441  -0.62711
   2.27199  -0.59940
   2.31107  -0.57256
   2.32115  -0.56445
   2.33233  -0.55752
   2.37296  -0.53577
   2.37462  -0.53474
   2.41591  -0.50689
   2.42661  -0.50068
   2.44738  -0.48587
   2.47591  -0.46149
   2.49279  -0.44575
   2.52390  -0.41870
   2.54998  -0.37396
   2.55532  -0.36338
   2.56178  -0.34999
   2.58151  -0.30570
   2.58655  -0.27488
   2.59107  -0.24209
   2.59441  -0.20005
   2.59408  -0.18626
   2.59478  -0.17922
   2.59593  -0.16688
   2.59519  -0.11801
   2.59363  -0.09604
   2.59315  -0.05837
   2.59271  -0.00906
   2.59208  -0.00000
   2.59150   0.00713
   2.58612   0.05776
   2.58503   0.10589
   2.58483   0.11618
   2.58418   0.13276
   2.57914   0.17503
   2.57680   0.20202
   2.57403   0.23589
   2.56941   0.26984
   2.56675   0.28920
   2.56543   0.29821
   2.55982   0.30982
   2.53860   0.35373
   2.51745   0.39107
   2.50673   0.40669
   2.49641   0.41494
   2.46445   0.44371
   2.45963   0.44783
   2.42344   0.47636
   2.41208   0.48615
   2.39639   0.49881
   2.36256   0.52036
   2.34235   0.53190
   2.31186   0.55117
   2.27843   0.57319
   2.26199   0.58208
   2.24741   0.58948
   2.20971   0.60857
   2.17740   0.62641
   2.15769   0.63677
   2.12798   0.65084
   2.10300   0.66084
   2.08434   0.66733
   2.04595   0.68067
   1.99610   0.69424
   1.98845   0.69596
   1.98685   0.69641
   1.98485   0.69651
   1.95749   0.69706
   1.92593   0.69640
   1.87174   0.69191
   1.86546   0.69114
   1.85741   0.68953
   1.80669   0.67621
   1.77379   0.66525
   1.74997   0.65669
   1.71885   0.64499
   1.69493   0.63465
   1.67667   0.62600
   1.64236   0.60810
   1.60475   0.59002
   1.58955   0.58262
   1.57153   0.57321
   1.53890   0.55273
   1.51147   0.53726
   1.48547   0.52492
   1.43705   0.49788
   1.43302   0.49546
   1.43130   0.49462
   1.42771   0.49222
   1.38214   0.45629
   1.35747   0.43400
   1.33454   0.41409
   1.31702   0.38227
   1.30584   0.35800
   1.29115   0.32169
   1.28290   0.29985
   1.27951   0.28530
   1.26987   0.23879
   1.26951   0.23665
   1.26424   0.19233
   1.26258   0.17774
   1.25916   0.15667
   1.25650   0.11804
   1.25599   0.09339
   1.25461   0.05873
   1.25122   0.02218
   1.25024   0.00000
   1.25000  -0.02428
   1.25103  -0.05905
   1.24956  -0.08556
   1.24579  -0.11993
   1.24410  -0.14831
   1.24418  -0.17310
   1.24395  -0.18274
   1.24486  -0.20687
   1.24860  -0.24653
   1.25095  -0.26364
   1.25738  -0.30340
   1.25889  -0.31104
   1.28724  -0.36534
   1.28883  -0.36783
   1.29017  -0.36991
   1.32354  -0.42179
   1.32808  -0.42613
                    
   1.50965  -2.13187
   1.52927  -2.15036
   1.55363  -2.16332
   1.57955  -2.15572
   1.59565  -2.14418
   1.60465  -2.13856
   1.61958  -2.12592
   1.64545  -2.12321
   1.65257  -2.11847
   1.66804  -2.10960
   1.67784  -2.10019
   1.69344  -2.08391
   1.69508  -2.08264
   1.69594  -2.08199
   1.69912  -2.07883
   1.71236  -2.06708
   1.72247  -2.05498
   1.72622  -2.05137
   1.73119  -2.04683
   1.74147  -2.03751
   1.75030  -2.03100
   1.75543  -2.02360
   1.76055  -2.01680
   1.76996  -2.01070
   1.78148  -2.01474
   1.79738  -2.02094
   1.80714  -2.02510
   1.81991  -2.03173
   1.83364  -2.03487
   1.84541  -2.02900
   1.84627  -2.02870
   1.84703  -2.02844
   1.85924  -2.02365
   1.86365  -2.02278
   1.87239  -2.02147
   1.87301  -2.02127
   1.87364  -2.02107
   1.88660  -2.01992
   1.89795  -2.01834
   1.89962  -2.01746
   1.90100  -2.01674
   1.91275  -2.01606
   1.92497  -2.01290
   1.92593  -2.01303
   1.92696  -2.01317
   1.93958  -2.01059
   1.94109  -2.01062
   1.95302  -2.01132
   1.95332  -2.01129
   1.95369  -2.01126
   1.96708  -2.01308
   1.97962  -2.00981
   1.98351  -2.00846
   1.99078  -2.00633
   2.00133  -2.00495
   2.00770  -2.00691
   2.01627  -2.01018
   2.02574  -2.01442
   2.03082  -2.01686
   2.03483  -2.02090
   2.04038  -2.03027
   2.04388  -2.03712
   2.04896  -2.04364
   2.05361  -2.05248
   2.05660  -2.05702
   2.05916  -2.06118
   2.06239  -2.07111
   2.07218  -2.07547
   2.08003  -2.07770
   2.09702  -2.08448
   2.09920  -2.08587
   2.10019  -2.08683
   2.10427  -2.08950
   2.12212  -2.09526
   2.13508  -2.10111
   2.14517  -2.10792
   2.16339  -2.11405
   2.17344  -2.11839
   2.18447  -2.12108
   2.20716  -2.12846
   2.22783  -2.12925
   2.24303  -2.13892
   2.25668  -2.15294
   2.26418  -2.16173
   2.27420  -2.16667
   2.29799  -2.18040
   2.31758  -2.16667
   2.33052  -2.15614
   2.33329  -2.13103
   2.33945  -2.10750
   2.34170  -2.09674
   2.34382  -2.09298
   2.35530  -2.07012
   2.36170  -2.04990
   2.36391  -2.04501
   2.36684  -2.04027
   2.37354  -2.00375
   2.37556  -1.98479
   2.36750  -1.96076
   2.35264  -1.94416
   2.32597  -1.93570
   2.32152  -1.93453
   2.29665  -1.92799
   2.28359  -1.91623
   2.27364  -1.89958
   2.26151  -1.88507
   2.24925  -1.87160
   2.23654  -1.85605
   2.22236  -1.84323
   2.20835  -1.83008
   2.19279  -1.81675
   2.17801  -1.80665
   2.15631  -1.79810
   2.14055  -1.79492
   2.13250  -1.79357
   2.10411  -1.78455
   2.08555  -1.78064
   2.07024  -1.77810
   2.06729  -1.77826
   2.06109  -1.77867
   2.02992  -1.77854
   2.00713  -1.77120
   1.99618  -1.76824
   1.98639  -1.76587
   1.96143  -1.76089
   1.93608  -1.76158
   1.92593  -1.76214
   1.91467  -1.76305
   1.89091  -1.76641
   1.86306  -1.76366
   1.85471  -1.76276
   1.84942  -1.76228
   1.81790  -1.76349
   1.81690  -1.76341
   1.78768  -1.76239
   1.77919  -1.76351
   1.76675  -1.76549
   1.74057  -1.76917
   1.72392  -1.77557
   1.70605  -1.78583
   1.68934  -1.79646
   1.67314  -1.80565
   1.65849  -1.82287
   1.64303  -1.82952
   1.61702  -1.84253
   1.61653  -1.85727
   1.60174  -1.85649
   1.58388  -1.86107
   1.56795  -1.86629
   1.54464  -1.87545
   1.52543  -1.88624
   1.51388  -1.90966
   1.50766  -1.92518
   1.50008  -1.94673
   1.49399  -1.96525
   1.48810  -1.98016
   1.48864  -2.00751
   1.48993  -2.02422
   1.49105  -2.04327
   1.49861  -2.05217
   1.49948  -2.07437
   1.50304  -2.09210
   1.50493  -2.10000
   1.50795  -2.13010
   1.50965  -2.13187
                    
   2.33277  -2.35638
   2.29950  -2.35359
   2.27734  -2.35033
   2.25918  -2.33268
   2.24890  -2.32740
   2.24432  -2.31514
   2.23574  -2.28328
   2.23474  -2.28041
   2.23097  -2.27769
   2.19566  -2.25496
   2.18075  -2.25942
   2.16597  -2.26264
   2.15575  -2.27384
   2.15175  -2.28886
   2.14931  -2.29563
   2.14611  -2.30368
   2.14059  -2.31698
   2.12787  -2.32635
   2.12073  -2.33013
   2.11619  -2.33235
   2.10085  -2.34159
   2.09081  -2.34546
   2.08112  -2.34865
   2.07905  -2.34916
   2.07576  -2.34993
   2.05688  -2.35369
   2.04414  -2.35198
   2.03218  -2.35070
   2.01103  -2.34602
   2.00925  -2.34536
   2.00836  -2.34510
   2.00078  -2.34599
   1.99162  -2.34717
   1.97739  -2.34804
   1.97445  -2.34776
   1.97103  -2.34822
   1.95722  -2.34415
   1.94915  -2.34103
   1.94119  -2.34117
   1.93269  -2.34099
   1.92593  -2.34057
   1.91964  -2.33994
   1.91088  -2.33864
   1.90197  -2.33815
   1.89594  -2.33673
   1.89031  -2.33520
   1.88122  -2.33353
   1.87269  -2.33320
   1.86505  -2.33393
   1.85371  -2.33427
   1.84819  -2.33337
   1.84383  -2.33261
   1.83055  -2.33186
   1.82179  -2.33073
   1.81265  -2.33174
   1.81079  -2.33110
   1.80759  -2.33099
   1.79130  -2.32711
   1.77950  -2.32321
   1.77095  -2.32164
   1.74212  -2.32595
   1.73822  -2.32616
   1.73429  -2.32747
   1.69826  -2.33614
   1.68834  -2.33908
   1.67908  -2.33951
   1.67691  -2.33156
   1.68510  -2.31685
   1.68939  -2.30323
   1.69516  -2.28881
   1.69503  -2.27434
   1.68404  -2.26491
   1.67256  -2.25888
   1.65360  -2.24660
   1.64327  -2.24783
   1.60664  -2.25409
   1.59157  -2.25626
   1.57068  -2.25699
   1.56488  -2.25757
   1.56096  -2.26113
   1.55457  -2.26617
   1.52633  -2.28840
   1.51254  -2.30092
   1.50434  -2.32011
   1.49910  -2.33460
   1.49737  -2.35646
   1.50104  -2.36479
   1.50459  -2.37418
   1.52642  -2.39732
   1.53351  -2.40414
   1.55175  -2.42108
   1.55521  -2.42625
   1.55530  -2.43067
   1.55540  -2.43702
   1.55739  -2.47590
   1.55934  -2.49102
   1.57773  -2.51486
   1.60132  -2.52884
   1.61898  -2.53247
   1.65554  -2.53717
   1.66215  -2.53862
   1.66443  -2.54012
   1.66675  -2.54172
   1.69722  -2.56280
   1.72391  -2.57846
   1.73110  -2.58280
   1.73174  -2.58310
   1.73231  -2.58315
   1.73382  -2.58317
   1.77170  -2.59040
   1.79816  -2.59338
   1.81136  -2.59424
   1.82253  -2.60053
   1.84789  -2.60925
   1.88142  -2.61820
   1.88629  -2.61970
   1.89034  -2.61994
   1.92593  -2.62307
   1.96551  -2.62328
   1.96587  -2.62323
   1.96635  -2.62307
   2.00469  -2.61336
   2.03394  -2.60342
   2.04156  -2.59823
   2.05233  -2.59598
   2.07972  -2.58922
   2.11106  -2.57917
   2.11720  -2.57685
   2.12324  -2.57270
   2.14994  -2.55468
   2.17045  -2.53877
   2.17991  -2.52939
   2.19187  -2.52441
   2.21580  -2.52213
   2.22388  -2.52176
   2.25087  -2.51910
   2.27104  -2.51178
   2.28387  -2.49145
   2.28566  -2.46852
   2.28598  -2.45083
   2.28758  -2.43208
   2.29058  -2.42200
   2.29506  -2.39914
   2.31081  -2.38888
   2.33794  -2.36822
   2.34284  -2.36331
   2.34369  -2.36147
   2.34389  -2.35984
   2.34316  -2.35719
   2.33965  -2.35504
   2.33277  -2.35638
                    
   2.59364  -2.47803
   2.58464  -2.49087
   2.56182  -2.52093
   2.55548  -2.53014
   2.54659  -2.54254
   2.51492  -2.57908
   2.49471  -2.59796
   2.46842  -2.62187
   2.42015  -2.65987
   2.41954  -2.66028
   2.41919  -2.66062
   2.41733  -2.66205
   2.37001  -2.69590
   2.33525  -2.71711
   2.31892  -2.72792
   2.30374  -2.73955
   2.27130  -2.76487
   2.22148  -2.79810
   2.22059  -2.79859
   2.22010  -2.79900
   2.21913  -2.79985
   2.16848  -2.83308
   2.13953  -2.84932
   2.11236  -2.86244
   2.07107  -2.87478
   2.05159  -2.87933
   2.03459  -2.88283
   1.98931  -2.89112
   1.93489  -2.89576
   1.92593  -2.89615
   1.91806  -2.89640
   1.86215  -2.89561
   1.81477  -2.88378
   1.80025  -2.87943
   1.77759  -2.87196
   1.74070  -2.85796
   1.71674  -2.84829
   1.68230  -2.83603
   1.64638  -2.82105
   1.62600  -2.80987
   1.61071  -2.80099
   1.57403  -2.77616
   1.52873  -2.74036
   1.52672  -2.73833
   1.52605  -2.73774
   1.52529  -2.73734
   1.52347  -2.73668
   1.47000  -2.71001
   1.44164  -2.69333
   1.40762  -2.68497
   1.37582  -2.64314
   1.37311  -2.63053
   1.36556  -2.58246
   1.36141  -2.57006
   1.35845  -2.56402
   1.35374  -2.55850
   1.33591  -2.53918
   1.31137  -2.52148
   1.29035  -2.50472
   1.27155  -2.47181
   1.25555  -2.43398
   1.24398  -2.41488
   1.23823  -2.40483
   1.22314  -2.35498
   1.22468  -2.31948
   1.22966  -2.28944
   1.23503  -2.26437
   1.24597  -2.24772
   1.24864  -2.22592
   1.25114  -2.18898
   1.25019  -2.16667
   1.24999  -2.14236
   1.26067  -2.10846
   1.24908  -2.08170
   1.23620  -2.06100
   1.23517  -2.04487
   1.23436  -2.00352
   1.23383  -1.98122
   1.24231  -1.94878
   1.25586  -1.92278
   1.28130  -1.88011
   1.28587  -1.86821
   1.29190  -1.85526
   1.32121  -1.81754
   1.32304  -1.81537
   1.35358  -1.77761
   1.35863  -1.76944
   1.36262  -1.76275
   1.37922  -1.73307
   1.38812  -1.71539
   1.40817  -1.67972
   1.42335  -1.66409
   1.43563  -1.66095
   1.46683  -1.64120
   1.47923  -1.63432
   1.51690  -1.61548
   1.53303  -1.60555
   1.56038  -1.59348
   1.58948  -1.58393
   1.60287  -1.58006
   1.64563  -1.56557
   1.68402  -1.54209
   1.69576  -1.53428
   1.72174  -1.51829
   1.74865  -1.50505
   1.76522  -1.49859
   1.80540  -1.48314
   1.82751  -1.47587
   1.85750  -1.46783
   1.86460  -1.46568
   1.87218  -1.46641
   1.92593  -1.46655
   1.98229  -1.47117
   1.98638  -1.47172
   1.98672  -1.47175
   1.98718  -1.47186
   2.04493  -1.49176
   2.07233  -1.50339
   2.10064  -1.51464
   2.13556  -1.52471
   2.15708  -1.53157
   2.18005  -1.53978
   2.21192  -1.55335
   2.24426  -1.57159
   2.26339  -1.58217
   2.28230  -1.59344
   2.31180  -1.61558
   2.34310  -1.63688
   2.35989  -1.64948
   2.37843  -1.66438
   2.40498  -1.68761
   2.42639  -1.70434
   2.45748  -1.72064
   2.46707  -1.72616
   2.49499  -1.73780
   2.52330  -1.74838
   2.53027  -1.78201
   2.53891  -1.81276
   2.54689  -1.84841
   2.55096  -1.86680
   2.55328  -1.87413
   2.55667  -1.88677
   2.56579  -1.93377
   2.56911  -1.95806
   2.57380  -1.99307
   2.57724  -2.05102
   2.57724  -2.05182
   2.57724  -2.05228
   2.57728  -2.05423
   2.57585  -2.10981
   2.58691  -2.16557
   2.58704  -2.16646
   2.58706  -2.16667
   2.58707  -2.16691
   2.59131  -2.22488
   2.58826  -2.26891
   2.58876  -2.28354
   2.58878  -2.31188
   2.58372  -2.34292
   2.58261  -2.36355
   2.58978  -2.38157
   2.59831  -2.41139
   2.60247  -2.42902
   2.59602  -2.46663
   2.59364  -2.47803
                    
   1.57800  -4.32118
   1.57174  -4.33333
   1.56009  -4.36089
   1.55840  -4.36549
   1.56083  -4.36971
   1.58056  -4.39423
   1.58836  -4.40247
   1.60096  -4.42041
   1.60753  -4.42395
   1.62606  -4.43255
   1.63603  -4.43885
   1.66486  -4.45319
   1.66723  -4.45397
   1.66804  -4.45409
   1.66918  -4.45431
   1.69258  -4.46806
   1.70407  -4.47338
   1.71566  -4.48057
   1.73908  -4.48905
   1.73980  -4.48925
   1.73999  -4.48935
   1.74027  -4.48950
   1.76284  -4.49642
   1.77605  -4.49871
   1.78494  -4.50136
   1.79781  -4.50432
   1.80595  -4.50467
   1.81082  -4.50501
   1.82525  -4.50771
   1.84350  -4.50931
   1.84380  -4.50933
   1.84385  -4.50934
   1.84391  -4.50936
   1.86071  -4.51251
   1.87433  -4.51388
   1.87747  -4.51419
   1.88088  -4.51481
   1.89358  -4.51677
   1.90569  -4.51780
   1.90978  -4.51791
   1.91385  -4.51847
   1.92593  -4.52011
   1.93938  -4.52099
   1.94234  -4.52093
   1.94503  -4.52112
   1.95926  -4.52237
   1.97015  -4.52256
   1.97616  -4.52256
   1.97665  -4.52263
   1.97735  -4.52281
   1.99515  -4.52352
   2.00950  -4.52278
   2.01450  -4.52329
   2.02230  -4.52387
   2.03511  -4.52245
   2.04455  -4.52082
   2.05677  -4.52020
   2.07575  -4.51658
   2.07876  -4.51548
   2.08093  -4.51465
   2.09062  -4.51231
   2.10160  -4.50901
   2.11705  -4.50123
   2.12305  -4.49874
   2.13341  -4.49391
   2.14477  -4.48657
   2.15151  -4.48059
   2.16408  -4.47083
   2.18298  -4.45331
   2.18304  -4.45323
   2.18308  -4.45317
   2.18337  -4.45282
   2.20910  -4.43640
   2.22090  -4.42704
   2.23889  -4.41719
   2.25081  -4.39130
   2.25096  -4.39065
   2.25110  -4.39003
   2.25263  -4.38670
   2.26226  -4.36276
   2.25623  -4.35539
   2.24348  -4.34162
   2.23522  -4.33333
   2.20894  -4.31206
   2.20783  -4.30925
   2.20763  -4.30869
   2.20703  -4.30773
   2.18975  -4.28681
   2.18136  -4.27845
   2.17188  -4.26743
   2.15676  -4.25672
   2.15127  -4.25338
   2.14961  -4.25192
   2.14678  -4.24951
   2.12851  -4.23887
   2.11841  -4.23483
   2.10672  -4.22895
   2.08630  -4.22149
   2.08578  -4.22140
   2.08553  -4.22133
   2.08448  -4.22098
   2.06889  -4.21337
   2.05820  -4.20937
   2.05291  -4.20635
   2.04624  -4.20268
   2.03789  -4.19990
   2.03198  -4.19826
   2.02305  -4.19462
   2.01249  -4.19064
   2.00886  -4.18968
   2.00592  -4.18898
   1.99460  -4.18606
   1.98212  -4.18279
   1.98084  -4.18245
   1.97964  -4.18215
   1.96696  -4.18020
   1.95374  -4.17783
   1.95336  -4.17774
   1.95297  -4.17766
   1.93965  -4.17652
   1.92634  -4.17529
   1.92593  -4.17526
   1.92549  -4.17524
   1.91209  -4.17521
   1.89930  -4.17501
   1.89803  -4.17512
   1.89669  -4.17525
   1.88387  -4.17639
   1.87221  -4.17733
   1.86928  -4.17771
   1.86586  -4.17823
   1.85464  -4.18046
   1.84502  -4.18255
   1.83938  -4.18344
   1.83183  -4.18497
   1.82397  -4.18772
   1.81763  -4.19010
   1.80766  -4.19239
   1.79247  -4.19730
   1.79080  -4.19821
   1.78955  -4.19892
   1.78385  -4.20076
   1.77137  -4.20365
   1.75704  -4.20842
   1.75041  -4.21044
   1.73825  -4.21468
   1.72911  -4.21970
   1.72359  -4.22310
   1.70694  -4.23122
   1.70447  -4.23277
   1.69045  -4.24269
   1.68516  -4.24570
   1.67195  -4.25428
   1.66232  -4.26270
   1.65864  -4.26722
   1.64736  -4.27899
   1.63756  -4.28249
   1.61772  -4.29115
   1.59656  -4.30009
   1.58897  -4.30385
   1.57800  -4.32118
                    
   1.50981  -4.26362
   1.51308  -4.26960
   1.53191  -4.29886
   1.53466  -4.31333
   1.54028  -4.33333
   1.55146  -4.36377
   1.55236  -4.36602
   1.55114  -4.36899
   1.54030  -4.40133
   1.53632  -4.41742
   1.53217  -4.43884
   1.52599  -4.45396
   1.52015  -4.47094
   1.51835  -4.48168
   1.51497  -4.51451
   1.51418  -4.52533
   1.51397  -4.52856
   1.51561  -4.53833
   1.52210  -4.56648
   1.53031  -4.59360
   1.53699  -4.60567
   1.54572  -4.61793
   1.56031  -4.64012
   1.57363  -4.65828
   1.58695  -4.67231
   1.60095  -4.68377
   1.61936  -4.69868
   1.64007  -4.71375
   1.65369  -4.72212
   1.66550  -4.72800
   1.69120  -4.73989
   1.72407  -4.75242
   1.72967  -4.75420
   1.73407  -4.75556
   1.76899  -4.76451
   1.77023  -4.76478
   1.80520  -4.77294
   1.80795  -4.77362
   1.81088  -4.77429
   1.84712  -4.78028
   1.88001  -4.78314
   1.88654  -4.78353
   1.89354  -4.78385
   1.92593  -4.78466
   1.95758  -4.78320
   1.96521  -4.78232
   1.97329  -4.78134
   2.00436  -4.77814
   2.03757  -4.77229
   2.04311  -4.77067
   2.04897  -4.76885
   2.08144  -4.76060
   2.11762  -4.74827
   2.11907  -4.74753
   2.12065  -4.74667
   2.14804  -4.73464
   2.15562  -4.73117
   2.18841  -4.71414
   2.19150  -4.71262
   2.19523  -4.71051
   2.22473  -4.68944
   2.25075  -4.66772
   2.25610  -4.66351
   2.26188  -4.65821
   2.28254  -4.63257
   2.30312  -4.60273
   2.30584  -4.59935
   2.30794  -4.59566
   2.31367  -4.57835
   2.31913  -4.56035
   2.32584  -4.53267
   2.32636  -4.52006
   2.32514  -4.48858
   2.32421  -4.47830
   2.32375  -4.47419
   2.32234  -4.46509
   2.31655  -4.43800
   2.31691  -4.41676
   2.31701  -4.40229
   2.31629  -4.38309
   2.31452  -4.36733
   2.32145  -4.35044
   2.32814  -4.33333
   2.33150  -4.32355
   2.33741  -4.29733
   2.34127  -4.28869
   2.34927  -4.26817
   2.35109  -4.25837
   2.35393  -4.23879
   2.35706  -4.21781
   2.35799  -4.20839
   2.35335  -4.17776
   2.34837  -4.15465
   2.34560  -4.14068
   2.34458  -4.13811
   2.34318  -4.13588
   2.32434  -4.10331
   2.30571  -4.07614
   2.30161  -4.07052
   2.30151  -4.07035
   2.30140  -4.07020
   2.27299  -4.04211
   2.25012  -4.02283
   2.24306  -4.01620
   2.23361  -4.00924
   2.21001  -3.99478
   2.19301  -3.98562
   2.17594  -3.97628
   2.15265  -3.96580
   2.14075  -3.96124
   2.13203  -3.95816
   2.10490  -3.94953
   2.06983  -3.94021
   2.06907  -3.94004
   2.06847  -3.93991
   2.06328  -3.93883
   2.03296  -3.93388
   2.00259  -3.92924
   1.99728  -3.92866
   1.99129  -3.92810
   1.96151  -3.92662
   1.93307  -3.92435
   1.92593  -3.92409
   1.91909  -3.92395
   1.89017  -3.92467
   1.85677  -3.92480
   1.85391  -3.92493
   1.85159  -3.92506
   1.82901  -3.92700
   1.81745  -3.92848
   1.78625  -3.93254
   1.78041  -3.93354
   1.77245  -3.93503
   1.74346  -3.94203
   1.72216  -3.94865
   1.70669  -3.95361
   1.68446  -3.96193
   1.67040  -3.96840
   1.66018  -3.97410
   1.63505  -3.98668
   1.60812  -4.00261
   1.60139  -4.00561
   1.59933  -4.00674
   1.59622  -4.00870
   1.56510  -4.03056
   1.54537  -4.04666
   1.53268  -4.05798
   1.51969  -4.07508
   1.50965  -4.09300
   1.49980  -4.11256
   1.48961  -4.12988
   1.48570  -4.14773
   1.48667  -4.17346
   1.48876  -4.19453
   1.49037  -4.21032
   1.49248  -4.21719
   1.50184  -4.24437
   1.50804  -4.25965
   1.50981  -4.26362
                    
   1.32832  -4.75980
   1.36073  -4.78980
   1.37030  -4.79956
   1.38357  -4.81252
   1.41862  -4.84064
   1.44001  -4.85460
   1.47004  -4.87663
   1.51267  -4.90396
   1.52279  -4.90907
   1.52950  -4.91347
   1.57408  -4.94274
   1.61783  -4.96707
   1.62823  -4.97174
   1.64011  -4.97901
   1.68267  -5.00166
   1.71335  -5.01575
   1.73999  -5.02727
   1.78164  -5.04221
   1.80003  -5.04732
   1.81380  -5.05081
   1.86209  -5.06295
   1.92106  -5.06478
   1.92593  -5.06473
   1.93102  -5.06465
   1.98958  -5.06096
   2.03475  -5.04956
   2.05140  -5.04492
   2.07567  -5.03736
   2.11101  -5.02406
   2.13366  -5.01461
   2.16789  -4.99813
   2.21844  -4.96929
   2.22157  -4.96734
   2.22431  -4.96612
   2.27497  -4.93790
   2.28535  -4.93142
   2.32261  -4.90518
   2.32498  -4.90325
   2.32766  -4.90159
   2.33749  -4.89681
   2.37781  -4.87187
   2.41441  -4.84569
   2.42903  -4.83644
   2.45440  -4.81706
   2.47734  -4.79602
   2.49250  -4.78104
   2.52389  -4.75203
   2.55079  -4.70683
   2.55587  -4.69703
   2.56180  -4.68508
   2.58269  -4.63959
   2.58956  -4.60592
   2.59489  -4.57682
   2.60158  -4.51964
   2.60187  -4.51445
   2.60197  -4.51198
   2.60257  -4.50376
   2.60117  -4.45240
   2.59855  -4.42349
   2.59769  -4.39211
   2.59746  -4.35016
   2.59633  -4.33333
   2.59515  -4.32032
   2.59008  -4.27523
   2.58959  -4.23261
   2.58945  -4.21634
   2.58833  -4.18939
   2.58443  -4.15689
   2.58291  -4.13672
   2.57992  -4.09530
   2.57910  -4.08788
   2.57202  -4.04781
   2.56909  -4.03342
   2.56043  -4.01573
   2.54165  -3.97784
   2.52298  -3.94498
   2.50927  -3.92487
   2.49592  -3.91316
   2.46361  -3.88216
   2.44145  -3.86310
   2.42138  -3.84813
   2.41586  -3.84340
   2.40828  -3.83720
   2.36545  -3.80953
   2.34006  -3.79523
   2.31409  -3.77897
   2.28582  -3.76010
   2.26386  -3.74802
   2.24414  -3.73805
   2.21123  -3.72150
   2.18318  -3.70591
   2.15892  -3.69320
   2.12264  -3.67647
   2.10390  -3.66912
   2.08991  -3.66423
   2.04653  -3.64936
   2.02065  -3.64202
   1.99199  -3.63563
   1.98708  -3.63437
   1.98097  -3.63400
   1.92593  -3.63374
   1.87363  -3.63752
   1.86566  -3.63848
   1.86514  -3.63854
   1.86447  -3.63867
   1.80604  -3.65345
   1.76796  -3.66615
   1.74900  -3.67304
   1.72411  -3.68221
   1.69362  -3.69507
   1.67021  -3.70617
   1.64071  -3.72170
   1.60829  -3.73703
   1.58739  -3.74697
   1.56223  -3.76013
   1.53613  -3.77665
   1.51418  -3.78897
   1.48195  -3.80422
   1.45418  -3.81919
   1.43456  -3.83174
   1.42799  -3.83540
   1.41596  -3.84419
   1.37994  -3.87519
   1.35783  -3.89650
   1.33394  -3.91882
   1.31464  -3.95232
   1.30383  -3.97417
   1.29069  -4.00360
   1.27911  -4.03172
   1.27385  -4.05210
   1.26431  -4.09253
   1.25712  -4.13439
   1.25631  -4.14847
   1.25583  -4.15378
   1.25449  -4.16168
   1.25067  -4.21427
   1.25039  -4.24675
   1.24950  -4.27415
   1.24641  -4.30273
   1.24447  -4.33333
   1.24395  -4.36839
   1.24465  -4.39294
   1.24336  -4.41105
   1.23813  -4.45092
   1.23810  -4.45462
   1.23942  -4.50167
   1.23981  -4.51718
   1.24259  -4.54998
   1.24704  -4.58043
   1.24989  -4.59610
   1.25819  -4.63852
   1.25949  -4.64410
   1.28795  -4.69911
   1.28912  -4.70099
   1.29016  -4.70266
   1.32359  -4.75509
   1.32832  -4.75980
                    
   4.04543  -0.37017
   4.05435  -0.35941
   4.05710  -0.35550
   4.06308  -0.34655
   4.07785  -0.32276
   4.08183  -0.31072
   4.08802  -0.28783
   4.08900  -0.28262
   4.09199  -0.26013
   4.09587  -0.24402
   4.10121  -0.21773
   4.10195  -0.21236
   4.10256  -0.21037
   4.10359  -0.20684
   4.10742  -0.17895
   4.11194  -0.16567
   4.11616  -0.15260
   4.12068  -0.13538
   4.12238  -0.12615
   4.12652  -0.11908
   4.13299  -0.10233
   4.13849  -0.08503
   4.14160  -0.07764
   4.14660  -0.06859
   4.15187  -0.05290
   4.15577  -0.03891
   4.16082  -0.02703
   4.16446  -0.01104
   4.16605  -0.00000
   4.16710   0.00958
   4.16902   0.02775
   4.16762   0.04833
   4.16731   0.05562
   4.16691   0.06191
   4.16297   0.08336
   4.15849   0.10744
   4.15785   0.11137
   4.15730   0.11449
   4.14987   0.13897
   4.14775   0.14841
   4.14322   0.16520
   4.14236   0.16773
   4.14121   0.17101
   4.13175   0.19599
   4.12461   0.21428
   4.11979   0.22483
   4.11198   0.24013
   4.10472   0.25287
   4.09946   0.26137
   4.08684   0.28004
   4.06926   0.30225
   4.06668   0.30547
   4.06611   0.30599
   4.06543   0.30654
   4.04204   0.32941
   4.02303   0.34522
   4.01490   0.34965
   4.00622   0.35328
   3.98459   0.36470
   3.96539   0.37343
   3.95279   0.37672
   3.94066   0.37918
   3.91963   0.38441
   3.89958   0.38826
   3.88590   0.38915
   3.87217   0.39081
   3.85185   0.39206
   3.83252   0.39227
   3.81756   0.39201
   3.80010   0.39240
   3.78305   0.39020
   3.76671   0.38738
   3.74847   0.38583
   3.72641   0.38179
   3.71470   0.37682
   3.70189   0.37086
   3.68149   0.36535
   3.66270   0.35391
   3.65318   0.34410
   3.63882   0.32774
   3.62859   0.31885
   3.62353   0.31019
   3.61477   0.28707
   3.61344   0.28413
   3.60436   0.26135
   3.60011   0.25174
   3.59274   0.23487
   3.58852   0.22096
   3.58666   0.21386
   3.57925   0.19088
   3.57544   0.18216
   3.56909   0.16572
   3.56825   0.16374
   3.56729   0.16139
   3.55962   0.13627
   3.55009   0.11525
   3.54839   0.11045
   3.54673   0.10553
   3.53942   0.08372
   3.53142   0.05982
   3.53072   0.05662
   3.53007   0.05358
   3.52417   0.02867
   3.52291   0.00137
   3.52288   0.00000
   3.52285  -0.00133
   3.52409  -0.02868
   3.52876  -0.05477
   3.52906  -0.05692
   3.52937  -0.05897
   3.53634  -0.08454
   3.54229  -0.11121
   3.54261  -0.11256
   3.54289  -0.11371
   3.54980  -0.13545
   3.55148  -0.14007
   3.55656  -0.16486
   3.55748  -0.16995
   3.55920  -0.17830
   3.56599  -0.20017
   3.56942  -0.21448
   3.57221  -0.23465
   3.57514  -0.24909
   3.57937  -0.26490
   3.58049  -0.27137
   3.58471  -0.28992
   3.59167  -0.31007
   3.59476  -0.31782
   3.59946  -0.33287
   3.60620  -0.35082
   3.61996  -0.36898
   3.63138  -0.38186
   3.65398  -0.40437
   3.66049  -0.41038
   3.66541  -0.41300
   3.69716  -0.42501
   3.72807  -0.43417
   3.73491  -0.43645
   3.74199  -0.43788
   3.77411  -0.44092
   3.79954  -0.44165
   3.81315  -0.44238
   3.82842  -0.44239
   3.85185  -0.44074
   3.87114  -0.43841
   3.88999  -0.43589
   3.91092  -0.43237
   3.92756  -0.42938
   3.94338  -0.42591
   3.96427  -0.41954
   3.98817  -0.40876
   3.99896  -0.40416
   4.00837  -0.39986
   4.03155  -0.38535
   4.04543  -0.37017
                    
   3.61776   0.62294
   3.59395   0.60859
   3.57415   0.59554
   3.54304   0.57071
   3.53053   0.55655
   3.49555   0.51095
   3.49478   0.50995
   3.49424   0.50955
   3.48597   0.50303
   3.45313   0.47517
   3.41840   0.44097
   3.41467   0.43718
   3.41113   0.43486
   3.39912   0.42655
   3.36875   0.40537
   3.34243   0.38454
   3.32557   0.36851
   3.30338   0.34176
   3.28953   0.32466
   3.28072   0.31311
   3.25790   0.27696
   3.24093   0.23348
   3.23728   0.22369
   3.23378   0.21381
   3.22132   0.16895
   3.21403   0.12820
   3.21174   0.11287
   3.20962   0.09564
   3.20703   0.05641
   3.20187   0.01608
   3.20016   0.00000
   3.19914  -0.01221
   3.19861  -0.05715
   3.19638  -0.08521
   3.19549  -0.10892
   3.19573  -0.11569
   3.19624  -0.12602
   3.19948  -0.17480
   3.20435  -0.20494
   3.21109  -0.23322
   3.22225  -0.27127
   3.22847  -0.29069
   3.23742  -0.30673
   3.25892  -0.34233
   3.27877  -0.37136
   3.29371  -0.39081
   3.31912  -0.41612
   3.33617  -0.43271
   3.34809  -0.44363
   3.38262  -0.46923
   3.42555  -0.50514
   3.42694  -0.50620
   3.42704  -0.50627
   3.42717  -0.50637
   3.47451  -0.53889
   3.49016  -0.55324
   3.51331  -0.57282
   3.51880  -0.57686
   3.52653  -0.58241
   3.56723  -0.61037
   3.59510  -0.62734
   3.61937  -0.63874
   3.65055  -0.65171
   3.67457  -0.66163
   3.69296  -0.66749
   3.73259  -0.67637
   3.77495  -0.68319
   3.79185  -0.68579
   3.80655  -0.68742
   3.85185  -0.68951
   3.89926  -0.68850
   3.91204  -0.68791
   3.92516  -0.68594
   3.97148  -0.67842
   4.01414  -0.66857
   4.02967  -0.66363
   4.05106  -0.65408
   4.08455  -0.63934
   4.10867  -0.62735
   4.13585  -0.60904
   4.17808  -0.58069
   4.18449  -0.57615
   4.18918  -0.57277
   4.21172  -0.55443
   4.22923  -0.53896
   4.27266  -0.50681
   4.27533  -0.50469
   4.27780  -0.50271
   4.31831  -0.46645
   4.33034  -0.45601
   4.35750  -0.43044
   4.36076  -0.42702
   4.36463  -0.42289
   4.39960  -0.38354
   4.42483  -0.34297
   4.42998  -0.33378
   4.43466  -0.32510
   4.45587  -0.28166
   4.46470  -0.24761
   4.46865  -0.22926
   4.46931  -0.22474
   4.47049  -0.21601
   4.47618  -0.16729
   4.47921  -0.13819
   4.47925  -0.11063
   4.47624  -0.06211
   4.47570  -0.05458
   4.47629  -0.04872
   4.47835  -0.00000
   4.47665   0.04830
   4.47624   0.05463
   4.47636   0.06232
   4.47552   0.10997
   4.47264   0.14417
   4.46957   0.16552
   4.46363   0.19199
   4.45654   0.22009
   4.44998   0.24223
   4.43845   0.27354
   4.42161   0.30021
   4.40658   0.32027
   4.38261   0.34909
   4.37047   0.36314
   4.36152   0.37307
   4.32997   0.40119
   4.32079   0.40866
   4.29315   0.43146
   4.28758   0.43572
   4.28305   0.44134
   4.25150   0.47629
   4.24960   0.47824
   4.21886   0.50968
   4.21254   0.51512
   4.20377   0.52331
   4.17197   0.55446
   4.15418   0.57001
   4.12609   0.58811
   4.08534   0.61092
   4.07619   0.61637
   4.07091   0.61942
   4.02623   0.63757
   4.02300   0.63873
   3.97477   0.65435
   3.96750   0.65586
   3.95965   0.65739
   3.91024   0.66734
   3.86771   0.67095
   3.85185   0.67157
   3.83458   0.67181
   3.79318   0.67066
   3.75238   0.66476
   3.73505   0.66240
   3.71627   0.65933
   3.67795   0.64901
   3.63133   0.62841
   3.62416   0.62557
   3.61776   0.62294
                    
   3.60759  -1.82779
   3.60817  -1.85201
   3.60604  -1.87372
   3.60560  -1.88742
   3.60885  -1.90604
   3.61008  -1.92489
   3.60651  -1.94442
   3.60526  -1.95479
   3.60371  -1.95845
   3.60149  -1.96391
   3.59742  -1.98851
   3.57735  -2.00073
   3.57190  -2.00504
   3.56860  -2.00776
   3.55725  -2.01568
   3.54632  -2.02420
   3.53202  -2.04088
   3.51688  -2.04475
   3.49797  -2.05096
   3.48507  -2.06174
   3.47858  -2.06665
   3.48229  -2.07393
   3.48833  -2.08624
   3.50818  -2.10607
   3.51665  -2.11338
   3.52230  -2.13538
   3.52307  -2.13790
   3.53287  -2.15920
   3.53564  -2.16667
   3.54052  -2.17839
   3.54917  -2.19315
   3.54445  -2.20822
   3.54119  -2.22145
   3.53953  -2.22959
   3.53624  -2.25123
   3.54538  -2.27390
   3.54806  -2.27724
   3.55232  -2.28235
   3.56320  -2.30127
   3.56116  -2.32504
   3.56099  -2.33190
   3.56089  -2.33466
   3.56075  -2.34146
   3.56242  -2.36933
   3.56374  -2.38109
   3.56078  -2.39882
   3.56287  -2.40915
   3.56917  -2.43301
   3.57333  -2.44519
   3.58341  -2.47808
   3.58605  -2.48344
   3.58733  -2.48596
   3.58843  -2.49087
   3.59934  -2.52729
   3.62177  -2.53515
   3.63693  -2.53892
   3.64550  -2.54076
   3.67421  -2.54762
   3.69209  -2.56813
   3.70073  -2.58188
   3.71782  -2.60532
   3.72572  -2.61451
   3.73127  -2.61667
   3.73695  -2.61717
   3.75913  -2.61587
   3.77318  -2.61283
   3.79787  -2.60608
   3.81358  -2.60413
   3.83265  -2.60500
   3.85185  -2.60435
   3.86908  -2.60304
   3.88988  -2.60133
   3.91192  -2.59760
   3.92751  -2.59576
   3.94421  -2.59316
   3.96443  -2.58683
   3.99433  -2.56026
   3.99486  -2.55957
   3.99501  -2.55937
   3.99576  -2.55883
   4.02414  -2.53614
   4.04764  -2.52340
   4.05427  -2.51726
   4.06371  -2.50797
   4.08176  -2.49500
   4.08681  -2.47890
   4.09351  -2.45466
   4.09477  -2.44881
   4.09337  -2.42704
   4.09545  -2.41027
   4.09742  -2.38866
   4.09766  -2.37843
   4.09500  -2.37069
   4.07949  -2.33618
   4.07670  -2.32910
   4.07651  -2.32398
   4.07959  -2.31841
   4.08388  -2.30063
   4.08596  -2.28872
   4.09032  -2.27787
   4.09693  -2.26897
   4.11235  -2.26148
   4.12109  -2.25646
   4.13703  -2.25025
   4.16191  -2.24975
   4.17225  -2.22650
   4.17350  -2.22338
   4.17445  -2.22098
   4.18111  -2.20090
   4.18262  -2.19561
   4.18180  -2.19343
   4.17293  -2.17290
   4.17409  -2.16667
   4.17493  -2.16164
   4.16776  -2.13903
   4.16542  -2.12017
   4.16575  -2.11132
   4.16582  -2.10434
   4.16094  -2.08385
   4.15373  -2.06508
   4.15167  -2.05754
   4.14961  -2.05066
   4.14030  -2.03216
   4.13762  -2.00296
   4.13737  -2.00182
   4.13719  -2.00107
   4.13691  -1.99837
   4.13238  -1.97024
   4.12350  -1.95244
   4.11882  -1.94266
   4.11154  -1.92890
   4.10284  -1.91568
   4.09515  -1.90599
   4.08503  -1.88878
   4.06654  -1.86248
   4.06569  -1.86157
   4.06555  -1.86147
   4.06541  -1.86118
   4.04603  -1.83034
   4.03483  -1.81557
   4.02339  -1.79881
   4.00120  -1.79369
   3.98769  -1.79346
   3.96388  -1.79437
   3.95170  -1.79402
   3.94451  -1.79692
   3.91771  -1.79315
   3.88805  -1.79123
   3.88461  -1.79226
   3.88161  -1.79101
   3.85185  -1.78957
   3.82243  -1.79045
   3.81879  -1.78879
   3.81296  -1.78810
   3.78447  -1.78450
   3.76484  -1.78338
   3.74941  -1.78435
   3.73628  -1.79175
   3.72087  -1.80678
   3.70525  -1.82443
   3.69971  -1.83175
   3.69682  -1.83420
   3.69308  -1.83487
   3.68643  -1.83312
   3.65543  -1.82646
   3.64009  -1.82450
   3.61883  -1.81996
   3.60790  -1.81826
   3.60759  -1.82779
                    
   3.54215  -1.58273
   3.52821  -1.59467
   3.52427  -1.59929
   3.51150  -1.61500
   3.48671  -1.64519
   3.47655  -1.65702
   3.46588  -1.67888
   3.45908  -1.69858
   3.45247  -1.72125
   3.43520  -1.75001
   3.40814  -1.75173
   3.38098  -1.76023
   3.37008  -1.76241
   3.34305  -1.76904
   3.31083  -1.78784
   3.28700  -1.83244
   3.28465  -1.83919
   3.28055  -1.85166
   3.26514  -1.89308
   3.24443  -1.93073
   3.23656  -1.94272
   3.23273  -1.94879
   3.21485  -1.99598
   3.20531  -2.04727
   3.20399  -2.05243
   3.20296  -2.05659
   3.19767  -2.10943
   3.19661  -2.15811
   3.19929  -2.16667
   3.20755  -2.19053
   3.21187  -2.22266
   3.19567  -2.24615
   3.18492  -2.26361
   3.18627  -2.28403
   3.18910  -2.31159
   3.18845  -2.34443
   3.19511  -2.36349
   3.20527  -2.40200
   3.22086  -2.44855
   3.22645  -2.45830
   3.23204  -2.46996
   3.25605  -2.51065
   3.27896  -2.54434
   3.28979  -2.56023
   3.30754  -2.57843
   3.33279  -2.60221
   3.34907  -2.61628
   3.37894  -2.63958
   3.41773  -2.67183
   3.42346  -2.67721
   3.43024  -2.68341
   3.47152  -2.70984
   3.50726  -2.73969
   3.51685  -2.74690
   3.53079  -2.75690
   3.56586  -2.77998
   3.59750  -2.79359
   3.62090  -2.80119
   3.64082  -2.80693
   3.67741  -2.81770
   3.70187  -2.83118
   3.73268  -2.84254
   3.78625  -2.85834
   3.79121  -2.85980
   3.79483  -2.85996
   3.85185  -2.85880
   3.89780  -2.85442
   3.91188  -2.85277
   3.92902  -2.84965
   3.97165  -2.84610
   4.02353  -2.83811
   4.03094  -2.83505
   4.04179  -2.83093
   4.08690  -2.81247
   4.12093  -2.79595
   4.14013  -2.78489
   4.17392  -2.75507
   4.18563  -2.74479
   4.19140  -2.73953
   4.20050  -2.72822
   4.22324  -2.69707
   4.24816  -2.67554
   4.26695  -2.66136
   4.28356  -2.64790
   4.30758  -2.62239
   4.34547  -2.59518
   4.35430  -2.58827
   4.35898  -2.58451
   4.37482  -2.57090
   4.39809  -2.54915
   4.42505  -2.51954
   4.43692  -2.50446
   4.45420  -2.48078
   4.47145  -2.45559
   4.46784  -2.40636
   4.46668  -2.39736
   4.46484  -2.38978
   4.44932  -2.33972
   4.44867  -2.33103
   4.44923  -2.32673
   4.44939  -2.31870
   4.46359  -2.27928
   4.46531  -2.27484
   4.47924  -2.23398
   4.48196  -2.22179
   4.48275  -2.20768
   4.48629  -2.16667
   4.48719  -2.13115
   4.48543  -2.11124
   4.48439  -2.09004
   4.47709  -2.05642
   4.46589  -2.01659
   4.46352  -2.00277
   4.45808  -1.99127
   4.43902  -1.96136
   4.43543  -1.95426
   4.41353  -1.91520
   4.40915  -1.90680
   4.40521  -1.89787
   4.38875  -1.85669
   4.38062  -1.83908
   4.37125  -1.81332
   4.36758  -1.80555
   4.36154  -1.79839
   4.33721  -1.75941
   4.31707  -1.73135
   4.30161  -1.71691
   4.28642  -1.69791
   4.26495  -1.67435
   4.24849  -1.65781
   4.22449  -1.63448
   4.18950  -1.60904
   4.17856  -1.60079
   4.17065  -1.59504
   4.12928  -1.57171
   4.10685  -1.55685
   4.08536  -1.54385
   4.07929  -1.54179
   4.07366  -1.53993
   4.02531  -1.51931
   3.97930  -1.51049
   3.96810  -1.50738
   3.95322  -1.50356
   3.91010  -1.50087
   3.87012  -1.49427
   3.85185  -1.49318
   3.83067  -1.49254
   3.79278  -1.49142
   3.75809  -1.49704
   3.73457  -1.50151
   3.71342  -1.50627
   3.67770  -1.51674
   3.63694  -1.53117
   3.62251  -1.53655
   3.60905  -1.54191
   3.56953  -1.56122
   3.54215  -1.58273
                    
   4.04314  -4.70470
   4.05299  -4.69221
   4.05612  -4.68714
   4.06381  -4.67371
   4.07525  -4.65237
   4.07783  -4.64276
   4.08092  -4.62684
   4.08475  -4.61088
   4.08784  -4.59267
   4.09314  -4.57462
   4.09895  -4.55363
   4.10069  -4.54552
   4.10172  -4.54300
   4.10324  -4.53913
   4.10874  -4.51321
   4.11442  -4.49911
   4.11930  -4.48775
   4.12440  -4.47424
   4.12765  -4.46194
   4.13330  -4.45174
   4.13868  -4.43773
   4.14340  -4.42338
   4.14769  -4.41260
   4.15352  -4.39987
   4.15669  -4.38708
   4.15919  -4.37484
   4.16408  -4.36065
   4.16770  -4.34258
   4.16881  -4.33333
   4.16956  -4.32514
   4.17124  -4.30539
   4.16992  -4.28304
   4.16972  -4.27728
   4.16947  -4.27240
   4.16552  -4.24929
   4.16002  -4.22394
   4.15947  -4.22137
   4.15900  -4.21921
   4.15075  -4.19395
   4.14893  -4.18728
   4.14278  -4.16810
   4.14197  -4.16583
   4.14091  -4.16295
   4.13048  -4.13824
   4.12214  -4.11917
   4.11787  -4.11012
   4.11120  -4.09727
   4.10247  -4.08271
   4.09584  -4.07254
   4.08446  -4.05612
   4.06575  -4.03301
   4.06371  -4.03077
   4.06222  -4.02924
   4.05407  -4.02072
   4.04033  -4.00688
   4.02057  -3.98942
   4.01392  -3.98578
   4.00680  -3.98275
   3.98397  -3.97033
   3.96391  -3.96101
   3.95242  -3.95799
   3.94128  -3.95561
   3.91942  -3.95012
   3.89859  -3.94611
   3.88581  -3.94520
   3.87287  -3.94359
   3.85185  -3.94219
   3.83195  -3.94191
   3.81763  -3.94212
   3.80092  -3.94176
   3.78320  -3.94401
   3.76627  -3.94692
   3.74873  -3.94847
   3.72770  -3.95240
   3.71520  -3.95789
   3.70129  -3.96462
   3.68237  -3.96987
   3.66518  -3.98053
   3.65481  -3.99204
   3.63847  -4.01257
   3.63164  -4.01884
   3.62852  -4.02480
   3.62431  -4.03864
   3.61673  -4.05313
   3.60806  -4.07257
   3.60233  -4.08381
   3.59341  -4.10167
   3.58941  -4.11312
   3.58740  -4.11952
   3.57865  -4.14203
   3.57143  -4.15742
   3.56714  -4.16771
   3.56668  -4.16869
   3.56616  -4.16979
   3.55701  -4.19585
   3.54718  -4.21868
   3.54607  -4.22204
   3.54495  -4.22556
   3.53745  -4.24909
   3.52987  -4.27415
   3.52943  -4.27648
   3.52900  -4.27878
   3.52365  -4.30462
   3.52229  -4.33237
   3.52225  -4.33333
   3.52222  -4.33425
   3.52337  -4.36207
   3.52797  -4.38883
   3.52819  -4.39040
   3.52841  -4.39191
   3.53535  -4.41814
   3.54189  -4.44507
   3.54216  -4.44605
   3.54241  -4.44694
   3.54934  -4.46776
   3.55149  -4.47340
   3.55779  -4.49831
   3.55870  -4.50258
   3.56026  -4.50923
   3.56825  -4.53192
   3.57277  -4.54778
   3.57569  -4.56506
   3.58179  -4.58963
   3.58338  -4.59756
   3.58382  -4.60136
   3.58577  -4.61391
   3.59288  -4.64196
   3.59578  -4.65094
   3.60054  -4.66702
   3.60652  -4.68371
   3.61993  -4.70232
   3.63132  -4.71530
   3.65415  -4.73823
   3.66033  -4.74406
   3.66483  -4.74655
   3.69686  -4.75918
   3.72897  -4.76914
   3.73456  -4.77106
   3.74026  -4.77226
   3.77386  -4.77563
   3.80068  -4.77648
   3.81302  -4.77718
   3.82685  -4.77720
   3.85185  -4.77559
   3.87259  -4.77315
   3.89012  -4.77075
   3.90984  -4.76724
   3.92777  -4.76391
   3.94457  -4.76008
   3.96449  -4.75370
   3.98794  -4.74264
   3.99905  -4.73776
   4.00856  -4.73329
   4.03134  -4.71824
   4.04314  -4.70470
                    
   3.61273  -3.70932
   3.57314  -3.73398
   3.57256  -3.73438
   3.53704  -3.76205
   3.52783  -3.77212
   3.50300  -3.80196
   3.49032  -3.81701
   3.48147  -3.82365
   3.44829  -3.85239
   3.41286  -3.88810
   3.40981  -3.89129
   3.40491  -3.89462
   3.36379  -3.92380
   3.34276  -3.94089
   3.32127  -3.96182
   3.29415  -3.99572
   3.28574  -4.00649
   3.28018  -4.01390
   3.25463  -4.05484
   3.23550  -4.10375
   3.23378  -4.10837
   3.23211  -4.11296
   3.21762  -4.16339
   3.20893  -4.21022
   3.20742  -4.21970
   3.20595  -4.22988
   3.20208  -4.27649
   3.19631  -4.32521
   3.19550  -4.33333
   3.19496  -4.33947
   3.19427  -4.39086
   3.19386  -4.39613
   3.19214  -4.43854
   3.19268  -4.44956
   3.19379  -4.46560
   3.19749  -4.50867
   3.20233  -4.53654
   3.20979  -4.56702
   3.22192  -4.60702
   3.22771  -4.62438
   3.23573  -4.63899
   3.25774  -4.67634
   3.27886  -4.70775
   3.29218  -4.72522
   3.31404  -4.74758
   3.33417  -4.76772
   3.34880  -4.78133
   3.38015  -4.80504
   3.42026  -4.83883
   3.42467  -4.84243
   3.42887  -4.84580
   3.47225  -4.87545
   3.50833  -4.90633
   3.51728  -4.91284
   3.52962  -4.92145
   3.56625  -4.94581
   3.59185  -4.96121
   3.61872  -4.97386
   3.65319  -4.98803
   3.67415  -4.99652
   3.69029  -5.00168
   3.73232  -5.01121
   3.77742  -5.01842
   3.79173  -5.02058
   3.80423  -5.02194
   3.85185  -5.02417
   3.90153  -5.02299
   3.91214  -5.02245
   3.92304  -5.02087
   3.97169  -5.01296
   4.01618  -5.00255
   4.03000  -4.99820
   4.04866  -4.99010
   4.08515  -4.97432
   4.11169  -4.96119
   4.13691  -4.94464
   4.17502  -4.91973
   4.18605  -4.91218
   4.19434  -4.90630
   4.23136  -4.87533
   4.27588  -4.84246
   4.27775  -4.84090
   4.27964  -4.83932
   4.32100  -4.80248
   4.35676  -4.76925
   4.36320  -4.76241
   4.37063  -4.75428
   4.40175  -4.71838
   4.42497  -4.68138
   4.43226  -4.66843
   4.43882  -4.65619
   4.45827  -4.61611
   4.47251  -4.56066
   4.47274  -4.55958
   4.47278  -4.55933
   4.47285  -4.55889
   4.48106  -4.50193
   4.48504  -4.46603
   4.48530  -4.44503
   4.48408  -4.40938
   4.48317  -4.38857
   4.48457  -4.37212
   4.48553  -4.33333
   4.48409  -4.29396
   4.48308  -4.27811
   4.48297  -4.25933
   4.48146  -4.22232
   4.47893  -4.19488
   4.47467  -4.16645
   4.46648  -4.13194
   4.46100  -4.11162
   4.45602  -4.09516
   4.44234  -4.05798
   4.42240  -4.02609
   4.41085  -4.01060
   4.39298  -3.98843
   4.37508  -3.96697
   4.36136  -3.95157
   4.33532  -3.92766
   4.29214  -3.89357
   4.29185  -3.89334
   4.29162  -3.89306
   4.25642  -3.85118
   4.22954  -3.82373
   4.21650  -3.81256
   4.19848  -3.79639
   4.17473  -3.77409
   4.16138  -3.76255
   4.12800  -3.74114
   4.07989  -3.71487
   4.07746  -3.71347
   4.07605  -3.71266
   4.06407  -3.70734
   4.02382  -3.69153
   3.97906  -3.67725
   3.96795  -3.67491
   3.95590  -3.67259
   3.91043  -3.66380
   3.87104  -3.66039
   3.85185  -3.65962
   3.83101  -3.65941
   3.79299  -3.66059
   3.75554  -3.66587
   3.73467  -3.66874
   3.71236  -3.67255
   3.67733  -3.68201
   3.63486  -3.70043
   3.62316  -3.70501
   3.61273  -3.70932
                    
