   0.26837   0.36294
   0.26741   0.36165
   0.26602   0.35976
   0.26351   0.35547
   0.26209   0.35271
   0.26084   0.35029
   0.25800   0.34558
   0.25351   0.34027
   0.25132   0.33767
   0.24896   0.33486
   0.24450   0.32953
   0.23982   0.32581
   0.23553   0.32283
   0.22891   0.31810
   0.22627   0.31594
   0.22432   0.31479
   0.21874   0.31240
   0.21474   0.31053
   0.20747   0.30696
   0.20248   0.30507
   0.19250   0.30216
   0.18981   0.30130
   0.18786   0.30094
   0.17164   0.29730
   0.17141   0.29726
   0.17116   0.29723
   0.15356   0.29499
   0.15257   0.29482
   0.15133   0.29472
   0.13660   0.29294
   0.13335   0.29275
   0.12810   0.29235
   0.12072   0.29145
   0.11429   0.29049
   0.10528   0.28926
   0.10391   0.28911
   0.09522   0.28797
   0.09056   0.28723
   0.07701   0.28452
   0.07649   0.28440
   0.07619   0.28436
   0.07547   0.28428
   0.06258   0.28229
   0.05759   0.28132
   0.04937   0.28000
   0.04196   0.27942
   0.03774   0.27899
   0.03672   0.27890
   0.03514   0.27877
   0.02427   0.27735
   0.01679   0.27718
   0.01210   0.27720
   0.00699   0.27714
  -0.00000   0.27660
  -0.00652   0.27667
  -0.01209   0.27684
  -0.01702   0.27690
  -0.02419   0.27652
  -0.03267   0.27677
  -0.03645   0.27689
  -0.03924   0.27695
  -0.04878   0.27662
  -0.05818   0.27649
  -0.06081   0.27640
  -0.06127   0.27637
  -0.06191   0.27634
  -0.07382   0.27550
  -0.08183   0.27534
  -0.08676   0.27516
  -0.09546   0.27463
  -0.09981   0.27423
  -0.10225   0.27412
  -0.10835   0.27413
  -0.11348   0.27396
  -0.12212   0.27346
  -0.12736   0.27312
  -0.14088   0.27301
  -0.14168   0.27298
  -0.14211   0.27299
  -0.14396   0.27305
  -0.15748   0.27276
  -0.16086   0.27280
  -0.16487   0.27330
  -0.17472   0.27426
  -0.17953   0.27457
  -0.18446   0.27520
  -0.19330   0.27606
  -0.19811   0.27645
  -0.20199   0.27721
  -0.21468   0.27978
  -0.21635   0.28007
  -0.21741   0.28033
  -0.22164   0.28132
  -0.23204   0.28324
  -0.23448   0.28388
  -0.23941   0.28532
  -0.24554   0.28680
  -0.25254   0.28831
  -0.25860   0.29007
  -0.26972   0.29434
  -0.27003   0.29446
  -0.27012   0.29450
  -0.27028   0.29457
  -0.28127   0.29876
  -0.28681   0.30244
  -0.29032   0.30479
  -0.29483   0.30778
  -0.29923   0.31057
  -0.30146   0.31356
  -0.30407   0.31724
  -0.30633   0.32045
  -0.30878   0.32381
  -0.31027   0.32537
  -0.31151   0.32667
                    
   0.31151  -0.32667
   0.31027  -0.32537
   0.30878  -0.32381
   0.30253  -0.32191
   0.29998  -0.32110
   0.29841  -0.32059
   0.29167  -0.31831
   0.29118  -0.31813
   0.28264  -0.31560
   0.27958  -0.31467
   0.27327  -0.31266
   0.26790  -0.31080
   0.26531  -0.30983
   0.25777  -0.30720
   0.25629  -0.30661
   0.24810  -0.30318
   0.24502  -0.30164
   0.23923  -0.29884
   0.23420  -0.29613
   0.23141  -0.29458
   0.22313  -0.29031
   0.22254  -0.29002
   0.21465  -0.28595
   0.21160  -0.28474
   0.20341  -0.28130
   0.19926  -0.27918
   0.19751  -0.27843
   0.19456  -0.27786
   0.18353  -0.27582
   0.17942  -0.27492
   0.17499  -0.27469
   0.16410  -0.27376
   0.16061  -0.27354
   0.15810  -0.27383
   0.15236  -0.27500
   0.14374  -0.27612
   0.14035  -0.27648
   0.12993  -0.27838
   0.12982  -0.27840
   0.11888  -0.28098
   0.11663  -0.28157
   0.11358  -0.28235
   0.10348  -0.28431
   0.09632  -0.28592
   0.09053  -0.28713
   0.08322  -0.28850
   0.07754  -0.28939
   0.07309  -0.29001
   0.06447  -0.29081
   0.05293  -0.29148
   0.05141  -0.29156
   0.05023  -0.29162
   0.04250  -0.29168
   0.03839  -0.29163
   0.02785  -0.29121
   0.02546  -0.29106
   0.02237  -0.29100
   0.01269  -0.29067
   0.00479  -0.29016
   0.00000  -0.28970
  -0.00521  -0.28974
  -0.01265  -0.28975
  -0.02061  -0.28956
  -0.02531  -0.28926
  -0.02922  -0.28963
  -0.03825  -0.29052
  -0.04646  -0.29108
  -0.05049  -0.29125
  -0.05136  -0.29129
  -0.05325  -0.29170
  -0.06511  -0.29367
  -0.07029  -0.29436
  -0.07922  -0.29566
  -0.08160  -0.29618
  -0.08954  -0.29774
  -0.09419  -0.29872
  -0.10653  -0.30088
  -0.10841  -0.30132
  -0.10978  -0.30162
  -0.12330  -0.30499
  -0.12662  -0.30569
  -0.12696  -0.30576
  -0.12736  -0.30584
  -0.14398  -0.30877
  -0.14592  -0.30898
  -0.14805  -0.30939
  -0.16298  -0.31308
  -0.16443  -0.31339
  -0.16572  -0.31367
  -0.18289  -0.31678
  -0.18320  -0.31682
  -0.18346  -0.31687
  -0.18441  -0.31723
  -0.19783  -0.32157
  -0.20107  -0.32250
  -0.20664  -0.32436
  -0.21164  -0.32592
  -0.21828  -0.32931
  -0.22283  -0.33172
  -0.23212  -0.33636
  -0.23387  -0.33716
  -0.23467  -0.33765
  -0.23805  -0.33997
  -0.24332  -0.34348
  -0.25004  -0.34778
  -0.25253  -0.34961
  -0.25496  -0.35166
  -0.25938  -0.35471
  -0.26264  -0.35691
  -0.26602  -0.35976
  -0.26741  -0.36165
  -0.26837  -0.36294
                    
   1.41565  -0.02907
   1.41319  -0.03083
   1.40663  -0.03532
   1.40028  -0.03773
   1.39228  -0.03632
   1.38845  -0.03586
   1.38456  -0.03541
   1.37613  -0.03402
   1.36965  -0.03200
   1.36424  -0.03038
   1.35622  -0.02809
   1.35177  -0.02688
   1.34810  -0.02667
   1.33947  -0.02497
   1.32837  -0.02291
   1.32655  -0.02283
   1.32284  -0.02400
   1.31353  -0.02617
   1.30970  -0.02695
   1.30371  -0.02901
   1.29955  -0.03032
   1.29280  -0.03215
   1.28619  -0.03577
   1.28574  -0.03591
   1.27779  -0.03823
   1.27107  -0.04162
   1.27068  -0.04180
   1.26159  -0.04204
   1.25722  -0.04287
   1.24822  -0.04418
   1.24465  -0.04432
   1.24237  -0.04477
   1.23887  -0.04379
   1.23035  -0.03975
   1.22838  -0.03886
   1.22058  -0.03523
   1.21743  -0.03330
   1.21230  -0.03203
   1.20490  -0.03019
   1.19702  -0.02823
   1.19092  -0.02672
   1.18879  -0.02750
   1.18792  -0.02803
   1.18674  -0.02907
   1.18362  -0.03162
   1.18170  -0.03306
   1.17911  -0.03486
   1.17460  -0.03585
   1.17236  -0.03624
   1.17123  -0.03641
   1.16779  -0.03682
   1.16294  -0.03712
   1.16129  -0.03715
   1.15769  -0.03871
   1.15698  -0.03898
   1.15449  -0.04059
   1.15407  -0.04084
   1.15326  -0.04114
   1.14921  -0.04197
   1.14704  -0.04229
   1.14470  -0.04297
   1.14195  -0.04420
   1.14129  -0.04447
   1.14079  -0.04467
   1.13784  -0.04573
   1.13729  -0.04591
   1.13472  -0.04665
   1.13435  -0.04675
   1.13385  -0.04687
   1.13083  -0.04750
   1.12928  -0.04900
   1.12872  -0.04953
   1.12815  -0.05005
   1.12651  -0.05146
   1.12422  -0.05161
   1.12296  -0.05165
   1.12129  -0.05164
   1.11944  -0.05157
   1.11842  -0.05227
   1.11716  -0.05309
   1.11588  -0.05389
   1.11481  -0.05452
   1.11373  -0.05513
   1.11175  -0.05459
   1.10902  -0.05367
   1.10848  -0.05393
   1.10793  -0.05418
   1.10610  -0.05497
   1.10425  -0.05571
   1.10368  -0.05592
   1.10319  -0.05653
   1.10135  -0.05714
   1.09949  -0.05770
   1.09897  -0.05837
   1.09824  -0.05857
   1.09641  -0.05900
   1.09458  -0.05938
   1.09383  -0.05951
   1.09308  -0.05964
   1.09071  -0.05605
   1.09022  -0.05521
   1.08842  -0.05361
   1.08799  -0.05319
   1.08750  -0.05323
   1.08566  -0.05334
   1.08382  -0.05339
   1.08333  -0.05340
   1.08278  -0.05306
   1.08102  -0.05302
   1.07926  -0.05291
   1.07875  -0.05243
   1.07810  -0.05237
   1.07646  -0.05218
   1.07483  -0.05194
   1.07419  -0.05183
   1.07355  -0.05108
   1.07254  -0.04867
   1.07205  -0.04728
   1.07100  -0.04603
   1.06974  -0.04437
   1.06938  -0.04426
   1.06902  -0.04414
   1.06805  -0.04198
   1.06633  -0.04132
   1.06624  -0.04128
   1.06614  -0.04124
   1.06445  -0.04049
   1.06279  -0.03968
   1.06270  -0.03963
   1.06261  -0.03958
   1.06099  -0.03869
   1.05941  -0.03774
   1.05933  -0.03768
   1.05924  -0.03763
   1.05771  -0.03660
   1.05622  -0.03551
   1.05613  -0.03545
   1.05605  -0.03538
   1.05461  -0.03423
   1.05322  -0.03301
   1.05315  -0.03294
   1.05307  -0.03287
   1.05174  -0.03159
   1.05180  -0.03068
   1.05199  -0.02897
   1.05226  -0.02847
   1.05293  -0.02731
   1.05420  -0.02445
   1.05359  -0.02370
   1.05316  -0.02315
   1.05274  -0.02260
   1.05218  -0.02182
   1.05164  -0.02102
   1.05126  -0.02044
   1.05089  -0.01984
   1.05039  -0.01902
   1.04993  -0.01818
   1.04960  -0.01756
   1.04928  -0.01694
   1.04886  -0.01607
   1.04281  -0.01711
   1.04209  -0.01719
   1.04174  -0.01723
   1.04070  -0.01732
   1.03536  -0.01746
   1.03504  -0.01658
   1.03464  -0.01535
   1.03427  -0.01412
   1.03402  -0.01321
   1.03378  -0.01231
   1.03349  -0.01105
   1.03323  -0.00979
   1.03305  -0.00887
   1.03290  -0.00794
   1.03271  -0.00666
   1.03256  -0.00538
   1.03247  -0.00445
   1.03240  -0.00351
   1.03233  -0.00223
   1.03229  -0.00094
   1.03228  -0.00000
   1.03391   0.00121
   1.03605   0.00206
   1.03699   0.00240
   1.03882   0.00389
   1.03728   0.00568
   1.03733   0.00606
   1.03738   0.00643
   1.03640   0.00828
   1.03668   0.00973
   1.03681   0.01031
   1.03694   0.01090
   1.03730   0.01233
   1.03771   0.01376
   1.03788   0.01433
   1.03807   0.01490
   1.03855   0.01630
   1.03908   0.01768
   1.03996   0.01797
   1.04055   0.01814
   1.04122   0.01964
   1.04194   0.02111
   1.04212   0.02146
   1.04230   0.02180
   1.04309   0.02323
   1.04394   0.02464
   1.04414   0.02497
   1.04436   0.02530
   1.04527   0.02665
   1.04554   0.02834
   1.04586   0.02876
   1.04618   0.02917
   1.04665   0.03078
   1.04670   0.03242
   1.04678   0.03350
   1.04693   0.03493
   1.04711   0.03622
   1.04750   0.03704
   1.04780   0.03878
   1.04834   0.04115
   1.04852   0.04148
   1.04869   0.04177
   1.05030   0.04305
   1.05196   0.04428
   1.05215   0.04454
   1.05221   0.04486
   1.05226   0.04615
   1.05233   0.04867
   1.05261   0.05177
   1.05291   0.05270
   1.05345   0.05364
   1.05452   0.05536
   1.05545   0.05674
   1.05631   0.05794
   1.05732   0.05988
   1.05812   0.06088
   1.05878   0.06168
   1.06007   0.06391
   1.06216   0.06609
   1.06242   0.06634
   1.06262   0.06654
   1.06453   0.06830
   1.06494   0.06866
   1.06705   0.07112
   1.06750   0.07144
   1.06805   0.07184
   1.07031   0.07387
   1.07206   0.07531
   1.07325   0.07655
   1.07517   0.07840
   1.07640   0.07929
   1.07742   0.07957
   1.07985   0.07972
   1.08229   0.07979
   1.08333   0.07997
   1.08424   0.08028
   1.08687   0.08109
   1.09017   0.08195
   1.09051   0.08203
   1.09080   0.08205
   1.09409   0.08169
   1.09736   0.08119
   1.09765   0.08118
   1.09791   0.08117
   1.10118   0.08052
   1.10442   0.07973
   1.10469   0.07970
   1.10493   0.07970
   1.10784   0.07964
   1.10843   0.07960
   1.11195   0.07929
   1.11216   0.07921
   1.11236   0.07911
   1.11558   0.07785
   1.11875   0.07647
   1.11894   0.07635
   1.11913   0.07626
   1.12223   0.07473
   1.12527   0.07306
   1.12546   0.07296
   1.12566   0.07287
   1.12861   0.07107
   1.13149   0.06915
   1.13168   0.06905
   1.13189   0.06894
   1.13466   0.06690
   1.13736   0.06474
   1.13755   0.06461
   1.13781   0.06452
   1.14095   0.06287
   1.14370   0.06127
   1.14432   0.06099
   1.14506   0.06064
   1.14768   0.05896
   1.14995   0.05738
   1.15101   0.05678
   1.15245   0.05613
   1.15447   0.05458
   1.15621   0.05318
   1.15800   0.05228
   1.16003   0.05090
   1.16135   0.04970
   1.16248   0.04865
   1.16469   0.04697
   1.16794   0.04483
   1.16843   0.04430
   1.16885   0.04385
   1.17206   0.04175
   1.17238   0.04152
   1.17571   0.03905
   1.17660   0.03863
   1.17824   0.03783
   1.18121   0.03563
   1.18260   0.03377
   1.18489   0.03202
   1.18858   0.02889
   1.18900   0.02831
   1.18923   0.02782
   1.19139   0.02473
   1.19273   0.02425
   1.19782   0.02218
   1.20661   0.02217
   1.20877   0.02212
   1.21623   0.02176
   1.21982   0.02149
   1.22313   0.02314
   1.23121   0.02608
   1.23325   0.02679
   1.24210   0.03007
   1.24554   0.03142
   1.25024   0.03192
   1.25923   0.03364
   1.26779   0.03528
   1.27194   0.03572
   1.27405   0.03480
   1.27635   0.03403
   1.28660   0.03066
   1.28995   0.02940
   1.29632   0.02804
   1.29997   0.02717
   1.30729   0.02468
   1.31383   0.02329
   1.32323   0.02099
   1.32509   0.01966
   1.32688   0.01905
   1.32909   0.01968
   1.33770   0.02225
   1.33969   0.02263
   1.35056   0.02474
   1.35197   0.02487
   1.35406   0.02565
   1.36431   0.02973
   1.36965   0.03200
   1.37603   0.03485
   1.38728   0.04002
   1.38775   0.04024
   1.38789   0.04033
   1.38824   0.04057
   1.39902   0.04710
   1.40828   0.04646
   1.41120   0.04756
   1.41537   0.04915
   1.42329   0.04555
   1.42370   0.04481
   1.42867   0.03555
   1.43036   0.03036
   1.43050   0.02396
   1.43100   0.01518
   1.43127   0.00639
   1.43102   0.00000
   1.42944  -0.00397
   1.42612  -0.01181
   1.42438  -0.01489
   1.41998  -0.02230
   1.41565  -0.02907
                    
   0.91235  -0.05391
   0.91227  -0.05379
   0.90699  -0.04725
   0.90397  -0.04315
   0.90193  -0.04022
   0.89867  -0.03519
   0.89722  -0.03282
   0.89636  -0.03138
   0.89307  -0.02549
   0.89274  -0.02509
   0.88835  -0.01952
   0.88664  -0.01721
   0.88451  -0.01280
   0.88269  -0.00876
   0.88164  -0.00630
   0.87916  -0.00000
   0.87931   0.00797
   0.87935   0.00891
   0.87939   0.00984
   0.87993   0.01780
   0.88249   0.02425
   0.88315   0.02635
   0.88402   0.02901
   0.88650   0.03471
   0.88966   0.03749
   0.89426   0.04192
   0.89646   0.04391
   0.89994   0.04740
   0.90136   0.04876
   0.90536   0.05202
   0.90901   0.05496
   0.91052   0.05612
   0.91398   0.05824
   0.91763   0.06031
   0.92314   0.06199
   0.93044   0.06333
   0.93075   0.06338
   0.93959   0.06187
   0.94381   0.06104
   0.95476   0.05852
   0.95781   0.05773
   0.95959   0.05660
   0.96911   0.05141
   0.97651   0.04752
   0.98174   0.04434
   0.98803   0.03947
   0.99051   0.03770
   0.99212   0.03600
   0.99689   0.03146
   0.99939   0.02909
   1.00175   0.02572
   1.00342   0.02359
   1.00763   0.02166
   1.00958   0.01976
   1.01427   0.01581
   1.01490   0.01534
   1.01487   0.01518
   1.01483   0.01502
   1.01755   0.01160
   1.01933   0.00965
   1.01916   0.00845
   1.01902   0.00724
   1.02027   0.00552
   1.02122   0.00433
   1.02268   0.00265
   1.02486   0.00043
   1.02532  -0.00000
   1.02532  -0.00036
   1.02537  -0.00253
   1.02551  -0.00470
   1.02554  -0.00506
   1.02557  -0.00541
   1.02582  -0.00757
   1.02614  -0.00972
   1.02620  -0.01007
   1.02606  -0.01049
   1.02649  -0.01260
   1.02699  -0.01469
   1.02685  -0.01514
   1.02696  -0.01555
   1.02756  -0.01758
   1.02824  -0.01960
   1.02838  -0.02000
   1.02749  -0.02099
   1.02576  -0.02385
   1.02478  -0.02571
   1.02279  -0.02823
   1.02254  -0.03102
   1.02280  -0.03151
   1.02306  -0.03201
   1.02260  -0.03506
   1.02247  -0.03626
   1.02231  -0.03851
   1.02203  -0.03905
   1.02142  -0.04032
   1.02079  -0.04379
   1.02052  -0.04590
   1.01820  -0.04998
   1.01758  -0.05118
   1.01151  -0.05732
   1.00669  -0.06117
   1.00216  -0.06479
   0.99712  -0.06968
   0.99194  -0.07013
   0.98773  -0.07027
   0.98089  -0.07208
   0.98015  -0.07225
   0.97322  -0.07401
   0.96775  -0.07570
   0.96475  -0.07554
   0.95930  -0.07503
   0.95455  -0.07435
   0.94994  -0.07348
   0.94654  -0.07270
   0.94461  -0.07221
   0.93764  -0.07013
   0.93495  -0.06919
   0.93423  -0.06892
   0.93296  -0.06845
   0.92608  -0.06514
   0.92224  -0.06305
   0.91864  -0.05994
   0.91266  -0.05424
   0.91241  -0.05399
   0.91235  -0.05391
                    
   0.64023  -0.08608
   0.64256  -0.08563
   0.64411  -0.08533
   0.64900  -0.08739
   0.65295  -0.08867
   0.65541  -0.08943
   0.66207  -0.09238
   0.67123  -0.08983
   0.67199  -0.08932
   0.67319  -0.08853
   0.68209  -0.08588
   0.68827  -0.08135
   0.69145  -0.07823
   0.69910  -0.07109
   0.70101  -0.06963
   0.70222  -0.06919
   0.71157  -0.06584
   0.71327  -0.06525
   0.71802  -0.05889
   0.72164  -0.05694
   0.72368  -0.06160
   0.72508  -0.06317
   0.73489  -0.06666
   0.74086  -0.06859
   0.74758  -0.07008
   0.75432  -0.07294
   0.75845  -0.07458
   0.76070  -0.07527
   0.76710  -0.07713
   0.77412  -0.07913
   0.77707  -0.07837
   0.78596  -0.07712
   0.79716  -0.07543
   0.79831  -0.07513
   0.80146  -0.07110
   0.80808  -0.06381
   0.80946  -0.06238
   0.81061  -0.06046
   0.81805  -0.04908
   0.81890  -0.04769
   0.81938  -0.04654
   0.82157  -0.04163
   0.82561  -0.03393
   0.82646  -0.03242
   0.82768  -0.02948
   0.83100  -0.02208
   0.83200  -0.01570
   0.83287  -0.01094
   0.83435  -0.00386
   0.83526  -0.00000
   0.83370   0.00442
   0.83217   0.01097
   0.83129   0.01517
   0.82880   0.02227
   0.82714   0.02442
   0.82306   0.03002
   0.81801   0.03493
   0.81609   0.03690
   0.80962   0.04155
   0.80425   0.04415
   0.79430   0.04928
   0.79288   0.05021
   0.79114   0.04982
   0.77968   0.04663
   0.77527   0.04526
   0.76706   0.04299
   0.76565   0.04182
   0.75934   0.03634
   0.75342   0.03032
   0.75215   0.02897
   0.74691   0.02199
   0.74151   0.01492
   0.74062   0.01370
   0.73545   0.00632
   0.73052  -0.00000
   0.72861  -0.00475
   0.72595  -0.01178
   0.72361  -0.01571
   0.71808  -0.02563
   0.71410  -0.02662
   0.70676  -0.02714
   0.69956  -0.02766
   0.69577  -0.02853
   0.68505  -0.01739
   0.68448  -0.01676
   0.68405  -0.01623
   0.67911  -0.00991
   0.67301  -0.00168
   0.67246  -0.00092
   0.67200  -0.00000
   0.66255   0.01110
   0.66016   0.01409
   0.65696   0.01862
   0.65278   0.02482
   0.64841   0.02750
   0.64497   0.03058
   0.63826   0.03688
   0.63748   0.03751
   0.63717   0.03753
   0.63353   0.03784
                    
   1.53313  -0.03784
   1.52949  -0.03753
   1.52919  -0.03751
   1.52810  -0.03592
   1.52183  -0.02855
   1.51921  -0.02561
   1.51545  -0.01887
   1.51427  -0.01683
   1.51021  -0.00784
   1.50723   0.00000
   1.50615   0.01468
   1.50579   0.01844
   1.50546   0.02152
   1.50354   0.03676
   1.50699   0.04630
   1.51112   0.05472
   1.51168   0.05639
   1.51440   0.06499
   1.51668   0.07282
   1.51771   0.07659
   1.52079   0.08267
   1.52255   0.08533
   1.52410   0.08563
   1.52644   0.08608
                    
   2.11792   0.11768
   2.11873   0.11801
   2.12122   0.12487
   2.12271   0.12654
   2.12639   0.12775
   2.13010   0.12887
   2.13181   0.13008
   2.13306   0.13093
   2.13741   0.13197
   2.14180   0.13286
   2.14313   0.13349
   2.14436   0.13370
   2.14897   0.13439
   2.15361   0.13492
   2.15485   0.13503
   2.15630   0.13477
   2.16086   0.13290
   2.16370   0.13162
   2.16667   0.13098
   2.17067   0.12906
   2.17227   0.12824
   2.17332   0.12767
   2.17762   0.12520
   2.17844   0.12470
   2.18202   0.12237
   2.18271   0.12189
   2.18375   0.12116
   2.18753   0.11832
   2.18963   0.11581
   2.19150   0.11201
   2.19338   0.10758
   2.18989   0.10476
   2.18713   0.10229
   2.18419   0.09935
   2.18013   0.09713
   2.17954   0.09677
   2.17940   0.09669
   2.17915   0.09654
   2.17486   0.09367
   2.17221   0.09274
   2.17072   0.09281
   2.16923   0.09287
   2.16667   0.09199
   2.16438   0.09196
   2.16265   0.09190
   2.16092   0.09181
   2.15865   0.09164
   2.15638   0.09141
   2.15466   0.09120
   2.15294   0.09096
   2.15069   0.09059
   2.14747   0.09205
   2.14614   0.09260
   2.14524   0.09295
   2.14140   0.09430
   2.14064   0.09454
   2.13720   0.09551
   2.13650   0.09568
   2.13545   0.09594
   2.13145   0.09675
   2.12872   0.09820
   2.12533   0.09980
   2.12167   0.10131
   2.11878   0.11340
   2.11794   0.11539
   2.11712   0.11734
   2.11792   0.11768
                    
   2.19920  -0.12140
   2.19477  -0.12372
   2.19413  -0.12386
   2.19348  -0.12400
   2.18887  -0.12590
   2.18528  -0.12803
   2.18364  -0.12893
   2.18132  -0.13016
   2.17819  -0.13170
   2.17546  -0.13191
   2.17243  -0.13208
   2.16940  -0.13218
   2.16667  -0.13221
   2.16370  -0.13162
   2.16092  -0.13153
   2.15815  -0.13138
   2.15525  -0.13048
   2.15175  -0.12930
   2.14968  -0.12905
   2.14761  -0.12876
   2.14424  -0.12716
   2.14078  -0.12255
   2.14007  -0.12153
   2.13985  -0.12098
   2.13905  -0.11895
   2.13648  -0.11264
   2.13596  -0.11015
   2.13618  -0.10657
   2.13762  -0.10372
   2.13984  -0.10011
   2.14303  -0.09517
   2.14516  -0.09154
   2.14722  -0.08770
   2.15013  -0.08167
   2.15194  -0.07990
   2.15267  -0.07938
   2.15378  -0.07887
   2.15646  -0.07752
   2.15820  -0.07654
   2.16007  -0.07540
   2.16243  -0.07467
   2.16344  -0.07402
   2.16412  -0.07355
   2.16667  -0.07273
   2.16939  -0.07268
   2.16984  -0.07266
   2.17028  -0.07264
   2.17301  -0.07245
   2.17552  -0.07380
   2.17644  -0.07426
   2.17775  -0.07487
   2.18004  -0.07584
   2.18171  -0.07648
   2.18378  -0.07719
   2.18674  -0.07807
   2.18765  -0.07830
   2.18830  -0.07860
   2.19026  -0.07991
   2.19368  -0.08567
   2.19607  -0.08932
   2.19850  -0.09274
   2.20211  -0.09739
   2.20464  -0.10079
   2.20720  -0.10317
   2.20686  -0.10705
   2.20607  -0.10826
   2.20469  -0.11143
   2.20309  -0.11553
   2.20242  -0.11708
   2.19964  -0.12084
   2.19920  -0.12140
                    
   2.32044   0.13643
   2.31769   0.13668
   2.31623   0.13705
   2.31241   0.13793
   2.30551   0.13885
   2.30306   0.13844
   2.29970   0.13838
   2.29034   0.13497
   2.28807   0.13404
   2.28591   0.13362
   2.27698   0.13146
   2.27370   0.13023
   2.26934   0.12944
   2.26222   0.12218
   2.26085   0.11968
   2.25798   0.11457
   2.25219   0.11145
   2.25002   0.11019
   2.25056   0.10934
   2.25325   0.10483
   2.25416   0.10427
   2.25491   0.10364
   2.25774   0.09939
   2.25980   0.09603
   2.26126   0.09460
   2.26295   0.09379
   2.26577   0.09081
   2.26849   0.08774
   2.27000   0.08671
   2.27121   0.08598
   2.27534   0.08338
   2.27837   0.08132
   2.28070   0.08058
   2.28130   0.08027
   2.28276   0.07988
   2.28944   0.07822
   2.29228   0.07737
   2.29686   0.07517
   2.29951   0.07448
   2.30381   0.07320
   2.30652   0.07280
   2.31589   0.07092
   2.31877   0.07288
   2.32723   0.07933
   2.33095   0.08232
   2.33768   0.08720
   2.33933   0.08988
   2.34258   0.09555
   2.34555   0.10128
   2.34688   0.10405
   2.34629   0.11013
   2.34579   0.11411
   2.34449   0.12209
   2.34408   0.12423
   2.34288   0.12533
   2.33584   0.12981
   2.33188   0.13215
   2.32807   0.13543
   2.32044   0.13643
                    
   2.33399  -0.07802
   2.32817  -0.07739
   2.32135  -0.07642
   2.31417  -0.07443
   2.31200  -0.07566
   2.30710  -0.07820
   2.30462  -0.07965
   2.30143  -0.08237
   2.29941  -0.08456
   2.29772  -0.08633
   2.29366  -0.08892
   2.28904  -0.09301
   2.28861  -0.09357
   2.28818  -0.09413
   2.28400  -0.09709
   2.28310  -0.09770
   2.28198  -0.09949
   2.27961  -0.10308
   2.27957  -0.10345
   2.27947  -0.10426
   2.27634  -0.10968
   2.27551  -0.11443
   2.27776  -0.12124
   2.27801  -0.12207
   2.27857  -0.12212
   2.28526  -0.12250
   2.29130  -0.12463
   2.29463  -0.12530
   2.30021  -0.12622
   2.30802  -0.12988
   2.30833  -0.12981
   2.31527  -0.12809
   2.31869  -0.12756
   2.32348  -0.12466
   2.32640  -0.12257
   2.32836  -0.12110
   2.33415  -0.11727
   2.33870  -0.11049
   2.33900  -0.10979
   2.33937  -0.10891
   2.34349  -0.10209
   2.34395  -0.09544
   2.34373  -0.09217
   2.34296  -0.08463
   2.34274  -0.08210
   2.34221  -0.08096
   2.34145  -0.07936
   2.33924  -0.07885
   2.33399  -0.07802
                    
   1.95200   0.08892
   1.95220   0.08941
   1.95333   0.09948
   1.95924   0.10318
   1.96214   0.10488
   1.96312   0.10596
   1.96458   0.10757
   1.97142   0.11273
   1.97569   0.11333
   1.98146   0.11561
   1.98474   0.11590
   1.99094   0.11625
   1.99794   0.11815
   1.99840   0.11809
   2.00658   0.11682
   2.01411   0.11706
   2.01454   0.11707
   2.02440   0.10947
   2.02484   0.10935
   2.02700   0.10870
   2.03628   0.10148
   2.03583   0.10040
   2.03354   0.09456
   2.03281   0.09373
   2.03216   0.09299
   2.02876   0.08786
   2.02554   0.08260
   2.02497   0.08181
   2.02438   0.08124
   2.02030   0.07619
   2.01959   0.07528
   2.01541   0.07177
   2.01474   0.07085
   2.01243   0.06963
   2.00661   0.06630
   2.00417   0.06476
   1.99877   0.06111
   1.99821   0.06079
   1.99271   0.05747
   1.98937   0.05590
   1.98187   0.05195
   1.97218   0.05986
   1.97047   0.06137
   1.97013   0.06167
   1.96963   0.06213
   1.96027   0.07121
   1.95811   0.07375
   1.95416   0.07735
   1.95202   0.08719
   1.95180   0.08843
   1.95200   0.08892
                    
   1.99301  -0.15335
   1.99615  -0.15481
   1.99701  -0.15546
   1.99816  -0.15632
   2.00614  -0.16053
   2.01130  -0.16044
   2.01900  -0.16115
   2.01938  -0.16117
   2.02708  -0.15714
   2.03288  -0.15608
   2.03632  -0.15534
   2.04253  -0.15214
   2.04738  -0.15039
   2.04934  -0.14516
   2.04843  -0.14090
   2.04503  -0.13522
   2.04442  -0.13341
   2.04412  -0.13251
   2.04090  -0.12750
   2.04024  -0.12642
   2.03497  -0.12092
   2.03485  -0.12079
   2.03473  -0.12066
   2.02971  -0.11492
   2.02908  -0.11464
   2.02343  -0.11196
   2.02183  -0.11114
   2.01896  -0.10961
   2.01409  -0.10684
   2.01120  -0.10570
   2.00573  -0.10462
   2.00011  -0.11051
   1.99585  -0.11436
   1.98945  -0.12031
   1.98656  -0.12342
   1.98598  -0.12523
   1.98523  -0.12704
   1.98532  -0.13252
   1.98539  -0.13910
   1.98547  -0.14104
   1.98622  -0.14530
   1.98729  -0.15052
   1.99301  -0.15335
                    
   1.83824   0.08210
   1.83473   0.08638
   1.83409   0.08783
   1.83270   0.08949
   1.83289   0.09462
   1.83580   0.10432
   1.83898   0.11394
   1.83792   0.11966
   1.84362   0.11953
   1.84511   0.11934
   1.84720   0.11909
   1.85679   0.11721
   1.86429   0.11564
   1.86894   0.11505
   1.87392   0.11312
   1.87966   0.10959
   1.88797   0.10464
   1.89071   0.10361
   1.89299   0.10247
   1.89626   0.09842
   1.89242   0.09462
   1.88998   0.08724
   1.88774   0.07979
   1.88531   0.07539
   1.88323   0.07390
   1.88070   0.07149
   1.86767   0.06629
   1.86702   0.06600
   1.86658   0.06581
   1.86442   0.06483
   1.85304   0.05927
   1.84862   0.07051
   1.84713   0.07470
   1.84442   0.07690
   1.83824   0.08210
                    
   2.51044   0.16030
   2.50901   0.15920
   2.50116   0.15325
   2.49962   0.15234
   2.49759   0.14981
   2.49129   0.14308
   2.48784   0.13954
   2.48274   0.13320
   2.47385   0.13049
   2.47138   0.13004
   2.46779   0.12935
   2.45955   0.12687
   2.45445   0.12963
   2.44914   0.13172
   2.44785   0.13845
   2.44931   0.14714
   2.44945   0.14803
   2.45729   0.15433
   2.45927   0.15538
   2.46124   0.15642
   2.46888   0.16220
   2.47699   0.16154
   2.48089   0.16113
   2.48283   0.16091
   2.48864   0.16015
   2.49653   0.15892
   2.49934   0.15924
   2.50857   0.16014
   2.51044   0.16030
                    
   2.56216   0.21757
   2.56034   0.21656
   2.55870   0.21566
   2.55530   0.21460
   2.55039   0.21413
   2.54325   0.21333
   2.54173   0.21288
   2.54026   0.20963
   2.53631   0.20136
   2.53454   0.19783
   2.53037   0.18997
   2.53004   0.18916
   2.52663   0.18119
   2.52523   0.17642
   2.52170   0.16555
   2.53145   0.16318
   2.53718   0.16162
   2.54479   0.15935
   2.54854   0.15818
   2.55488   0.15607
   2.55852   0.15373
   2.56914   0.14649
   2.57166   0.14575
   2.57267   0.14545
   2.57342   0.14593
   2.57969   0.15001
   2.58078   0.15073
   2.58494   0.15541
   2.58598   0.15612
   2.58661   0.15635
   2.58969   0.15750
                    
   2.06457   0.43969
   2.06478   0.43881
   2.06547   0.43584
   2.06862   0.42953
   2.06915   0.42847
   2.06957   0.42759
   2.07279   0.42093
   2.07344   0.42052
   2.08089   0.41568
   2.08569   0.41307
   2.09476   0.40782
   2.09831   0.40658
   2.10251   0.40528
   2.11361   0.40297
   2.12084   0.40126
   2.13174   0.39916
   2.14706   0.40045
   2.14918   0.40058
   2.15140   0.40071
   2.16667   0.40124
   2.17650   0.40428
   2.18444   0.40699
   2.19246   0.40952
   2.19796   0.41195
   2.20293   0.41445
   2.20858   0.41884
   2.21406   0.42288
   2.21992   0.42797
   2.22252   0.43525
   2.22274   0.43583
   2.22291   0.43631
   2.22477   0.44132
   2.22560   0.44353
   2.22611   0.44735
   2.22612   0.44746
                    
   2.26876  -0.43969
   2.26856  -0.43881
   2.26787  -0.43584
   2.26258  -0.43263
   2.25943  -0.43066
   2.25780  -0.42987
   2.25238  -0.42717
   2.24654  -0.42381
   2.24391  -0.42283
   2.24109  -0.42208
   2.23005  -0.42063
   2.22185  -0.41919
   2.21968  -0.41878
   2.21504  -0.41814
   2.20308  -0.41623
   2.19014  -0.41725
   2.18490  -0.41751
   2.17965  -0.41770
   2.16667  -0.41800
   2.15616  -0.42080
   2.15082  -0.42210
   2.14820  -0.42291
   2.13652  -0.42628
   2.12922  -0.42804
   2.12762  -0.42866
   2.12632  -0.42938
   2.12391  -0.43133
   2.11640  -0.43654
   2.11381  -0.43826
   2.10834  -0.44302
   2.10773  -0.44353
   2.10722  -0.44735
   2.10721  -0.44746
                    
   1.74365  -0.15750
   1.74673  -0.15635
   1.74735  -0.15612
   1.76012  -0.16840
   1.76069  -0.16891
   1.76115  -0.16926
   1.76409  -0.17147
   1.77428  -0.17897
   1.77596  -0.17979
   1.77939  -0.18059
   1.77888  -0.18451
   1.77814  -0.18718
   1.77727  -0.20271
   1.77725  -0.20320
   1.77717  -0.20344
   1.77698  -0.20399
   1.77464  -0.21566
   1.77299  -0.21656
   1.77117  -0.21757
                    
  -0.30185  -0.88313
  -0.30129  -0.88376
  -0.29920  -0.88607
  -0.29505  -0.89086
  -0.29394  -0.89211
  -0.29282  -0.89335
  -0.28857  -0.89825
  -0.28228  -0.90211
  -0.27920  -0.90374
  -0.27445  -0.90631
  -0.26956  -0.90938
  -0.26593  -0.91079
  -0.25740  -0.91307
  -0.25621  -0.91341
  -0.24864  -0.91731
  -0.24635  -0.91820
  -0.23951  -0.91994
  -0.23341  -0.92200
  -0.23101  -0.92286
  -0.22632  -0.92380
  -0.21915  -0.92543
  -0.21271  -0.92662
  -0.20424  -0.92706
  -0.20251  -0.92747
  -0.19417  -0.92959
  -0.18587  -0.93049
  -0.18340  -0.93088
  -0.17559  -0.93228
  -0.16706  -0.93266
  -0.16510  -0.93278
  -0.15674  -0.93430
  -0.14787  -0.93469
  -0.14581  -0.93482
  -0.13795  -0.93638
  -0.13151  -0.93673
  -0.12364  -0.93751
  -0.11903  -0.93809
  -0.11627  -0.93806
  -0.10924  -0.93811
  -0.10191  -0.93875
  -0.09941  -0.93885
  -0.09156  -0.93857
  -0.08823  -0.93891
  -0.07988  -0.93997
  -0.07463  -0.94023
  -0.06539  -0.94024
  -0.06170  -0.94043
  -0.05966  -0.94056
  -0.05119  -0.94088
  -0.04897  -0.94100
  -0.03833  -0.94056
  -0.03663  -0.94054
  -0.03447  -0.94052
  -0.02433  -0.94064
  -0.01539  -0.93994
  -0.01217  -0.93992
  -0.00868  -0.93994
  -0.00000  -0.93974
   0.01004  -0.93863
   0.01223  -0.93860
   0.01422  -0.93860
   0.02458  -0.93775
   0.02674  -0.93747
   0.03529  -0.93655
   0.03721  -0.93610
   0.04148  -0.93515
   0.05018  -0.93419
   0.05481  -0.93342
   0.06279  -0.93075
   0.06387  -0.93065
   0.07380  -0.92989
   0.07760  -0.92915
   0.08913  -0.92729
   0.09196  -0.92708
   0.09311  -0.92701
   0.09492  -0.92657
   0.10730  -0.92394
   0.11164  -0.92324
   0.11642  -0.92156
   0.12330  -0.92107
   0.13089  -0.92075
   0.13974  -0.91908
   0.14097  -0.91894
   0.14998  -0.91812
   0.15747  -0.91625
   0.16042  -0.91558
   0.16872  -0.91490
   0.17658  -0.91290
   0.17919  -0.91257
   0.18749  -0.91169
   0.19591  -0.90942
   0.19738  -0.90893
   0.20539  -0.90642
   0.20921  -0.90447
   0.21794  -0.90027
   0.22103  -0.89912
   0.22207  -0.89837
   0.22780  -0.89341
   0.22999  -0.89195
   0.23737  -0.88715
   0.23946  -0.88554
   0.24077  -0.88306
   0.24423  -0.87591
   0.24827  -0.86731
   0.24871  -0.86642
   0.24880  -0.86577
   0.24879  -0.86343
   0.24988  -0.85729
   0.25088  -0.85097
   0.25098  -0.84834
   0.25176  -0.84718
   0.25320  -0.84506
                    
   0.30185  -1.55437
   0.30129  -1.55374
   0.29920  -1.55143
   0.29401  -1.54881
   0.29150  -1.54757
   0.28794  -1.54579
   0.28373  -1.54355
   0.27986  -1.54219
   0.27239  -1.53967
   0.26794  -1.53807
   0.26303  -1.53515
   0.26199  -1.53455
   0.25999  -1.53368
   0.25151  -1.52929
   0.24655  -1.52660
   0.24061  -1.52391
   0.23058  -1.51925
   0.22966  -1.51880
   0.22930  -1.51869
   0.22827  -1.51836
   0.21698  -1.51368
   0.21251  -1.51147
   0.20392  -1.50905
   0.20309  -1.50880
   0.19501  -1.50534
   0.18978  -1.50445
   0.18069  -1.50237
   0.17693  -1.50140
   0.17294  -1.50133
   0.16288  -1.50087
   0.15771  -1.50057
   0.14752  -1.50213
   0.14665  -1.50225
   0.13730  -1.50264
   0.13278  -1.50349
   0.12492  -1.50508
   0.11885  -1.50568
   0.11596  -1.50591
   0.10525  -1.50793
   0.10204  -1.50852
   0.09343  -1.50993
   0.09192  -1.51027
   0.09009  -1.51067
   0.07864  -1.51226
   0.07036  -1.51301
   0.06536  -1.51358
   0.05899  -1.51418
   0.05214  -1.51444
   0.04713  -1.51456
   0.03896  -1.51471
   0.02836  -1.51457
   0.02587  -1.51444
   0.02395  -1.51441
   0.01289  -1.51398
   0.00553  -1.51346
   0.00081  -1.51276
   0.00000  -1.51264
  -0.00097  -1.51260
  -0.01280  -1.51201
  -0.02394  -1.51101
  -0.02555  -1.51080
  -0.02705  -1.51087
  -0.03470  -1.51146
  -0.03853  -1.51145
  -0.04969  -1.51112
  -0.05156  -1.51114
  -0.05507  -1.51166
  -0.06510  -1.51238
  -0.07062  -1.51262
  -0.07902  -1.51364
  -0.08333  -1.51445
  -0.09012  -1.51555
  -0.09391  -1.51660
  -0.10653  -1.51963
  -0.10848  -1.51993
  -0.10975  -1.52029
  -0.11971  -1.52255
  -0.12630  -1.52365
  -0.12732  -1.52381
  -0.12837  -1.52417
  -0.14468  -1.52902
  -0.14523  -1.52908
  -0.14578  -1.52922
  -0.15086  -1.53096
  -0.16224  -1.53424
  -0.16328  -1.53451
  -0.16468  -1.53509
  -0.17635  -1.53963
  -0.18024  -1.54198
  -0.18668  -1.54691
  -0.19152  -1.55047
  -0.19574  -1.55247
  -0.19733  -1.55353
  -0.19957  -1.55556
  -0.20658  -1.56083
  -0.21071  -1.56383
  -0.21537  -1.56802
  -0.22335  -1.57389
  -0.22469  -1.57470
  -0.22543  -1.57514
  -0.22861  -1.57760
  -0.23354  -1.58131
  -0.23992  -1.58372
  -0.24255  -1.58517
  -0.24668  -1.58740
  -0.25098  -1.58916
  -0.25176  -1.59032
  -0.25320  -1.59244
                    
   0.65593  -1.07357
   0.65782  -1.07421
   0.65967  -1.07484
   0.66352  -1.07769
   0.66679  -1.07879
   0.67009  -1.07990
   0.67391  -1.08322
   0.68120  -1.08890
   0.68277  -1.08941
   0.68434  -1.08992
   0.68824  -1.09418
   0.69134  -1.09746
   0.70030  -1.10023
   0.70153  -1.10077
   0.70295  -1.10140
   0.71199  -1.10419
   0.71473  -1.10253
   0.72138  -1.09869
   0.72563  -1.09795
   0.73487  -1.09656
   0.73850  -1.09566
   0.73968  -1.09505
   0.74200  -1.09451
   0.75141  -1.09353
   0.75834  -1.09299
   0.76392  -1.09378
   0.77187  -1.09493
   0.77586  -1.09539
   0.77843  -1.09571
   0.78805  -1.09757
   0.79538  -1.09948
   0.79927  -1.10052
   0.79974  -1.10062
   0.80040  -1.10077
   0.81188  -1.10386
   0.82069  -1.10671
   0.82376  -1.10716
   0.82911  -1.10799
   0.83633  -1.11024
   0.84140  -1.11113
   0.84967  -1.11090
   0.85203  -1.11089
   0.85987  -1.11123
   0.86415  -1.11088
   0.87325  -1.10939
   0.87658  -1.10896
   0.87964  -1.10838
   0.88958  -1.10688
   0.89288  -1.10661
   0.89607  -1.10649
   0.90641  -1.10604
   0.90900  -1.10603
   0.91137  -1.10611
   0.92396  -1.10716
   0.92554  -1.10740
   0.92678  -1.10766
   0.93669  -1.10923
   0.94096  -1.11012
   0.94146  -1.11023
   0.94207  -1.11035
   0.95571  -1.11383
   0.95739  -1.11423
   0.95898  -1.11441
   0.97096  -1.11596
   0.97110  -1.11599
   0.97119  -1.11599
   0.97157  -1.11601
   0.98200  -1.11742
   0.98425  -1.11764
   0.98925  -1.11757
   0.99056  -1.11750
   0.99573  -1.11743
   0.99798  -1.11702
   1.00110  -1.11606
   1.00417  -1.11559
   1.00603  -1.11535
   1.01013  -1.11421
   1.01453  -1.11205
   1.01520  -1.11180
   1.01576  -1.11158
   1.02031  -1.10959
   1.02485  -1.10710
   1.02514  -1.10697
   1.02542  -1.10684
   1.03008  -1.10455
   1.03447  -1.10209
   1.03491  -1.10184
   1.03539  -1.10157
   1.03987  -1.09933
   1.04400  -1.09730
   1.04491  -1.09688
   1.04593  -1.09642
   1.05008  -1.09464
   1.05388  -1.09317
   1.05537  -1.09263
   1.05704  -1.09206
   1.06078  -1.09085
   1.06437  -1.09016
   1.06637  -1.08988
   1.06836  -1.08963
   1.07200  -1.08915
   1.07571  -1.08910
   1.07767  -1.08912
   1.07954  -1.08916
   1.08333  -1.08933
   1.08747  -1.09002
   1.08894  -1.09042
   1.09014  -1.09076
   1.09445  -1.09169
   1.09924  -1.09291
   1.09987  -1.09313
   1.10039  -1.09333
   1.10520  -1.09476
   1.10971  -1.09630
   1.11038  -1.09655
   1.11042  -1.09656
   1.11046  -1.09658
   1.11553  -1.09858
   1.12015  -1.10033
   1.12062  -1.10051
   1.12110  -1.10069
   1.12559  -1.10265
   1.13029  -1.10404
   1.13078  -1.10421
   1.13125  -1.10437
   1.13591  -1.10599
   1.14026  -1.10718
   1.14119  -1.10745
   1.14126  -1.10747
   1.14135  -1.10749
   1.14661  -1.10914
   1.15117  -1.11003
   1.15253  -1.11014
   1.15467  -1.11035
   1.15861  -1.11124
   1.16147  -1.11163
   1.16570  -1.11141
   1.17030  -1.11139
   1.17286  -1.11063
   1.17484  -1.10970
   1.18502  -1.10537
   1.18671  -1.10476
   1.18889  -1.10355
   1.19742  -1.09925
   1.20221  -1.09524
   1.20780  -1.08998
   1.21417  -1.08406
   1.21743  -1.08139
   1.21988  -1.07967
   1.22771  -1.07437
   1.22892  -1.07362
   1.23709  -1.06872
   1.24029  -1.06698
   1.25043  -1.06564
   1.25359  -1.06535
   1.25699  -1.06540
   1.26557  -1.06584
   1.26958  -1.06681
   1.27620  -1.06882
   1.27787  -1.06948
   1.28513  -1.07255
   1.28943  -1.07444
   1.30005  -1.08042
   1.30025  -1.08056
   1.30034  -1.08062
   1.30053  -1.08072
   1.31172  -1.08689
   1.31537  -1.08919
   1.32155  -1.09212
   1.32746  -1.09166
   1.33294  -1.09136
   1.33515  -1.09061
   1.33810  -1.08961
   1.34755  -1.08808
   1.35512  -1.07954
   1.35634  -1.07787
   1.35679  -1.07725
   1.35849  -1.07551
   1.36500  -1.06861
   1.36966  -1.06272
   1.37335  -1.05860
   1.37985  -1.05102
   1.38137  -1.04900
   1.38277  -1.04821
   1.39160  -1.04318
   1.40018  -1.03829
   1.40150  -1.03754
   1.40467  -1.03762
   1.41480  -1.03801
   1.41888  -1.03826
   1.42800  -1.03924
   1.42811  -1.03927
   1.43714  -1.04159
   1.44225  -1.04305
   1.45289  -1.04642
   1.45501  -1.04742
   1.45643  -1.04796
   1.45877  -1.04777
   1.46807  -1.04798
   1.47328  -1.04819
   1.47923  -1.04769
   1.48212  -1.04368
   1.48486  -1.04023
   1.48907  -1.03479
   1.49036  -1.03294
   1.49103  -1.03263
   1.49396  -1.03129
                    
   0.67271  -1.40621
   0.67564  -1.40487
   0.67631  -1.40456
   0.67769  -1.40499
   0.68135  -1.40620
   0.68670  -1.40791
   0.69278  -1.40972
   0.69727  -1.41097
   0.70639  -1.41078
   0.70870  -1.41066
   0.71007  -1.41058
   0.71522  -1.41038
   0.72035  -1.41010
   0.72875  -1.40490
   0.72949  -1.40446
   0.73019  -1.40405
   0.73890  -1.39870
   0.74144  -1.39673
   0.74713  -1.39237
   0.74781  -1.39186
   0.74868  -1.39121
   0.75708  -1.38496
   0.76675  -1.38163
   0.76795  -1.38119
   0.76895  -1.38081
   0.77862  -1.37737
   0.77913  -1.37719
   0.78827  -1.37779
   0.79302  -1.37837
   0.80505  -1.37942
   0.80668  -1.37948
   0.80760  -1.37953
   0.81416  -1.38082
   0.82321  -1.38220
   0.82449  -1.38237
   0.82606  -1.38265
   0.83965  -1.38459
   0.84234  -1.38465
   0.84585  -1.38504
   0.85503  -1.38521
   0.86003  -1.38514
   0.86688  -1.38484
   0.87054  -1.38458
   0.87798  -1.38212
   0.88322  -1.38057
   0.89528  -1.37654
   0.89610  -1.37624
   0.89647  -1.37610
   0.89711  -1.37579
   0.90780  -1.36995
   0.91431  -1.36619
   0.91970  -1.36330
   0.92987  -1.35937
   0.93153  -1.35867
   0.93246  -1.35838
   0.93736  -1.35672
   0.94624  -1.35311
   0.94794  -1.35279
   0.94938  -1.35270
   0.95779  -1.35211
   0.96163  -1.35157
   0.96220  -1.35148
   0.96308  -1.35146
   0.97254  -1.35079
   0.97594  -1.35076
   0.98163  -1.35129
   0.98493  -1.35147
   0.98877  -1.35189
   0.98993  -1.35214
   0.99164  -1.35262
   0.99739  -1.35366
   1.00093  -1.35417
   1.00467  -1.35499
   1.00961  -1.35625
   1.01158  -1.35659
   1.01298  -1.35681
   1.01842  -1.35795
   1.02459  -1.35926
   1.02505  -1.35934
   1.02509  -1.35935
   1.02515  -1.35937
   1.03176  -1.36046
   1.03713  -1.36112
   1.03840  -1.36127
   1.03992  -1.36145
   1.04500  -1.36180
   1.04911  -1.36176
   1.05163  -1.36173
   1.05477  -1.36164
   1.05818  -1.36139
   1.06081  -1.36095
   1.06468  -1.36040
   1.06963  -1.35953
   1.07105  -1.35918
   1.07210  -1.35892
   1.07727  -1.35774
   1.08048  -1.35689
   1.08297  -1.35617
   1.08333  -1.35608
   1.08379  -1.35597
   1.08925  -1.35423
   1.09328  -1.35277
   1.09501  -1.35219
   1.09710  -1.35162
   1.10067  -1.35047
   1.10362  -1.34943
   1.10622  -1.34852
   1.10916  -1.34765
   1.11173  -1.34684
   1.11406  -1.34604
   1.11714  -1.34492
   1.12042  -1.34390
   1.12262  -1.34335
   1.12491  -1.34274
   1.12803  -1.34155
   1.13117  -1.34074
   1.13369  -1.34033
   1.13678  -1.33976
   1.13937  -1.33893
   1.14170  -1.33834
   1.14537  -1.33792
   1.15055  -1.33713
   1.15151  -1.33683
   1.15228  -1.33663
   1.15555  -1.33654
   1.15837  -1.33653
   1.16351  -1.33631
   1.16591  -1.33668
   1.17197  -1.33747
   1.17437  -1.33740
   1.17558  -1.33734
   1.17816  -1.33792
   1.18428  -1.33905
   1.18839  -1.33953
   1.19419  -1.34126
   1.19619  -1.34191
   1.20263  -1.34376
   1.20927  -1.34608
   1.21132  -1.34673
   1.21764  -1.34796
   1.22374  -1.34965
   1.22641  -1.34986
   1.23294  -1.35016
   1.23992  -1.35014
   1.24173  -1.34978
   1.24783  -1.34839
   1.25127  -1.34761
   1.26165  -1.34473
   1.26235  -1.34443
   1.26265  -1.34431
   1.26332  -1.34398
   1.27220  -1.33907
   1.27622  -1.33663
   1.28187  -1.33337
   1.28583  -1.33131
   1.29023  -1.32886
   1.29270  -1.32774
   1.30327  -1.32240
   1.30431  -1.32179
   1.30458  -1.32164
   1.30496  -1.32151
   1.30939  -1.32081
   1.32063  -1.31835
   1.32153  -1.31812
   1.32290  -1.31798
   1.33484  -1.31637
   1.34007  -1.31738
   1.34741  -1.31923
   1.35655  -1.32144
   1.35944  -1.32196
   1.36201  -1.32335
   1.37053  -1.32784
   1.37703  -1.33137
   1.38108  -1.33374
   1.38656  -1.33678
   1.39185  -1.33947
   1.39625  -1.34174
   1.40213  -1.34528
   1.40887  -1.34635
   1.41393  -1.34742
   1.42036  -1.34873
   1.42535  -1.34946
   1.42879  -1.34904
   1.43748  -1.34959
   1.44362  -1.34988
   1.44802  -1.34956
   1.44922  -1.34969
   1.45065  -1.35005
   1.46073  -1.35015
   1.46710  -1.35009
   1.47168  -1.35126
   1.47625  -1.35296
   1.48186  -1.35426
   1.48679  -1.35539
   1.49177  -1.35721
   1.49582  -1.35844
   1.49945  -1.35995
   1.50326  -1.36154
   1.50699  -1.36266
   1.50885  -1.36329
   1.51074  -1.36393
                    
   2.57284  -1.02183
   2.57051  -1.02295
   2.56928  -1.02355
   2.56764  -1.02551
   2.56360  -1.03023
   2.55843  -1.03607
   2.55785  -1.03677
   2.55773  -1.03691
   2.55750  -1.03700
   2.55361  -1.03832
   2.54793  -1.04036
   2.53872  -1.04372
   2.53794  -1.04402
   2.53671  -1.04409
   2.52648  -1.04489
   2.52004  -1.04553
   2.51477  -1.04601
   2.50534  -1.04649
   2.50272  -1.04667
   2.50126  -1.04678
   2.49622  -1.04719
   2.49044  -1.04776
   2.48204  -1.05042
   2.47936  -1.05118
   2.47561  -1.05227
   2.46794  -1.05481
   2.46190  -1.05882
   2.45797  -1.06095
   2.45399  -1.06311
   2.44765  -1.06734
   2.44025  -1.07264
   2.43766  -1.07402
   2.43504  -1.07542
   2.42734  -1.08115
   2.41880  -1.08336
   2.41484  -1.08369
   2.40454  -1.08481
   2.40128  -1.08557
   2.39994  -1.08514
   2.39894  -1.08465
   2.39310  -1.08220
   2.38538  -1.07941
   2.38413  -1.07900
   2.38228  -1.07825
   2.37248  -1.07464
   2.36816  -1.07371
   2.36245  -1.07265
   2.35835  -1.07166
   2.35220  -1.07038
   2.34458  -1.06946
   2.34382  -1.06945
   2.33608  -1.06954
   2.32853  -1.07043
   2.32708  -1.07064
   2.31980  -1.07232
   2.31298  -1.07435
   2.31013  -1.07529
   2.30361  -1.07790
   2.29916  -1.07985
   2.28942  -1.08479
   2.28789  -1.08563
   2.28696  -1.08607
   2.28183  -1.08865
   2.27398  -1.09312
   2.27254  -1.09401
   2.27070  -1.09477
   2.26068  -1.09894
   2.25901  -1.09973
   2.25771  -1.10010
   2.25158  -1.10210
   2.24698  -1.10404
   2.24620  -1.10431
   2.24449  -1.10459
   2.23884  -1.10546
   2.23505  -1.10624
   2.23163  -1.10623
   2.22690  -1.10565
   2.22554  -1.10566
   2.22468  -1.10568
   2.21963  -1.10517
   2.21921  -1.10505
   2.21459  -1.10380
   2.21432  -1.10371
   2.21403  -1.10362
   2.20899  -1.10246
   2.20443  -1.10071
   2.20395  -1.10052
   2.20348  -1.10034
   2.19881  -1.09880
   2.19380  -1.09661
   2.19375  -1.09659
   2.19370  -1.09657
   2.19304  -1.09630
   2.18856  -1.09458
   2.18408  -1.09271
   2.18330  -1.09238
   2.18232  -1.09196
   2.17790  -1.09038
   2.17418  -1.08933
   2.17234  -1.08885
   2.17013  -1.08832
   2.16667  -1.08758
   2.16370  -1.08712
   2.16090  -1.08666
   2.15752  -1.08618
   2.15505  -1.08597
   2.15285  -1.08603
   2.14922  -1.08622
   2.14536  -1.08652
   2.14339  -1.08673
   2.14150  -1.08707
   2.13765  -1.08787
   2.13383  -1.08877
   2.13197  -1.08926
   2.13011  -1.08984
   2.12645  -1.09120
   2.12305  -1.09257
   2.12103  -1.09336
   2.11897  -1.09413
   2.11560  -1.09547
   2.11227  -1.09690
   2.11027  -1.09782
   2.10829  -1.09876
   2.10494  -1.10018
   2.10142  -1.10178
   2.09970  -1.10276
   2.09796  -1.10349
   2.09412  -1.10488
   2.08949  -1.10674
   2.08857  -1.10721
   2.08774  -1.10750
   2.08348  -1.10843
   2.08224  -1.10872
   2.07699  -1.11012
   2.07568  -1.11031
   2.07292  -1.11042
   2.06829  -1.11139
   2.06555  -1.11207
   2.06011  -1.11220
   2.05791  -1.11214
   2.05301  -1.11216
   2.05001  -1.11185
   2.04108  -1.11139
   2.03952  -1.11119
   2.03806  -1.11084
   2.02579  -1.10817
   2.02384  -1.10785
   2.02144  -1.10732
   2.01165  -1.10553
   2.00775  -1.10479
   2.00295  -1.10411
   1.99644  -1.10350
   1.99121  -1.10320
   1.98505  -1.10305
   1.98150  -1.10307
   1.97473  -1.10318
   1.96781  -1.10394
   1.96519  -1.10438
   1.95853  -1.10569
   1.95232  -1.10717
   1.94888  -1.10809
   1.94230  -1.10926
   1.93412  -1.11031
   1.93321  -1.11045
   1.92506  -1.11190
   1.91876  -1.11233
   1.90702  -1.11120
   1.90583  -1.11111
   1.90547  -1.11101
   1.90500  -1.11088
   1.89303  -1.10917
   1.88520  -1.10743
   1.88087  -1.10605
   1.87603  -1.10453
   1.86921  -1.10301
   1.86389  -1.10201
   1.85713  -1.10067
   1.84824  -1.09902
   1.84542  -1.09857
   1.84324  -1.09805
   1.83364  -1.09648
   1.82864  -1.09572
   1.82306  -1.09519
   1.82198  -1.09523
   1.82044  -1.09499
   1.81074  -1.09282
   1.80273  -1.09109
   1.79972  -1.09081
   1.79723  -1.08907
   1.79016  -1.08481
   1.78124  -1.07927
   1.78087  -1.07900
   1.78063  -1.07878
   1.77826  -1.07738
   1.77152  -1.07370
   1.76362  -1.06931
   1.76231  -1.06878
   1.76125  -1.06863
   1.75444  -1.06656
   1.74738  -1.06444
   1.74672  -1.06434
   1.74644  -1.06424
   1.74301  -1.06298
                    
   2.59032  -1.37452
   2.58689  -1.37326
   2.58661  -1.37316
   2.58619  -1.37280
   2.58374  -1.37055
   2.58029  -1.36712
   2.57548  -1.36247
   2.57383  -1.36091
   2.57047  -1.35729
   2.56563  -1.35297
   2.56259  -1.35033
   2.55728  -1.34443
   2.54858  -1.33917
   2.54794  -1.33879
   2.54785  -1.33871
   2.54770  -1.33857
   2.53830  -1.33234
   2.52802  -1.33268
   2.52687  -1.33271
   2.52659  -1.33276
   2.52598  -1.33288
   2.51428  -1.33378
   2.50848  -1.33609
   2.50053  -1.33871
   2.49820  -1.33942
   2.49067  -1.34128
   2.48668  -1.34217
   2.47914  -1.34200
   2.47413  -1.34213
   2.47169  -1.34217
   2.46185  -1.34102
   2.46152  -1.34098
   2.45065  -1.33676
   2.45037  -1.33662
   2.45010  -1.33650
   2.43879  -1.33204
   2.42821  -1.32808
   2.42731  -1.32782
   2.42618  -1.32749
   2.41532  -1.32342
   2.40680  -1.32226
   2.40219  -1.32248
   2.38934  -1.32259
   2.38834  -1.32254
   2.38778  -1.32261
   2.37503  -1.32722
   2.37310  -1.32782
   2.37031  -1.32921
   2.36345  -1.33236
   2.35856  -1.33420
   2.35249  -1.33713
   2.34915  -1.33862
   2.34441  -1.34061
   2.34228  -1.34172
   2.33656  -1.34413
   2.33209  -1.34569
   2.33050  -1.34621
   2.32680  -1.34765
   2.32223  -1.34928
   2.31638  -1.35052
   2.31151  -1.35147
   2.30430  -1.35256
   2.30198  -1.35242
   2.30036  -1.35244
   2.28942  -1.35132
   2.28792  -1.35108
   2.28771  -1.35104
   2.28741  -1.35101
   2.27635  -1.34947
   2.27366  -1.34881
   2.26967  -1.34793
   2.26487  -1.34673
   2.26040  -1.34542
   2.25468  -1.34445
   2.25311  -1.34413
   2.24795  -1.34291
   2.24564  -1.34272
   2.24079  -1.34215
   2.23744  -1.34134
   2.23609  -1.34107
   2.23156  -1.34073
   2.23015  -1.34069
   2.22507  -1.34041
   2.22347  -1.34057
   2.22152  -1.34100
   2.21744  -1.34132
   2.21447  -1.34146
   2.21152  -1.34197
   2.20823  -1.34273
   2.20584  -1.34298
   2.20385  -1.34315
   2.20017  -1.34379
   2.19648  -1.34483
   2.19471  -1.34523
   2.19293  -1.34562
   2.18918  -1.34643
   2.18565  -1.34737
   2.18366  -1.34786
   2.18149  -1.34835
   2.17807  -1.34904
   2.17505  -1.34988
   2.17242  -1.35054
   2.16926  -1.35125
   2.16667  -1.35178
   2.16451  -1.35227
   2.16080  -1.35323
   2.15585  -1.35431
   2.15479  -1.35447
   2.15395  -1.35461
   2.14877  -1.35575
   2.14863  -1.35579
   2.14316  -1.35700
   2.14225  -1.35723
   2.14091  -1.35755
   2.13570  -1.35844
   2.13192  -1.35894
   2.12898  -1.35942
   2.12465  -1.35988
   2.12215  -1.35992
   2.12031  -1.35993
   2.11517  -1.36024
   2.11057  -1.36034
   2.10845  -1.36033
   2.10801  -1.36036
   2.10729  -1.36040
   2.10067  -1.36028
   2.09635  -1.35980
   2.09332  -1.35965
   2.08836  -1.35926
   2.08579  -1.35883
   2.08409  -1.35848
   2.07808  -1.35780
   2.07725  -1.35769
   2.07148  -1.35717
   2.06980  -1.35708
   2.06591  -1.35716
   2.06076  -1.35677
   2.05825  -1.35650
   2.05218  -1.35647
   2.05114  -1.35643
   2.04463  -1.35616
   2.04048  -1.35645
   2.03313  -1.35665
   2.03033  -1.35693
   2.02811  -1.35731
   2.01660  -1.35924
   2.01468  -1.35947
   2.01261  -1.35992
   2.00174  -1.36182
   1.99852  -1.36249
   1.99411  -1.36354
   1.98709  -1.36513
   1.98133  -1.36623
   1.97320  -1.36791
   1.97201  -1.36811
   1.96379  -1.36934
   1.95868  -1.37031
   1.94786  -1.37196
   1.94593  -1.37220
   1.94491  -1.37239
   1.94155  -1.37294
   1.93064  -1.37407
   1.92755  -1.37430
   1.92107  -1.37521
   1.91716  -1.37569
   1.90890  -1.37681
   1.90390  -1.37791
   1.89437  -1.37978
   1.89131  -1.38017
   1.88982  -1.38050
   1.88344  -1.38227
   1.87914  -1.38334
   1.87032  -1.38537
   1.86734  -1.38621
   1.86341  -1.38772
   1.85621  -1.39041
   1.85057  -1.39247
   1.84536  -1.39433
   1.83966  -1.39715
   1.83513  -1.39938
   1.83091  -1.40145
   1.82519  -1.40425
   1.81840  -1.40684
   1.81480  -1.40819
   1.81180  -1.40930
   1.80465  -1.41191
   1.79433  -1.41378
   1.79369  -1.41387
   1.79327  -1.41394
   1.79094  -1.41434
   1.78296  -1.41564
   1.77641  -1.41497
   1.77340  -1.41480
   1.76848  -1.41447
   1.76406  -1.41395
   1.76282  -1.41455
   1.76050  -1.41567
                    
   3.94926  -0.98160
   3.95034  -0.98226
   3.95263  -0.98368
   3.95760  -0.98625
   3.96001  -0.98697
   3.96193  -0.98754
   3.96741  -0.99051
   3.97645  -0.99358
   3.97753  -0.99384
   3.97826  -0.99401
   3.98423  -0.99634
   3.98763  -0.99770
   3.99636  -1.00053
   3.99820  -1.00107
   4.00091  -1.00188
   4.00903  -1.00464
   4.01478  -1.00643
   4.02055  -1.00731
   4.03174  -1.00932
   4.03278  -1.00963
   4.03341  -1.00976
   4.03492  -1.00980
   4.04861  -1.00712
   4.05186  -1.00660
   4.05553  -1.00559
   4.06683  -1.00284
   4.07046  -1.00189
   4.07369  -1.00089
   4.08809  -0.99601
   4.08903  -0.99572
   4.08975  -0.99555
   4.09720  -0.99392
   4.10672  -0.99214
   4.10770  -0.99201
   4.10868  -0.99202
   4.11529  -0.99253
   4.12452  -0.99342
   4.12567  -0.99355
   4.12738  -0.99399
   4.13883  -0.99727
   4.14323  -0.99876
   4.15157  -1.00242
   4.15197  -1.00261
   4.16015  -1.00723
   4.16330  -1.00929
   4.17345  -1.01398
   4.17581  -1.01524
   4.17660  -1.01567
   4.17795  -1.01626
   4.18915  -1.02155
   4.19285  -1.02253
   4.19656  -1.02342
   4.20588  -1.02529
   4.20863  -1.02594
   4.21070  -1.02625
   4.22097  -1.02820
   4.22372  -1.02890
   4.22423  -1.02893
   4.22556  -1.02887
   4.23381  -1.02757
   4.23985  -1.02686
   4.24362  -1.02636
   4.24846  -1.02497
   4.25261  -1.02388
   4.25599  -1.02306
   4.26165  -1.02181
   4.26787  -1.01991
   4.27039  -1.01910
   4.27291  -1.01833
   4.27922  -1.01679
   4.28569  -1.01517
   4.28804  -1.01443
   4.29069  -1.01362
   4.29695  -1.01242
   4.30325  -1.01141
   4.30595  -1.01077
   4.30906  -1.01009
   4.31502  -1.00948
   4.32150  -1.00966
   4.32420  -1.00953
   4.32690  -1.00943
   4.33333  -1.01009
   4.34159  -1.01224
   4.34234  -1.01237
   4.34297  -1.01248
   4.34607  -1.01358
   4.35112  -1.01549
   4.35774  -1.01772
   4.35973  -1.01827
   4.36212  -1.01896
   4.36816  -1.02126
   4.37266  -1.02314
   4.37640  -1.02448
   4.38080  -1.02616
   4.38447  -1.02792
   4.38910  -1.02771
   4.39366  -1.02743
   4.39646  -1.02731
   4.40289  -1.02764
   4.40666  -1.02671
   4.41131  -1.02569
   4.41348  -1.02527
   4.41940  -1.02427
   4.42432  -1.02362
   4.42604  -1.02289
   4.42808  -1.02204
   4.43985  -1.01414
   4.44041  -1.01380
   4.44087  -1.01354
   4.44690  -1.01041
   4.45470  -1.00674
   4.45535  -1.00635
   4.45618  -1.00597
   4.46713  -0.99891
   4.47077  -0.99677
   4.47662  -0.99383
   4.47993  -0.99227
   4.48668  -0.98834
   4.49300  -0.98564
   4.49792  -0.98370
   4.50326  -0.98152
   4.50656  -0.98026
   4.51327  -0.97573
   4.51750  -0.97286
   4.51967  -0.97141
   4.52579  -0.96793
   4.52870  -0.96635
   4.53593  -0.96003
   4.53802  -0.95825
   4.54093  -0.95578
   4.54720  -0.95060
   4.55193  -0.94745
   4.55755  -0.94383
   4.56687  -0.93811
   4.56783  -0.93754
   4.56847  -0.93739
   4.56958  -0.93720
   4.58334  -0.93584
   4.58722  -0.93558
   4.59342  -0.93492
   4.59832  -0.93449
   4.60594  -0.93420
   4.61383  -0.93412
   4.61792  -0.93416
   4.62487  -0.93422
   4.62887  -0.93409
   4.63738  -0.93242
   4.64134  -0.93185
   4.64304  -0.93161
   4.64767  -0.93072
   4.65340  -0.92970
   4.65771  -0.92300
   4.65790  -0.92252
   4.65802  -0.92221
   4.65991  -0.91950
   4.66252  -0.91571
   4.66528  -0.91317
   4.66543  -0.91303
                    
   4.00124  -1.52447
   4.00139  -1.52433
   4.00415  -1.52179
   4.01122  -1.52072
   4.01358  -1.52017
   4.01746  -1.51922
   4.02283  -1.51805
   4.02643  -1.51686
   4.03336  -1.51404
   4.04159  -1.51049
   4.04342  -1.50985
   4.04395  -1.50966
   4.04444  -1.50922
   4.05153  -1.50209
   4.05880  -1.49478
   4.05932  -1.49431
   4.05987  -1.49382
   4.06715  -1.48650
   4.07464  -1.47897
   4.07522  -1.47845
   4.07645  -1.47800
   4.08633  -1.47340
   4.09202  -1.47059
   4.09815  -1.46841
   4.10396  -1.46907
   4.11054  -1.46964
   4.11787  -1.47042
   4.12188  -1.47075
   4.12960  -1.47181
   4.13845  -1.47272
   4.14019  -1.47286
   4.14887  -1.47472
   4.15350  -1.47558
   4.16682  -1.47692
   4.16804  -1.47701
   4.16877  -1.47706
   4.17171  -1.47723
   4.18391  -1.47755
   4.18691  -1.47739
   4.19138  -1.47708
   4.19944  -1.47596
   4.20472  -1.47506
   4.21152  -1.47369
   4.21480  -1.47294
   4.22191  -1.47112
   4.22977  -1.46878
   4.23101  -1.46837
   4.23781  -1.46454
   4.24514  -1.46052
   4.24539  -1.46037
   4.25271  -1.45642
   4.25970  -1.45168
   4.25997  -1.45143
   4.26601  -1.44564
   4.26995  -1.44159
   4.27516  -1.43584
   4.27820  -1.43335
   4.28120  -1.43077
   4.28682  -1.42856
   4.29181  -1.42639
   4.29726  -1.42336
   4.30171  -1.42187
   4.30548  -1.42050
   4.30684  -1.41999
   4.30972  -1.41883
   4.31607  -1.41606
   4.31924  -1.41519
   4.32485  -1.41298
   4.33010  -1.41068
   4.33296  -1.41015
   4.33333  -1.41008
   4.33375  -1.41008
   4.34168  -1.40990
   4.34959  -1.40939
   4.35001  -1.40935
   4.35041  -1.40936
   4.35489  -1.40949
   4.35855  -1.41030
   4.36519  -1.41155
   4.36743  -1.41213
   4.37144  -1.41308
   4.37672  -1.41444
   4.37950  -1.41508
   4.38614  -1.41584
   4.38876  -1.41670
   4.39405  -1.41830
   4.39640  -1.41876
   4.40168  -1.41967
   4.40678  -1.42055
   4.40891  -1.42096
   4.41503  -1.42122
   4.41787  -1.42283
   4.42374  -1.42591
   4.43018  -1.42644
   4.43476  -1.42704
   4.43967  -1.42755
   4.44168  -1.42688
   4.44426  -1.42599
   4.45227  -1.42475
   4.45651  -1.42440
   4.46284  -1.42204
   4.47163  -1.41839
   4.47287  -1.41803
   4.47355  -1.41792
   4.47547  -1.41744
   4.48444  -1.41568
   4.49038  -1.41428
   4.49571  -1.41227
   4.50392  -1.41145
   4.50723  -1.41101
   4.50917  -1.41064
   4.51589  -1.40921
   4.52228  -1.40770
   4.52406  -1.40757
   4.52611  -1.40748
   4.54107  -1.40911
   4.54163  -1.40915
   4.54206  -1.40919
   4.54494  -1.40949
   4.55745  -1.41021
   4.55935  -1.41107
   4.56818  -1.41581
   4.56874  -1.41614
   4.57782  -1.42130
   4.57932  -1.42214
   4.58098  -1.42343
   4.58870  -1.42981
   4.59620  -1.43600
   4.59776  -1.43720
   4.59937  -1.43854
   4.60581  -1.44593
   4.61018  -1.45105
   4.61283  -1.45437
   4.61315  -1.45490
   4.61370  -1.45576
   4.62077  -1.46354
   4.62646  -1.46992
   4.62755  -1.47262
   4.63030  -1.47428
   4.63704  -1.47359
   4.64130  -1.47340
   4.64911  -1.47289
   4.65865  -1.46837
   4.65921  -1.46810
   4.66871  -1.46289
   4.67549  -1.45833
   4.68019  -1.45723
   4.68766  -1.45531
   4.69536  -1.45312
   4.70070  -1.45279
   4.70433  -1.45251
   4.70520  -1.45286
   4.70621  -1.45327
   4.71404  -1.45382
   4.71632  -1.45523
   4.71740  -1.45590
                    
   4.45527  -0.78414
   4.45449  -0.78692
   4.45420  -0.78795
   4.45219  -0.78890
   4.44803  -0.79071
   4.44348  -0.79335
   4.43794  -0.79671
   4.43353  -0.79928
   4.42538  -0.80354
   4.42186  -0.80548
   4.41923  -0.80668
   4.40473  -0.81384
   4.40406  -0.81420
   4.40351  -0.81447
   4.39898  -0.81682
   4.38838  -0.82294
   4.38699  -0.82379
   4.38522  -0.82460
   4.37040  -0.83191
   4.36901  -0.83303
   4.36698  -0.83420
   4.35191  -0.84166
   4.35075  -0.84228
   4.34976  -0.84260
   4.34632  -0.84375
   4.33333  -0.84911
   4.32928  -0.84972
   4.31728  -0.85098
   4.30247  -0.85309
   4.30136  -0.85333
   4.30019  -0.85326
   4.28515  -0.85279
   4.27507  -0.85282
   4.26884  -0.85298
   4.25317  -0.85078
   4.25173  -0.85064
   4.25121  -0.85059
   4.25026  -0.85046
   4.23415  -0.84859
   4.22868  -0.84797
   4.22166  -0.84653
   4.21548  -0.84498
   4.20838  -0.84336
   4.20230  -0.84122
   4.19507  -0.83887
   4.18928  -0.83777
   4.18480  -0.83625
   4.17243  -0.83030
   4.17204  -0.83013
   4.17188  -0.83002
   4.17149  -0.82977
   4.16031  -0.82371
   4.15756  -0.82071
   4.15413  -0.81752
   4.14916  -0.81302
   4.14774  -0.81163
   4.14741  -0.81091
   4.14610  -0.80803
                    
   4.52057  -1.62947
   4.51925  -1.62659
   4.51893  -1.62587
   4.51666  -1.62451
   4.51098  -1.62067
   4.50766  -1.61834
   4.50282  -1.61532
   4.49678  -1.61336
   4.49139  -1.61148
   4.48728  -1.61052
   4.47472  -1.60722
   4.47231  -1.60601
   4.47072  -1.60540
   4.45364  -1.60031
   4.45324  -1.60018
   4.45280  -1.60009
   4.43442  -1.59600
   4.43255  -1.59563
   4.42920  -1.59535
   4.41635  -1.59320
   4.41052  -1.59205
   4.39901  -1.59120
   4.38634  -1.59256
   4.38285  -1.59285
   4.38259  -1.59290
   4.38235  -1.59293
   4.36617  -1.59403
   4.36120  -1.59527
   4.35208  -1.59733
   4.34988  -1.59773
   4.34662  -1.59828
   4.33333  -1.60050
   4.32561  -1.60222
   4.31651  -1.60417
   4.30480  -1.60631
   4.30077  -1.60691
   4.29935  -1.60713
   4.29541  -1.60803
   4.28177  -1.61043
   4.27669  -1.61119
   4.26782  -1.61296
   4.26369  -1.61370
   4.25324  -1.61498
   4.24506  -1.61691
   4.23924  -1.61815
   4.23301  -1.62101
   4.22553  -1.62564
   4.22408  -1.62651
   4.21618  -1.62995
   4.21229  -1.63268
   4.21246  -1.63661
   4.21238  -1.64120
   4.21232  -1.64693
   4.21246  -1.64955
   4.21218  -1.65058
   4.21140  -1.65336
                    
   0.28565  -2.78701
   0.28389  -2.78486
   0.28314  -2.78395
   0.28076  -2.78239
   0.27614  -2.77932
   0.27258  -2.77690
   0.26911  -2.77450
   0.26236  -2.77055
   0.25960  -2.76885
   0.25779  -2.76772
   0.25001  -2.76287
   0.24942  -2.76255
   0.24183  -2.75831
   0.23969  -2.75726
   0.23558  -2.75519
   0.22904  -2.75144
   0.22544  -2.74939
   0.21763  -2.74601
   0.21527  -2.74494
   0.20874  -2.74102
   0.20631  -2.73999
   0.19920  -2.73720
   0.19402  -2.73450
   0.19186  -2.73333
   0.18775  -2.73221
   0.17954  -2.72975
   0.17410  -2.72798
   0.16730  -2.72728
   0.16202  -2.72648
   0.15545  -2.72531
   0.14992  -2.72550
   0.13762  -2.72549
   0.13556  -2.72531
   0.13427  -2.72544
   0.13115  -2.72573
   0.11946  -2.72589
   0.11538  -2.72583
   0.10524  -2.72664
   0.10351  -2.72675
   0.09428  -2.72716
   0.09143  -2.72747
   0.08698  -2.72791
   0.07787  -2.72813
   0.07271  -2.72812
   0.06450  -2.72844
   0.05220  -2.72848
   0.05130  -2.72843
   0.05075  -2.72840
   0.04812  -2.72831
   0.03810  -2.72690
   0.03054  -2.72557
   0.02514  -2.72482
   0.01688  -2.72387
   0.01247  -2.72316
   0.00966  -2.72267
   0.00000  -2.72107
  -0.01217  -2.71995
  -0.01233  -2.71993
  -0.01246  -2.71991
  -0.01440  -2.71968
  -0.02456  -2.71826
  -0.03100  -2.71834
  -0.03638  -2.71829
  -0.03697  -2.71829
  -0.03773  -2.71829
  -0.04942  -2.71780
  -0.05777  -2.71855
  -0.06245  -2.71921
  -0.07288  -2.72037
  -0.07583  -2.72051
  -0.07723  -2.72071
  -0.07963  -2.72130
  -0.08973  -2.72208
  -0.09687  -2.72239
  -0.10400  -2.72325
  -0.11089  -2.72400
  -0.11607  -2.72444
  -0.11910  -2.72504
  -0.13371  -2.72732
  -0.13462  -2.72741
  -0.13525  -2.72755
  -0.14049  -2.72836
  -0.15202  -2.72953
  -0.15370  -2.72966
  -0.15548  -2.73005
  -0.17050  -2.73281
  -0.17220  -2.73283
  -0.17391  -2.73313
  -0.18605  -2.73632
  -0.18994  -2.73713
  -0.19041  -2.73722
  -0.19109  -2.73745
  -0.20422  -2.74141
  -0.20783  -2.74352
  -0.21450  -2.74819
  -0.22025  -2.75205
  -0.22374  -2.75374
  -0.22488  -2.75443
  -0.22602  -2.75572
  -0.23257  -2.76247
  -0.23790  -2.76786
  -0.24008  -2.77026
  -0.24217  -2.77307
  -0.24670  -2.77856
  -0.25085  -2.78358
  -0.25316  -2.78665
  -0.25541  -2.78906
  -0.25908  -2.79243
  -0.26216  -2.79521
  -0.26487  -2.79811
  -0.26609  -2.79977
  -0.26722  -2.80130
                    
  -0.28565  -2.08799
  -0.28389  -2.09014
  -0.28314  -2.09105
  -0.28176  -2.09291
  -0.27844  -2.09755
  -0.27487  -2.10248
  -0.27362  -2.10415
  -0.27136  -2.10599
  -0.26578  -2.11109
  -0.26101  -2.11553
  -0.25775  -2.11823
  -0.25124  -2.12135
  -0.24734  -2.12363
  -0.24495  -2.12505
  -0.23685  -2.12883
  -0.23639  -2.12906
  -0.22762  -2.13150
  -0.22220  -2.13226
  -0.21259  -2.13389
  -0.20922  -2.13529
  -0.20738  -2.13574
  -0.19522  -2.13800
  -0.19157  -2.13891
  -0.19091  -2.13908
  -0.19008  -2.13913
  -0.17227  -2.14091
  -0.17172  -2.14100
  -0.17119  -2.14099
  -0.15335  -2.14383
  -0.15308  -2.14388
  -0.15285  -2.14388
  -0.15183  -2.14388
  -0.13643  -2.14493
  -0.13364  -2.14538
  -0.12859  -2.14537
  -0.12052  -2.14654
  -0.11459  -2.14758
  -0.10537  -2.14799
  -0.10311  -2.14811
  -0.09477  -2.14871
  -0.09110  -2.14856
  -0.08439  -2.14840
  -0.07734  -2.14885
  -0.07391  -2.14882
  -0.06412  -2.14826
  -0.05571  -2.14805
  -0.05213  -2.14848
  -0.05095  -2.14854
  -0.04936  -2.14841
  -0.03813  -2.14787
  -0.02912  -2.14776
  -0.02535  -2.14776
  -0.02143  -2.14727
  -0.01273  -2.14595
  -0.00209  -2.14471
  -0.00000  -2.14460
   0.00167  -2.14431
   0.00693  -2.14282
   0.01290  -2.14208
   0.02329  -2.14108
   0.02597  -2.14070
   0.03077  -2.13978
   0.03931  -2.13891
   0.04466  -2.13849
   0.05298  -2.13706
   0.05967  -2.13614
   0.06503  -2.13552
   0.06706  -2.13502
   0.07401  -2.13346
   0.08176  -2.13235
   0.08463  -2.13214
   0.08938  -2.13109
   0.09662  -2.13106
   0.10564  -2.13129
   0.11164  -2.13078
   0.12502  -2.13069
   0.12641  -2.13072
   0.12711  -2.13063
   0.13105  -2.13016
   0.14363  -2.12949
   0.14647  -2.12961
   0.15022  -2.12916
   0.16045  -2.12928
   0.16693  -2.12955
   0.17435  -2.12854
   0.17866  -2.12806
   0.18647  -2.12802
   0.19374  -2.12681
   0.19854  -2.12586
   0.20519  -2.12469
   0.20918  -2.12320
   0.22121  -2.11911
   0.22239  -2.11882
   0.22269  -2.11865
   0.22385  -2.11780
   0.23301  -2.11285
   0.23903  -2.10978
   0.24334  -2.10711
   0.24748  -2.10247
   0.25048  -2.09921
   0.25312  -2.09637
   0.25750  -2.09154
   0.26006  -2.08702
   0.26130  -2.08420
   0.26277  -2.08081
   0.26487  -2.07689
   0.26609  -2.07523
   0.26722  -2.07370
                    
   0.66118  -2.27769
   0.66379  -2.27868
   0.66488  -2.27910
   0.66742  -2.27954
   0.67226  -2.28222
   0.67780  -2.28526
   0.67974  -2.28549
   0.68251  -2.28614
   0.68894  -2.29042
   0.69752  -2.29597
   0.69814  -2.29608
   0.69895  -2.29618
   0.70860  -2.29868
   0.71734  -2.30102
   0.71940  -2.30124
   0.72302  -2.30098
   0.73194  -2.29943
   0.73581  -2.29885
   0.74419  -2.29948
   0.75000  -2.29943
   0.75501  -2.29946
   0.75636  -2.29986
   0.75797  -2.30034
   0.76836  -2.30173
   0.77522  -2.30365
   0.77962  -2.30514
   0.78475  -2.30689
   0.79121  -2.30888
   0.79663  -2.31139
   0.80221  -2.31360
   0.80833  -2.31602
   0.81366  -2.31850
   0.81915  -2.32144
   0.82498  -2.32311
   0.83281  -2.32544
   0.83686  -2.32780
   0.84087  -2.32861
   0.84843  -2.32796
   0.85050  -2.32787
   0.85882  -2.32768
   0.86623  -2.32550
   0.86735  -2.32507
   0.87444  -2.32256
   0.88018  -2.32021
   0.88423  -2.31904
   0.88966  -2.31765
   0.89356  -2.31660
   0.90295  -2.31450
   0.90513  -2.31429
   0.90740  -2.31431
   0.91771  -2.31573
   0.92165  -2.31643
   0.92737  -2.31783
   0.93220  -2.31915
   0.93847  -2.32105
   0.94546  -2.32320
   0.94825  -2.32415
   0.95494  -2.32688
   0.95917  -2.32850
   0.96664  -2.33057
   0.96993  -2.33162
   0.97328  -2.33222
   0.97942  -2.33359
   0.98341  -2.33420
   0.98872  -2.33425
   0.99137  -2.33439
   0.99519  -2.33424
   0.99637  -2.33386
   0.99780  -2.33317
   1.00222  -2.33179
   1.00531  -2.33094
   1.00796  -2.32985
   1.01092  -2.32839
   1.01333  -2.32761
   1.01523  -2.32703
   1.01869  -2.32553
   1.02185  -2.32339
   1.02348  -2.32253
   1.02513  -2.32168
   1.02843  -2.31975
   1.03145  -2.31793
   1.03339  -2.31692
   1.03548  -2.31588
   1.03850  -2.31433
   1.04128  -2.31299
   1.04376  -2.31197
   1.04643  -2.31094
   1.04913  -2.30986
   1.05168  -2.30901
   1.05464  -2.30809
   1.05784  -2.30718
   1.06024  -2.30655
   1.06261  -2.30615
   1.06598  -2.30567
   1.06935  -2.30527
   1.07174  -2.30504
   1.07428  -2.30511
   1.07757  -2.30539
   1.08044  -2.30570
   1.08333  -2.30597
   1.08670  -2.30685
   1.08901  -2.30759
   1.09079  -2.30820
   1.09454  -2.30942
   1.09915  -2.31130
   1.09990  -2.31168
   1.10045  -2.31197
   1.10509  -2.31409
   1.10530  -2.31419
   1.10963  -2.31641
   1.11013  -2.31664
   1.11071  -2.31690
   1.11500  -2.31933
   1.11859  -2.32107
   1.11985  -2.32167
   1.12126  -2.32235
   1.12457  -2.32419
   1.12766  -2.32562
   1.12928  -2.32657
   1.13107  -2.32766
   1.13385  -2.32917
   1.13699  -2.33014
   1.13882  -2.33091
   1.14054  -2.33166
   1.14376  -2.33284
   1.14808  -2.33374
   1.14915  -2.33419
   1.15009  -2.33460
   1.15468  -2.33561
   1.15644  -2.33579
   1.16008  -2.33628
   1.16102  -2.33625
   1.16293  -2.33622
   1.16781  -2.33683
   1.17071  -2.33694
   1.17633  -2.33601
   1.17699  -2.33592
   1.18375  -2.33283
   1.19006  -2.32886
   1.19472  -2.32611
   1.19937  -2.32353
   1.20152  -2.32205
   1.20494  -2.31917
   1.21245  -2.31340
   1.21726  -2.30982
   1.22264  -2.30543
   1.23450  -2.29898
   1.23485  -2.29880
   1.23500  -2.29873
   1.23536  -2.29855
   1.24712  -2.29313
   1.25179  -2.29248
   1.25636  -2.29231
   1.26499  -2.29371
   1.26769  -2.29425
   1.26935  -2.29477
   1.27516  -2.29672
   1.28131  -2.29887
   1.28282  -2.29980
   1.28707  -2.30271
   1.29082  -2.30532
   1.29696  -2.30986
   1.30046  -2.31214
   1.30927  -2.31810
   1.31061  -2.31918
   1.31122  -2.31967
   1.31256  -2.32051
   1.32148  -2.32645
   1.32568  -2.32889
   1.33110  -2.33076
   1.33947  -2.32745
   1.34323  -2.32666
   1.34570  -2.32616
   1.35476  -2.32256
   1.35993  -2.31669
   1.36400  -2.31257
   1.37235  -2.30356
   1.37280  -2.30302
   1.37300  -2.30278
   1.37346  -2.30221
   1.38142  -2.29291
   1.38526  -2.28813
   1.38973  -2.28335
   1.39691  -2.27993
   1.40032  -2.27822
   1.40370  -2.27652
   1.41057  -2.27325
   1.41685  -2.27317
   1.42326  -2.27322
   1.43477  -2.27362
   1.43547  -2.27372
   1.43576  -2.27375
   1.43661  -2.27393
   1.44960  -2.27769
   1.45341  -2.27892
   1.46182  -2.28073
   1.46261  -2.28091
   1.47163  -2.28084
   1.47390  -2.28053
   1.47692  -2.28013
   1.48479  -2.27993
   1.48917  -2.27755
   1.49193  -2.27581
   1.49427  -2.27433
   1.49894  -2.27177
   1.50150  -2.27075
   1.50261  -2.27030
                    
   0.66405  -2.60470
   0.66516  -2.60425
   0.66773  -2.60323
   0.67532  -2.60364
   0.67653  -2.60366
   0.67737  -2.60368
   0.68170  -2.60386
   0.68549  -2.60398
   0.69388  -2.60333
   0.69646  -2.60336
   0.70077  -2.60337
   0.70779  -2.60283
   0.71247  -2.60178
   0.71856  -2.60069
   0.72693  -2.59909
   0.72962  -2.59844
   0.73167  -2.59794
   0.74075  -2.59617
   0.74493  -2.59530
   0.75118  -2.59385
   0.75212  -2.59358
   0.75351  -2.59339
   0.76382  -2.59167
   0.77069  -2.59039
   0.77585  -2.58947
   0.78632  -2.58911
   0.78864  -2.58889
   0.78984  -2.58876
   0.79287  -2.58871
   0.80205  -2.58834
   0.80859  -2.58864
   0.81655  -2.58984
   0.81895  -2.59014
   0.82666  -2.59054
   0.83175  -2.59109
   0.84146  -2.59159
   0.84451  -2.59166
   0.84668  -2.59187
   0.86172  -2.59267
   0.86224  -2.59266
   0.86263  -2.59265
   0.86389  -2.59248
   0.87627  -2.59033
   0.88014  -2.58951
   0.88722  -2.58798
   0.89032  -2.58724
   0.89816  -2.58422
   0.90263  -2.58248
   0.91303  -2.57809
   0.91539  -2.57701
   0.91635  -2.57665
   0.91817  -2.57609
   0.92833  -2.57252
   0.93325  -2.57058
   0.94101  -2.56792
   0.94210  -2.56751
   0.94918  -2.56609
   0.95546  -2.56537
   0.95767  -2.56510
   0.96360  -2.56419
   0.96740  -2.56402
   0.97609  -2.56318
   0.97729  -2.56317
   0.97780  -2.56327
   0.97870  -2.56349
   0.98588  -2.56451
   0.98949  -2.56486
   0.99360  -2.56565
   0.99911  -2.56737
   1.00043  -2.56764
   1.00131  -2.56782
   1.00716  -2.56943
   1.00735  -2.56949
   1.01306  -2.57093
   1.01376  -2.57114
   1.01461  -2.57140
   1.02033  -2.57262
   1.02484  -2.57382
   1.02667  -2.57431
   1.02875  -2.57484
   1.03303  -2.57572
   1.03670  -2.57620
   1.03948  -2.57657
   1.04278  -2.57693
   1.04592  -2.57714
   1.04851  -2.57725
   1.05231  -2.57743
   1.05678  -2.57749
   1.05866  -2.57744
   1.06019  -2.57727
   1.06499  -2.57687
   1.07078  -2.57614
   1.07121  -2.57605
   1.07155  -2.57598
   1.07445  -2.57538
   1.07734  -2.57479
   1.08234  -2.57359
   1.08333  -2.57338
   1.08455  -2.57311
   1.08920  -2.57176
   1.09276  -2.57059
   1.09492  -2.56993
   1.09746  -2.56928
   1.10056  -2.56834
   1.10317  -2.56749
   1.10608  -2.56653
   1.10937  -2.56544
   1.11153  -2.56467
   1.11343  -2.56395
   1.11685  -2.56257
   1.12057  -2.56142
   1.12227  -2.56099
   1.12403  -2.56051
   1.12762  -2.55916
   1.13122  -2.55818
   1.13317  -2.55781
   1.13549  -2.55733
   1.13871  -2.55626
   1.14165  -2.55552
   1.14461  -2.55521
   1.14880  -2.55463
   1.15064  -2.55407
   1.15214  -2.55377
   1.15722  -2.55348
   1.15861  -2.55336
   1.16314  -2.55321
   1.16453  -2.55345
   1.16842  -2.55425
   1.17322  -2.55464
   1.17528  -2.55473
   1.17940  -2.55567
   1.18307  -2.55636
   1.18817  -2.55729
   1.19491  -2.55935
   1.19504  -2.55940
   1.20249  -2.56202
   1.20940  -2.56470
   1.21116  -2.56533
   1.21770  -2.56699
   1.22362  -2.56853
   1.22686  -2.56901
   1.23318  -2.56974
   1.24045  -2.57007
   1.24134  -2.57008
   1.24853  -2.56960
   1.25442  -2.56878
   1.25829  -2.56811
   1.26360  -2.56672
   1.26646  -2.56573
   1.27540  -2.56226
   1.27761  -2.56127
   1.27835  -2.56093
   1.27975  -2.56036
   1.28896  -2.55622
   1.29292  -2.55424
   1.29939  -2.55150
   1.30130  -2.55097
   1.30849  -2.54875
   1.31606  -2.54736
   1.31803  -2.54694
   1.32547  -2.54561
   1.33060  -2.54539
   1.33959  -2.54750
   1.34332  -2.54813
   1.34555  -2.54848
   1.35547  -2.55076
   1.36578  -2.55571
   1.36670  -2.55618
   1.36775  -2.55672
   1.37745  -2.56149
   1.38704  -2.56553
   1.38859  -2.56626
   1.39024  -2.56705
   1.39933  -2.57088
   1.41097  -2.57333
   1.41105  -2.57334
   1.41111  -2.57336
   1.41151  -2.57343
   1.42247  -2.57552
   1.43073  -2.57559
   1.43451  -2.57611
   1.43980  -2.57678
   1.44606  -2.57694
   1.45007  -2.57738
   1.45694  -2.57931
   1.46450  -2.58141
   1.46746  -2.58178
   1.46980  -2.58261
   1.47728  -2.58579
   1.48426  -2.58877
   1.48686  -2.58969
   1.48891  -2.59073
   1.49440  -2.59281
   1.49981  -2.59485
   1.50179  -2.59590
   1.50288  -2.59632
   1.50549  -2.59731
                    
   1.74554  -2.27500
   1.74760  -2.27580
   1.74923  -2.27643
   1.75276  -2.27742
   1.75661  -2.27954
   1.76098  -2.28192
   1.76412  -2.28275
   1.76766  -2.28460
   1.77275  -2.28913
   1.78088  -2.29608
   1.78138  -2.29635
   1.78181  -2.29656
   1.78493  -2.29856
   1.79047  -2.30271
   1.79736  -2.30772
   1.79953  -2.31011
   1.80264  -2.30945
   1.81158  -2.30921
   1.81412  -2.30918
   1.82195  -2.30996
   1.82336  -2.31021
   1.82558  -2.31022
   1.83573  -2.30970
   1.84103  -2.30955
   1.84815  -2.31027
   1.85914  -2.31149
   1.86021  -2.31163
   1.86089  -2.31172
   1.86398  -2.31212
   1.87261  -2.31338
   1.88141  -2.31585
   1.88439  -2.31625
   1.88940  -2.31698
   1.89678  -2.31898
   1.90216  -2.32058
   1.90917  -2.32119
   1.91989  -2.32242
   1.92184  -2.32272
   1.92255  -2.32266
   1.92629  -2.32211
   1.93702  -2.32134
   1.93941  -2.32124
   1.94202  -2.32055
   1.95361  -2.31799
   1.95590  -2.31759
   1.95815  -2.31711
   1.96956  -2.31575
   1.97219  -2.31554
   1.97478  -2.31526
   1.98628  -2.31450
   1.98860  -2.31469
   1.99199  -2.31519
   2.00000  -2.31716
   2.00586  -2.31881
   2.01402  -2.32111
   2.01557  -2.32156
   2.02279  -2.32383
   2.02729  -2.32504
   2.03580  -2.32769
   2.03909  -2.32890
   2.04174  -2.32937
   2.04960  -2.33023
   2.05295  -2.33075
   2.05837  -2.33042
   2.05955  -2.33039
   2.06548  -2.33062
   2.06807  -2.32990
   2.07225  -2.32886
   2.07543  -2.32876
   2.07690  -2.32859
   2.08169  -2.32676
   2.08604  -2.32530
   2.08751  -2.32488
   2.08773  -2.32477
   2.08796  -2.32462
   2.09335  -2.32242
   2.09782  -2.32080
   2.09895  -2.32021
   2.10008  -2.31957
   2.10433  -2.31775
   2.10826  -2.31622
   2.10978  -2.31550
   2.11130  -2.31480
   2.11515  -2.31314
   2.11906  -2.31159
   2.12063  -2.31101
   2.12215  -2.31039
   2.12617  -2.30905
   2.13022  -2.30784
   2.13179  -2.30734
   2.13340  -2.30699
   2.13752  -2.30601
   2.14166  -2.30516
   2.14329  -2.30493
   2.14504  -2.30480
   2.14917  -2.30456
   2.15296  -2.30446
   2.15503  -2.30445
   2.15739  -2.30470
   2.16089  -2.30514
   2.16382  -2.30558
   2.16667  -2.30608
   2.17015  -2.30712
   2.17233  -2.30784
   2.17401  -2.30842
   2.17783  -2.30985
   2.18263  -2.31187
   2.18317  -2.31211
   2.18359  -2.31230
   2.18690  -2.31389
   2.18833  -2.31462
   2.19274  -2.31675
   2.19337  -2.31704
   2.19412  -2.31737
   2.19825  -2.31962
   2.20178  -2.32125
   2.20309  -2.32199
   2.20461  -2.32287
   2.20776  -2.32460
   2.21099  -2.32562
   2.21272  -2.32632
   2.21443  -2.32705
   2.21761  -2.32826
   2.22182  -2.32876
   2.22304  -2.32921
   2.22414  -2.32963
   2.22863  -2.33017
   2.23074  -2.32987
   2.23439  -2.32948
   2.23573  -2.32910
   2.23947  -2.32814
   2.24360  -2.32762
   2.24542  -2.32725
   2.24808  -2.32586
   2.25366  -2.32413
   2.25795  -2.32303
   2.26414  -2.32048
   2.26518  -2.32009
   2.27152  -2.31763
   2.27712  -2.31463
   2.28035  -2.31344
   2.28622  -2.31150
   2.29190  -2.30948
   2.29597  -2.30819
   2.30135  -2.30668
   2.30581  -2.30527
   2.31255  -2.30382
   2.31713  -2.30302
   2.32166  -2.30246
   2.32828  -2.30189
   2.33279  -2.30193
   2.33798  -2.30215
   2.34278  -2.30237
   2.34868  -2.30283
   2.35607  -2.30408
   2.35695  -2.30426
   2.36413  -2.30682
   2.36884  -2.30870
   2.37624  -2.31197
   2.37922  -2.31278
   2.38172  -2.31334
   2.39414  -2.31714
   2.39536  -2.31756
   2.39656  -2.31783
   2.41018  -2.32138
   2.41219  -2.32104
   2.42242  -2.31741
   2.42920  -2.31508
   2.43360  -2.31357
   2.43401  -2.31336
   2.43433  -2.31312
   2.43862  -2.31068
   2.44483  -2.30710
   2.45401  -2.30172
   2.45527  -2.30119
   2.45649  -2.30073
   2.46610  -2.29573
   2.47482  -2.29116
   2.47656  -2.29049
   2.47810  -2.29011
   2.48797  -2.28712
   2.49121  -2.28616
   2.49822  -2.28439
   2.49915  -2.28413
   2.50039  -2.28382
   2.51058  -2.28173
   2.51781  -2.28037
   2.52169  -2.27946
   2.52634  -2.27803
   2.53246  -2.27660
   2.53722  -2.27553
   2.54293  -2.27381
   2.54920  -2.27161
   2.55300  -2.27039
   2.55637  -2.26931
   2.56284  -2.26709
   2.56847  -2.26529
   2.57067  -2.26466
   2.57264  -2.26411
   2.57837  -2.26231
   2.58121  -2.26110
   2.58201  -2.26076
                    
   2.58779  -2.60000
   2.58573  -2.59920
   2.58410  -2.59857
   2.58174  -2.59635
   2.57771  -2.59287
   2.57211  -2.58816
   2.57109  -2.58728
   2.57011  -2.58660
   2.56569  -2.58273
   2.56273  -2.58004
   2.55636  -2.57445
   2.55422  -2.57230
   2.55068  -2.56996
   2.54467  -2.56714
   2.53932  -2.56466
   2.53492  -2.56162
   2.52967  -2.56149
   2.52314  -2.56186
   2.51148  -2.56223
   2.51093  -2.56220
   2.51062  -2.56231
   2.51005  -2.56248
   2.49743  -2.56574
   2.49269  -2.56680
   2.48394  -2.56781
   2.48074  -2.56759
   2.47356  -2.56701
   2.47175  -2.56665
   2.46918  -2.56614
   2.45942  -2.56467
   2.45290  -2.56212
   2.44834  -2.56014
   2.44370  -2.55812
   2.43683  -2.55538
   2.43065  -2.55302
   2.42522  -2.55145
   2.41801  -2.54928
   2.41306  -2.54737
   2.40934  -2.54691
   2.40181  -2.54715
   2.39950  -2.54714
   2.39099  -2.54690
   2.38471  -2.54766
   2.38098  -2.54907
   2.37502  -2.55111
   2.36848  -2.55402
   2.36648  -2.55475
   2.36016  -2.55688
   2.35648  -2.55843
   2.34578  -2.56234
   2.34543  -2.56247
   2.34525  -2.56255
   2.34464  -2.56277
   2.33405  -2.56593
   2.33103  -2.56669
   2.32537  -2.56816
   2.32303  -2.56870
   2.31647  -2.56958
   2.31122  -2.56996
   2.30543  -2.57014
   2.30169  -2.56980
   2.29882  -2.56966
   2.28887  -2.56841
   2.28735  -2.56816
   2.28628  -2.56803
   2.28090  -2.56727
   2.27445  -2.56595
   2.27324  -2.56567
   2.27144  -2.56525
   2.26323  -2.56334
   2.26013  -2.56245
   2.25495  -2.56159
   2.25333  -2.56127
   2.24776  -2.56033
   2.24488  -2.56027
   2.23945  -2.55994
   2.23710  -2.55949
   2.23604  -2.55935
   2.23198  -2.55925
   2.23007  -2.55930
   2.22507  -2.55928
   2.22355  -2.55950
   2.22170  -2.55991
   2.21754  -2.56031
   2.21446  -2.56051
   2.21161  -2.56097
   2.20843  -2.56169
   2.20594  -2.56204
   2.20380  -2.56230
   2.20027  -2.56290
   2.19666  -2.56381
   2.19475  -2.56416
   2.19290  -2.56448
   2.18918  -2.56519
   2.18562  -2.56608
   2.18365  -2.56652
   2.18153  -2.56697
   2.17805  -2.56761
   2.17489  -2.56832
   2.17240  -2.56887
   2.16950  -2.56944
   2.16667  -2.56988
   2.16421  -2.57031
   2.16084  -2.57105
   2.15654  -2.57184
   2.15490  -2.57202
   2.15351  -2.57212
   2.14889  -2.57256
   2.14318  -2.57286
   2.14280  -2.57286
   2.14247  -2.57285
   2.13931  -2.57293
   2.13661  -2.57307
   2.13120  -2.57318
   2.13030  -2.57322
   2.12910  -2.57330
   2.12389  -2.57317
   2.11973  -2.57292
   2.11738  -2.57291
   2.11423  -2.57276
   2.11081  -2.57236
   2.10812  -2.57198
   2.10416  -2.57155
   2.09878  -2.57076
   2.09747  -2.57042
   2.09642  -2.57013
   2.09068  -2.56912
   2.08977  -2.56896
   2.08464  -2.56793
   2.08366  -2.56779
   2.08209  -2.56757
   2.07651  -2.56625
   2.07272  -2.56560
   2.06856  -2.56536
   2.06105  -2.56455
   2.06035  -2.56455
   2.06004  -2.56458
   2.05883  -2.56476
   2.04931  -2.56557
   2.04656  -2.56566
   2.04201  -2.56608
   2.03784  -2.56633
   2.03234  -2.56679
   2.02578  -2.56788
   2.02397  -2.56826
   2.01689  -2.56951
   2.01011  -2.57072
   2.00743  -2.57111
   2.00079  -2.57211
   1.99536  -2.57286
   1.98959  -2.57337
   1.98420  -2.57368
   1.97933  -2.57381
   1.97209  -2.57374
   1.96760  -2.57365
   1.96383  -2.57365
   1.95230  -2.57407
   1.95012  -2.57407
   1.94856  -2.57409
   1.93997  -2.57400
   1.93377  -2.57368
   1.93257  -2.57382
   1.92948  -2.57444
   1.92040  -2.57601
   1.91336  -2.57702
   1.90774  -2.57837
   1.89997  -2.58140
   1.89589  -2.58261
   1.89313  -2.58341
   1.88453  -2.58675
   1.87400  -2.59098
   1.87321  -2.59127
   1.87259  -2.59149
   1.86531  -2.59438
   1.86227  -2.59556
   1.85258  -2.59784
   1.85045  -2.59831
   1.84730  -2.59899
   1.83890  -2.60070
   1.83324  -2.60130
   1.82671  -2.60173
   1.81524  -2.60222
   1.81470  -2.60224
   1.81439  -2.60227
   1.81317  -2.60234
   1.80256  -2.60217
   1.79579  -2.60190
   1.79065  -2.60175
   1.78410  -2.60337
   1.78005  -2.60395
   1.77710  -2.60436
   1.76976  -2.60619
   1.76399  -2.60888
   1.76229  -2.60947
   1.76069  -2.61003
   1.75496  -2.61269
   1.75212  -2.61390
   1.75132  -2.61424
                    
   3.96171  -2.18128
   3.96442  -2.18315
   3.96497  -2.18353
   3.96607  -2.18419
   3.97116  -2.18865
   3.97586  -2.19273
   3.97755  -2.19376
   3.97957  -2.19470
   3.98663  -2.19879
   3.99448  -2.20338
   3.99587  -2.20408
   3.99703  -2.20461
   4.00592  -2.20838
   4.00645  -2.20862
   4.01514  -2.21075
   4.01732  -2.21132
   4.02210  -2.21181
   4.02979  -2.21299
   4.03353  -2.21364
   4.04271  -2.21478
   4.04308  -2.21478
   4.05205  -2.21489
   4.05748  -2.21443
   4.06689  -2.21393
   4.07075  -2.21208
   4.07755  -2.20899
   4.08176  -2.20698
   4.08985  -2.20336
   4.09686  -2.20103
   4.10383  -2.19857
   4.10903  -2.19688
   4.11242  -2.19641
   4.12571  -2.19508
   4.12782  -2.19507
   4.13036  -2.19561
   4.13978  -2.19893
   4.14514  -2.20101
   4.15146  -2.20554
   4.16029  -2.21199
   4.16139  -2.21282
   4.16168  -2.21307
   4.16212  -2.21345
   4.17177  -2.22145
   4.17745  -2.22478
   4.18297  -2.22864
   4.19160  -2.23509
   4.19328  -2.23636
   4.19395  -2.23688
   4.20204  -2.23985
   4.20827  -2.24248
   4.20880  -2.24272
   4.20939  -2.24295
   4.22311  -2.24903
   4.22407  -2.24915
   4.22462  -2.24920
   4.22592  -2.24916
   4.23539  -2.24935
   4.23918  -2.24958
   4.24586  -2.24990
   4.25076  -2.24924
   4.25441  -2.24884
   4.25517  -2.24880
   4.25643  -2.24875
   4.26449  -2.24836
   4.26981  -2.24757
   4.27344  -2.24753
   4.27885  -2.24760
   4.28240  -2.24743
   4.28528  -2.24668
   4.29089  -2.24607
   4.29744  -2.24556
   4.29943  -2.24520
   4.30141  -2.24486
   4.30797  -2.24486
   4.31579  -2.24516
   4.31650  -2.24509
   4.31713  -2.24519
   4.32012  -2.24600
   4.32499  -2.24638
   4.33224  -2.24719
   4.33333  -2.24733
   4.33461  -2.24747
   4.34158  -2.24859
   4.34735  -2.24973
   4.34972  -2.25017
   4.35236  -2.25060
   4.35781  -2.25161
   4.36276  -2.25268
   4.36580  -2.25340
   4.36885  -2.25365
   4.37394  -2.25436
   4.37946  -2.25529
   4.38205  -2.25570
   4.38426  -2.25587
   4.39040  -2.25649
   4.39832  -2.25761
   4.39878  -2.25768
   4.39912  -2.25766
   4.40029  -2.25760
   4.40893  -2.25498
   4.41318  -2.25391
   4.41941  -2.25291
   4.42180  -2.25194
   4.42752  -2.24981
   4.43177  -2.24840
   4.43885  -2.24636
   4.44213  -2.24449
   4.44549  -2.24325
   4.45300  -2.23912
   4.45724  -2.23699
   4.46228  -2.23509
   4.46745  -2.23332
   4.47292  -2.23069
   4.47951  -2.22874
   4.48222  -2.22759
   4.48922  -2.22483
   4.49700  -2.22304
   4.49831  -2.22250
   4.50602  -2.21952
   4.51141  -2.21813
   4.51880  -2.21647
   4.52322  -2.21530
   4.52641  -2.21477
   4.53523  -2.21105
   4.53916  -2.20943
   4.54068  -2.20883
   4.54383  -2.20778
   4.55223  -2.20521
   4.55807  -2.20048
   4.56194  -2.19771
   4.56723  -2.19399
   4.57156  -2.19074
   4.57501  -2.18814
   4.58147  -2.18396
   4.59053  -2.17830
   4.59137  -2.17773
   4.59206  -2.17750
   4.59396  -2.17688
   4.60311  -2.17338
   4.60980  -2.17101
   4.61464  -2.16939
   4.62588  -2.16695
   4.62720  -2.16669
   4.62778  -2.16658
   4.62931  -2.16629
   4.63970  -2.16453
   4.64556  -2.16198
   4.64972  -2.15987
   4.65530  -2.15710
   4.65948  -2.15533
   4.66091  -2.15121
   4.66232  -2.14619
   4.66308  -2.14334
   4.66511  -2.13729
   4.66762  -2.13502
   4.66804  -2.13464
                    
   3.99863  -2.74036
   3.99905  -2.73998
   4.00156  -2.73771
   4.00556  -2.73785
   4.01066  -2.73795
   4.01248  -2.73775
   4.01598  -2.73733
   4.02283  -2.73680
   4.02639  -2.73545
   4.03329  -2.73272
   4.04159  -2.72924
   4.04342  -2.72857
   4.04395  -2.72841
   4.04454  -2.72799
   4.05245  -2.72175
   4.05938  -2.71619
   4.06118  -2.71490
   4.06342  -2.71330
   4.06926  -2.70733
   4.07524  -2.70122
   4.07766  -2.69960
   4.08354  -2.69784
   4.08969  -2.69536
   4.09277  -2.69406
   4.09991  -2.69223
   4.10278  -2.69144
   4.11139  -2.69311
   4.11731  -2.69494
   4.12874  -2.69808
   4.13128  -2.69870
   4.13261  -2.69908
   4.13642  -2.70013
   4.14764  -2.70270
   4.15125  -2.70294
   4.15645  -2.70318
   4.16354  -2.70402
   4.17062  -2.70466
   4.17865  -2.70543
   4.18288  -2.70535
   4.18973  -2.70507
   4.19412  -2.70493
   4.20741  -2.70401
   4.20844  -2.70386
   4.20915  -2.70381
   4.21358  -2.70302
   4.22436  -2.70058
   4.22589  -2.70019
   4.22816  -2.69974
   4.23877  -2.69732
   4.24330  -2.69632
   4.25201  -2.69473
   4.25227  -2.69461
   4.25970  -2.69088
   4.26618  -2.68813
   4.27006  -2.68695
   4.27566  -2.68509
   4.27860  -2.68441
   4.28563  -2.68258
   4.29041  -2.68095
   4.29239  -2.68074
   4.30089  -2.67963
   4.30149  -2.67938
   4.30877  -2.67618
   4.31261  -2.67433
   4.31923  -2.67348
   4.32306  -2.67290
   4.32578  -2.67244
   4.33333  -2.67099
   4.34144  -2.67170
   4.34358  -2.67209
   4.34667  -2.67263
   4.35394  -2.67300
   4.35881  -2.67482
   4.36485  -2.67686
   4.37132  -2.67882
   4.37515  -2.67918
   4.37597  -2.67931
   4.37730  -2.67944
   4.38712  -2.68010
   4.39342  -2.68030
   4.39840  -2.68034
   4.40504  -2.67937
   4.40937  -2.67864
   4.41282  -2.67800
   4.42030  -2.67645
   4.42962  -2.67417
   4.43125  -2.67390
   4.43234  -2.67371
   4.44202  -2.67058
   4.44316  -2.67024
   4.45172  -2.66754
   4.45285  -2.66709
   4.45419  -2.66654
   4.46351  -2.66297
   4.47034  -2.66169
   4.47546  -2.66059
   4.48567  -2.65802
   4.48740  -2.65753
   4.48824  -2.65742
   4.48993  -2.65718
   4.50030  -2.65509
   4.50618  -2.65367
   4.51362  -2.65235
   4.51680  -2.65238
   4.52387  -2.65227
   4.53033  -2.65249
   4.53495  -2.65252
   4.54159  -2.65320
   4.55042  -2.65458
   4.55066  -2.65464
   4.55949  -2.65668
   4.56398  -2.65813
   4.57211  -2.66203
   4.57550  -2.66359
   4.57741  -2.66445
   4.58424  -2.66742
   4.58686  -2.66851
   4.59514  -2.67455
   4.59657  -2.67533
   4.59862  -2.67644
   4.60626  -2.68158
   4.61242  -2.68710
   4.61522  -2.68866
   4.61901  -2.69074
   4.62414  -2.69528
   4.62937  -2.69930
   4.63433  -2.70036
   4.64466  -2.70230
   4.64604  -2.70318
   4.64733  -2.70330
   4.64939  -2.70271
   4.66040  -2.70248
   4.66600  -2.70220
   4.67523  -2.69984
   4.67574  -2.69970
   4.68421  -2.69589
   4.69057  -2.69339
   4.69572  -2.69125
   4.70051  -2.69119
   4.70170  -2.69147
   4.70224  -2.69185
   4.70496  -2.69372
                    
   4.48479  -2.01228
   4.48367  -2.01542
   4.48346  -2.01601
   4.48005  -2.01734
   4.47271  -2.02076
   4.46983  -2.02217
   4.46358  -2.02441
   4.46074  -2.02548
   4.45332  -2.02915
   4.44461  -2.03154
   4.44189  -2.03235
   4.43366  -2.03524
   4.42462  -2.03745
   4.42176  -2.03863
   4.41414  -2.04193
   4.40560  -2.04447
   4.40246  -2.04547
   4.39368  -2.04828
   4.38427  -2.05057
   4.38002  -2.05171
   4.37392  -2.05574
   4.36638  -2.05978
   4.36332  -2.06115
   4.35562  -2.06478
   4.34952  -2.06667
   4.33603  -2.07136
   4.33501  -2.07254
   4.33333  -2.07372
   4.32888  -2.07454
   4.31768  -2.07895
   4.31400  -2.08050
   4.30227  -2.08243
   4.29192  -2.08113
   4.28638  -2.08087
   4.27741  -2.08064
   4.27037  -2.08042
   4.26716  -2.07955
   4.26231  -2.07831
   4.25340  -2.07694
   4.24524  -2.07592
   4.23611  -2.07464
   4.23143  -2.07397
   4.22339  -2.07297
   4.21789  -2.07134
   4.20959  -2.06912
   4.20394  -2.06769
   4.19764  -2.06468
   4.19331  -2.06322
   4.18588  -2.06089
   4.17956  -2.05707
   4.17262  -2.04866
   4.17247  -2.04852
   4.17239  -2.04844
   4.17194  -2.04785
   4.16583  -2.04009
   4.16474  -2.03197
   4.16472  -2.03171
   4.16471  -2.03152
   4.16447  -2.02982
   4.16360  -2.02351
   4.16222  -2.02015
   4.16210  -2.01985
                    
   4.18187  -2.86272
   4.18299  -2.85958
   4.18320  -2.85899
   4.18339  -2.85782
   4.18494  -2.85111
   4.18671  -2.84360
   4.18681  -2.84311
   4.18796  -2.84244
   4.19700  -2.83574
   4.20103  -2.83260
   4.20905  -2.82855
   4.21009  -2.82839
   4.22026  -2.82661
   4.22916  -2.82630
   4.23733  -2.82541
   4.24376  -2.82458
   4.24755  -2.82443
   4.25687  -2.82391
   4.26538  -2.82291
   4.26838  -2.82257
   4.27583  -2.82183
   4.28283  -2.82109
   4.29330  -2.81972
   4.29995  -2.81905
   4.31129  -2.81805
   4.31674  -2.81745
   4.32006  -2.81704
   4.33333  -2.81510
   4.33506  -2.81504
   4.34914  -2.81428
   4.34978  -2.81421
   4.35055  -2.81412
   4.36615  -2.81255
   4.37341  -2.81291
   4.38112  -2.81314
   4.38281  -2.81335
   4.38658  -2.81378
   4.39975  -2.81416
   4.40610  -2.81520
   4.41417  -2.81761
   4.41780  -2.81849
   4.42686  -2.82052
   4.43662  -2.82354
   4.43679  -2.82359
   4.44680  -2.82619
   4.45573  -2.82915
   4.45703  -2.82983
   4.46471  -2.83365
   4.46892  -2.83600
   4.48057  -2.84203
   4.48132  -2.84221
   4.48190  -2.84237
   4.48300  -2.84289
   4.49240  -2.84713
   4.49620  -2.84873
   4.50307  -2.85149
   4.50444  -2.85485
   4.50457  -2.85515
                    
   5.52596  -2.67049
   5.52805  -2.66271
   5.52747  -2.65522
   5.52139  -2.65338
   5.51657  -2.65175
   5.50606  -2.65123
   5.50542  -2.65118
   5.50517  -2.65116
   5.50458  -2.65111
   5.49397  -2.64988
   5.48894  -2.65092
   5.48399  -2.65103
   5.47627  -2.65095
   5.47392  -2.65117
   5.47153  -2.65278
   5.46475  -2.65439
   5.45792  -2.65580
   5.45557  -2.65815
   5.45112  -2.66660
   5.44940  -2.66959
   5.44830  -2.67778
   5.44800  -2.67977
   5.44858  -2.67987
   5.45734  -2.68123
   5.45975  -2.68184
   5.46457  -2.68274
   5.47109  -2.68300
   5.47537  -2.68308
   5.48293  -2.68478
   5.48935  -2.68438
   5.49357  -2.68401
   5.49444  -2.68417
   5.49680  -2.68456
   5.50655  -2.68444
   5.51350  -2.67988
   5.51655  -2.67864
   5.51959  -2.67736
   5.52571  -2.67134
   5.52596  -2.67049
                    
