   0.16106  -0.79707
   0.16016  -0.79943
   0.15965  -0.80077
   0.16103  -0.80575
   0.16229  -0.81039
   0.16293  -0.81284
   0.16455  -0.82011
   0.16268  -0.82601
   0.16146  -0.82981
   0.16140  -0.82999
   0.16134  -0.83020
   0.15813  -0.84011
   0.15630  -0.84141
   0.15024  -0.84586
   0.14781  -0.84747
   0.14182  -0.85161
   0.13717  -0.85516
   0.13473  -0.85600
   0.13175  -0.85676
   0.11684  -0.85974
   0.11474  -0.86022
   0.11292  -0.86060
   0.09477  -0.86508
   0.07810  -0.86648
   0.07217  -0.86719
   0.06174  -0.86858
   0.05847  -0.86884
   0.04909  -0.86978
   0.04589  -0.87022
   0.03903  -0.87127
   0.03027  -0.87276
   0.02583  -0.87327
   0.01501  -0.87498
   0.00998  -0.87590
   0.00199  -0.87731
  -0.00000  -0.87765
  -0.00273  -0.87789
  -0.01482  -0.87934
  -0.02423  -0.88079
  -0.02949  -0.88164
  -0.03508  -0.88196
  -0.04423  -0.88275
  -0.05412  -0.88389
  -0.05893  -0.88453
  -0.06276  -0.88453
  -0.07408  -0.88461
  -0.07789  -0.88472
  -0.08686  -0.88488
  -0.08943  -0.88500
  -0.09672  -0.88413
  -0.10574  -0.88337
  -0.10865  -0.88319
  -0.11397  -0.88280
  -0.12243  -0.88238
  -0.12970  -0.88129
  -0.13815  -0.87966
  -0.14077  -0.87889
  -0.14878  -0.87672
  -0.15582  -0.87486
  -0.16093  -0.87363
  -0.16744  -0.87175
  -0.17181  -0.87018
  -0.18239  -0.86446
  -0.18366  -0.86384
  -0.18412  -0.86361
  -0.18517  -0.86305
  -0.19527  -0.85786
  -0.19984  -0.85418
  -0.20415  -0.85064
  -0.21106  -0.84517
  -0.21298  -0.84374
  -0.21380  -0.84280
  -0.21837  -0.83743
  -0.22372  -0.83126
  -0.21837  -0.83743
                    
  -0.16106  -1.64043
  -0.16016  -1.63807
  -0.15965  -1.63673
  -0.15722  -1.63535
  -0.15064  -1.63155
  -0.15014  -1.63125
  -0.14306  -1.62817
  -0.14024  -1.62658
  -0.13538  -1.62197
  -0.13154  -1.61860
  -0.12962  -1.61687
  -0.12357  -1.61003
  -0.12327  -1.60972
  -0.11724  -1.60323
  -0.11561  -1.60128
  -0.11282  -1.59788
  -0.10799  -1.59205
  -0.10465  -1.58954
  -0.09811  -1.58492
  -0.09621  -1.58383
  -0.08886  -1.57945
  -0.08245  -1.57549
  -0.07884  -1.57439
  -0.07086  -1.57175
  -0.06177  -1.56907
  -0.05866  -1.56862
  -0.04964  -1.56716
  -0.04580  -1.56663
  -0.03753  -1.56532
  -0.03019  -1.56383
  -0.02642  -1.56369
  -0.01505  -1.56347
  -0.00121  -1.56270
   0.00000  -1.56257
   0.00107  -1.56259
   0.01503  -1.56291
   0.02747  -1.56272
   0.03008  -1.56254
   0.03313  -1.56256
   0.04527  -1.56259
   0.05429  -1.56233
   0.06050  -1.56185
   0.06945  -1.56165
   0.07596  -1.56137
   0.08014  -1.56112
   0.09148  -1.56016
   0.09663  -1.56009
   0.10468  -1.55983
   0.10753  -1.55981
   0.11434  -1.55964
   0.12384  -1.55900
   0.12782  -1.55903
   0.13377  -1.55959
   0.14168  -1.56080
   0.14825  -1.56163
   0.15528  -1.56289
   0.16088  -1.56375
   0.16767  -1.56537
   0.17240  -1.56702
   0.18436  -1.57320
   0.18446  -1.57325
   0.18449  -1.57326
   0.18457  -1.57330
   0.19607  -1.57921
   0.20021  -1.58271
   0.20472  -1.58654
   0.21179  -1.59232
   0.21336  -1.59355
   0.21401  -1.59443
   0.21854  -1.59998
   0.22372  -1.60624
   0.21854  -1.59998
                    
   0.07810  -0.86648
   0.09477  -0.86508
   0.11292  -0.86060
                    
  -0.22569  -0.82784
  -0.22372  -0.83126
  -0.22569  -0.82784
                    
   0.22569  -1.60966
   0.22372  -1.60624
   0.22569  -1.60966
                    
   0.16424  -2.01705
   0.16357  -2.01876
   0.16280  -2.02074
   0.16401  -2.02739
   0.16461  -2.03007
   0.16494  -2.03156
   0.16561  -2.03768
   0.16578  -2.03937
   0.16176  -2.04853
   0.16161  -2.04883
   0.16147  -2.04911
   0.15736  -2.05854
   0.15684  -2.05885
   0.14939  -2.06346
   0.14592  -2.06548
   0.13608  -2.07159
   0.13427  -2.07282
   0.13346  -2.07305
   0.13259  -2.07321
   0.11993  -2.07558
   0.11367  -2.07699
   0.11326  -2.07709
   0.11275  -2.07718
   0.09552  -2.08102
   0.09292  -2.08157
   0.08926  -2.08240
   0.07840  -2.08386
   0.07134  -2.08503
   0.06191  -2.08637
   0.05596  -2.08718
   0.04886  -2.08830
   0.04591  -2.08875
   0.03932  -2.08984
   0.03026  -2.09168
   0.02612  -2.09229
   0.01500  -2.09397
   0.01095  -2.09468
   0.00232  -2.09631
  -0.00000  -2.09671
  -0.00314  -2.09696
  -0.01481  -2.09825
  -0.02417  -2.09958
  -0.02949  -2.10040
  -0.03491  -2.10054
  -0.04432  -2.10085
  -0.05602  -2.10160
  -0.05917  -2.10192
  -0.06150  -2.10186
  -0.06856  -2.10143
  -0.07457  -2.10113
  -0.08474  -2.10087
  -0.09026  -2.10063
  -0.10464  -2.09853
  -0.10610  -2.09835
  -0.10699  -2.09818
  -0.11262  -2.09716
  -0.12445  -2.09556
  -0.12649  -2.09525
  -0.12862  -2.09469
  -0.14433  -2.08906
  -0.14465  -2.08896
  -0.14488  -2.08886
  -0.14606  -2.08837
  -0.15994  -2.08333
  -0.16203  -2.08178
  -0.16784  -2.07757
  -0.17018  -2.07593
  -0.17717  -2.07122
  -0.18034  -2.06892
  -0.18342  -2.06473
  -0.18667  -2.06022
  -0.18933  -2.05657
  -0.19301  -2.05183
  -0.19472  -2.04715
  -0.19558  -2.04400
  -0.19657  -2.04029
  -0.19797  -2.03625
  -0.19886  -2.03445
  -0.19972  -2.03270
                    
   0.19972  -2.84230
   0.19886  -2.84055
   0.19797  -2.83875
   0.19532  -2.83614
   0.19161  -2.83295
   0.18631  -2.82824
   0.18510  -2.82703
   0.18397  -2.82604
   0.17956  -2.82257
   0.17560  -2.82005
   0.16904  -2.81569
   0.16505  -2.81317
   0.15341  -2.80786
   0.15243  -2.80739
   0.15187  -2.80714
   0.14966  -2.80614
   0.13849  -2.80059
   0.13524  -2.79957
   0.13141  -2.79855
   0.11592  -2.79681
   0.11431  -2.79658
   0.11316  -2.79640
   0.10572  -2.79509
   0.09524  -2.79294
   0.09331  -2.79295
   0.08961  -2.79251
   0.07870  -2.79249
   0.06930  -2.79218
   0.06245  -2.79168
   0.05001  -2.79126
   0.04656  -2.79115
   0.04440  -2.79107
   0.03695  -2.79033
   0.03080  -2.78959
   0.01965  -2.78843
   0.01529  -2.78774
   0.00768  -2.78639
   0.00000  -2.78499
  -0.00520  -2.78454
  -0.01510  -2.78340
  -0.02733  -2.78159
  -0.03006  -2.78114
  -0.03310  -2.78129
  -0.04531  -2.78170
  -0.05368  -2.78173
  -0.06066  -2.78151
  -0.07506  -2.78423
  -0.07629  -2.78442
  -0.07693  -2.78453
  -0.07909  -2.78488
  -0.09358  -2.78675
  -0.09745  -2.78791
  -0.10166  -2.78925
  -0.11105  -2.79681
  -0.11245  -2.79791
  -0.11295  -2.79830
  -0.11400  -2.79905
  -0.12391  -2.80582
  -0.12651  -2.81096
  -0.12955  -2.81553
  -0.13383  -2.82180
  -0.13552  -2.82480
  -0.13691  -2.82725
  -0.14141  -2.83397
  -0.14750  -2.84276
  -0.15524  -2.84859
  -0.14750  -2.84276
  -0.14141  -2.83397
                    
  -0.15524  -2.84859
  -0.15969  -2.85178
  -0.16280  -2.85426
  -0.16357  -2.85624
  -0.16424  -2.85795
                    
