   0.23323   0.38646
   0.23210   0.38459
   0.23119   0.38308
   0.23005   0.37911
   0.22913   0.37496
   0.22842   0.37183
   0.22677   0.36683
   0.22280   0.36122
   0.22080   0.35837
   0.21864   0.35529
   0.21471   0.34967
   0.21014   0.34618
   0.20539   0.34279
   0.19724   0.33670
   0.19590   0.33562
   0.19500   0.33518
   0.19313   0.33452
   0.18056   0.33157
   0.17663   0.33051
   0.17141   0.32927
   0.16407   0.32733
   0.15787   0.32625
   0.15172   0.32536
   0.14134   0.32539
   0.13720   0.32530
   0.13468   0.32514
   0.12293   0.32413
   0.11776   0.32355
   0.11646   0.32370
   0.11355   0.32365
   0.10209   0.32380
   0.09441   0.32365
   0.08647   0.32270
   0.07600   0.32247
   0.07259   0.32231
   0.07141   0.32211
   0.06796   0.32150
   0.05637   0.31969
   0.05144   0.31921
   0.04173   0.31695
   0.04041   0.31661
   0.03059   0.31514
   0.02752   0.31461
   0.02246   0.31408
   0.01365   0.31271
   0.00837   0.31176
  -0.00000   0.31041
  -0.01081   0.30946
  -0.01349   0.30905
  -0.01558   0.30871
  -0.02688   0.30720
  -0.03861   0.30633
  -0.04029   0.30604
  -0.04183   0.30578
  -0.05365   0.30426
  -0.06391   0.30351
  -0.06718   0.30304
  -0.07100   0.30244
  -0.08067   0.30108
  -0.08769   0.30068
  -0.09457   0.29994
  -0.10525   0.29845
  -0.10846   0.29799
  -0.11030   0.29793
  -0.11484   0.29781
  -0.12343   0.29799
  -0.13093   0.29793
  -0.13860   0.29722
  -0.14555   0.29762
  -0.15126   0.29780
  -0.15509   0.29793
  -0.16997   0.29792
  -0.17109   0.29807
  -0.17212   0.29813
  -0.18709   0.30142
  -0.18958   0.30187
  -0.19267   0.30244
  -0.20384   0.30416
  -0.20803   0.30546
  -0.21483   0.30681
  -0.21846   0.30792
  -0.22612   0.31010
  -0.23190   0.31183
  -0.24327   0.31704
  -0.23190   0.31183
                    
  -0.23323  -0.38646
  -0.23210  -0.38459
  -0.23119  -0.38308
  -0.22853  -0.38117
  -0.22381  -0.37816
  -0.21662  -0.37338
  -0.21627  -0.37312
  -0.21599  -0.37292
  -0.21490  -0.37222
  -0.20491  -0.36769
  -0.19954  -0.36507
  -0.19354  -0.36182
  -0.18679  -0.35882
  -0.18299  -0.35703
  -0.18134  -0.35610
  -0.17740  -0.35383
  -0.16987  -0.34951
  -0.16657  -0.34843
  -0.16152  -0.34639
  -0.15456  -0.34446
  -0.14844  -0.34259
  -0.14054  -0.33810
  -0.14000  -0.33798
  -0.13081  -0.33575
  -0.12251  -0.33293
  -0.12097  -0.33237
  -0.11229  -0.33021
  -0.10444  -0.32670
  -0.10292  -0.32641
  -0.09384  -0.32445
  -0.08641  -0.32250
  -0.08026  -0.32143
  -0.07418  -0.32023
  -0.07080  -0.31937
  -0.05724  -0.31544
  -0.05552  -0.31490
  -0.05501  -0.31485
  -0.05346  -0.31467
  -0.04136  -0.31413
  -0.03223  -0.31340
  -0.02738  -0.31294
  -0.02129  -0.31320
  -0.01368  -0.31330
  -0.00678  -0.31323
   0.00000  -0.31306
   0.00653  -0.31345
   0.01369  -0.31362
   0.02184  -0.31361
   0.02743  -0.31355
   0.03201  -0.31364
   0.04126  -0.31341
   0.05274  -0.31275
   0.05512  -0.31260
   0.05696  -0.31247
   0.06897  -0.31111
   0.07490  -0.31027
   0.08192  -0.30934
   0.08284  -0.30916
   0.08399  -0.30899
   0.09682  -0.30706
   0.10616  -0.30531
   0.11073  -0.30423
   0.11832  -0.30332
   0.12520  -0.30227
   0.12911  -0.30159
   0.13975  -0.29969
   0.14134  -0.29963
   0.15067  -0.29912
   0.15573  -0.29915
   0.16844  -0.29878
   0.17068  -0.29909
   0.17286  -0.29940
   0.18416  -0.30321
   0.18853  -0.30453
   0.19576  -0.30728
   0.19791  -0.30805
   0.20540  -0.31229
   0.20938  -0.31417
   0.21912  -0.31845
   0.22132  -0.31943
   0.22222  -0.32003
   0.22502  -0.32136
   0.23180  -0.32552
   0.23834  -0.32934
   0.24218  -0.33124
   0.24927  -0.33483
   0.25265  -0.33668
   0.25462  -0.33774
   0.26123  -0.34044
   0.26357  -0.34136
   0.26999  -0.34418
   0.27219  -0.34497
   0.27599  -0.34629
   0.28103  -0.34817
   0.28211  -0.34951
   0.28351  -0.35125
                    
   0.05385   0.44817
   0.05373   0.44715
   0.05338   0.44424
   0.04902   0.44040
   0.04580   0.43703
   0.03964   0.43031
   0.03888   0.42951
   0.03842   0.42908
   0.03748   0.42835
   0.02447   0.42022
   0.02173   0.41838
   0.01818   0.41644
   0.00754   0.41026
   0.00385   0.40802
  -0.00000   0.40664
  -0.00692   0.40612
  -0.01765   0.40432
  -0.02438   0.40303
  -0.03514   0.40169
  -0.04420   0.40252
  -0.05303   0.40281
  -0.06795   0.40284
  -0.07103   0.40283
  -0.07242   0.40309
  -0.07432   0.40354
  -0.09043   0.40791
  -0.09360   0.40867
  -0.09733   0.40952
  -0.11044   0.41217
  -0.11473   0.41359
  -0.11767   0.41491
  -0.12021   0.41777
  -0.12385   0.42161
  -0.12619   0.42403
  -0.13001   0.42813
  -0.13088   0.43100
  -0.13116   0.43191
                    
  -0.24327   0.31704
  -0.25484   0.32160
  -0.24327   0.31704
                    
  -0.28351   0.35125
  -0.28211   0.34951
  -0.28103   0.34817
  -0.27922   0.34535
  -0.27676   0.34132
  -0.27395   0.33679
  -0.27238   0.33437
  -0.26901   0.33194
  -0.26360   0.32817
  -0.25970   0.32540
  -0.25484   0.32160
                    
  -0.03718  -0.42498
  -0.01836  -0.42053
   0.00000  -0.41672
  -0.01836  -0.42053
  -0.03718  -0.42498
  -0.04225  -0.42649
  -0.04651  -0.42876
  -0.04792  -0.43294
  -0.05022  -0.43655
  -0.05174  -0.43889
  -0.05338  -0.44424
  -0.05373  -0.44715
  -0.05385  -0.44817
                    
   0.13116  -0.43191
   0.13088  -0.43100
   0.13001  -0.42813
   0.12498  -0.42502
   0.12016  -0.42268
   0.11215  -0.41856
   0.10999  -0.41787
   0.10846  -0.41741
   0.09212  -0.41552
   0.08684  -0.41475
   0.07814  -0.41361
   0.07279  -0.41281
   0.06012  -0.41332
   0.05442  -0.41336
   0.04543  -0.41327
   0.03614  -0.41302
   0.02790  -0.41429
   0.01813  -0.41519
   0.00947  -0.41579
   0.00000  -0.41672
                    
   0.22943  -0.83002
   0.22786  -0.83267
   0.22742  -0.83342
   0.22749  -0.83619
   0.22796  -0.84308
   0.22816  -0.84688
   0.22783  -0.85257
   0.22426  -0.86019
   0.22341  -0.86200
   0.22265  -0.86359
   0.21879  -0.87162
   0.21234  -0.87686
   0.20979  -0.87863
   0.20537  -0.88176
   0.20044  -0.88582
   0.19691  -0.88739
   0.19023  -0.88926
   0.18682  -0.89067
   0.17946  -0.89390
   0.17256  -0.89581
   0.16752  -0.89694
   0.16106  -0.89854
   0.15423  -0.89927
   0.14863  -0.90000
   0.14159  -0.90135
   0.13196  -0.90216
   0.13106  -0.90233
   0.12208  -0.90426
   0.11418  -0.90503
   0.10854  -0.90573
   0.10211  -0.90668
   0.09834  -0.90685
   0.08871  -0.90751
   0.08319  -0.90826
   0.08130  -0.90849
   0.07638  -0.90884
   0.06832  -0.91059
   0.06167  -0.91224
   0.05383  -0.91344
   0.04418  -0.91473
   0.04100  -0.91523
   0.03995  -0.91530
   0.03830  -0.91543
   0.02638  -0.91723
   0.01944  -0.91807
   0.01311  -0.91859
   0.00469  -0.91949
  -0.00000  -0.92031
  -0.00353  -0.92058
  -0.01299  -0.92118
  -0.02315  -0.92217
  -0.02591  -0.92259
  -0.02870  -0.92266
  -0.03892  -0.92311
  -0.04777  -0.92378
  -0.05194  -0.92421
  -0.05777  -0.92409
  -0.06528  -0.92427
  -0.07037  -0.92450
  -0.07876  -0.92482
  -0.08811  -0.92444
  -0.09158  -0.92438
  -0.09285  -0.92427
  -0.09632  -0.92398
  -0.10737  -0.92376
  -0.11180  -0.92353
  -0.11863  -0.92243
  -0.12284  -0.92218
  -0.13143  -0.92187
  -0.13885  -0.92099
  -0.14417  -0.92046
  -0.15082  -0.91996
  -0.15608  -0.91893
  -0.16413  -0.91758
  -0.16954  -0.91685
  -0.17507  -0.91553
  -0.18247  -0.91452
  -0.18838  -0.91386
  -0.19527  -0.91224
  -0.19905  -0.91143
  -0.20656  -0.90940
  -0.21288  -0.90695
  -0.22016  -0.90433
  -0.22418  -0.90360
  -0.22640  -0.90290
  -0.23103  -0.90077
  -0.23836  -0.89800
  -0.24142  -0.89691
  -0.24964  -0.89309
  -0.25019  -0.89270
  -0.25741  -0.88762
  -0.25863  -0.88665
  -0.26023  -0.88538
  -0.26739  -0.88038
  -0.27097  -0.87636
  -0.27270  -0.87418
  -0.27441  -0.87201
  -0.27791  -0.86809
  -0.27949  -0.86610
  -0.28037  -0.86499
                    
   0.21141  -1.53155
   0.22290  -1.53708
   0.21141  -1.53155
   0.20626  -1.52888
   0.19865  -1.52632
   0.19520  -1.52516
   0.18871  -1.52282
   0.18400  -1.52206
   0.17402  -1.52015
   0.17010  -1.51928
   0.16551  -1.51916
   0.15605  -1.51853
   0.15061  -1.51800
   0.14087  -1.51861
   0.13985  -1.51865
   0.12962  -1.51933
   0.12485  -1.52018
   0.11656  -1.52146
   0.11033  -1.52187
   0.10722  -1.52220
   0.09625  -1.52400
   0.09077  -1.52475
   0.08383  -1.52529
   0.08220  -1.52551
   0.07992  -1.52577
   0.06823  -1.52650
   0.06053  -1.52673
   0.05436  -1.52703
   0.04596  -1.52727
   0.04061  -1.52724
   0.03680  -1.52715
   0.02696  -1.52688
   0.01447  -1.52656
   0.01344  -1.52651
   0.01259  -1.52647
   0.00447  -1.52593
   0.00000  -1.52554
  -0.01298  -1.52532
  -0.01338  -1.52530
  -0.01380  -1.52527
  -0.02675  -1.52447
  -0.02894  -1.52460
  -0.03869  -1.52499
  -0.04033  -1.52511
  -0.04295  -1.52528
  -0.05406  -1.52535
  -0.06099  -1.52614
  -0.06844  -1.52749
  -0.07634  -1.52867
  -0.08122  -1.52913
  -0.08327  -1.52950
  -0.09268  -1.53179
  -0.09907  -1.53296
  -0.10059  -1.53322
  -0.10255  -1.53378
  -0.11589  -1.53716
  -0.11934  -1.53781
  -0.12284  -1.53899
  -0.13458  -1.54366
  -0.13693  -1.54451
  -0.13854  -1.54534
  -0.14567  -1.54882
  -0.15243  -1.55166
  -0.15368  -1.55249
  -0.15674  -1.55488
  -0.16358  -1.55902
  -0.16945  -1.56236
  -0.17453  -1.56596
  -0.18232  -1.57304
  -0.18333  -1.57383
  -0.18389  -1.57427
  -0.18619  -1.57641
  -0.19179  -1.58150
  -0.19801  -1.58633
  -0.20070  -1.58876
  -0.20475  -1.59235
  -0.20929  -1.59584
  -0.21201  -1.59707
  -0.21807  -1.60024
  -0.22115  -1.60179
  -0.22593  -1.60337
  -0.22742  -1.60408
  -0.22786  -1.60483
  -0.22943  -1.60748
                    
   0.23444  -1.54237
   0.22290  -1.53708
   0.23444  -1.54237
   0.23979  -1.54463
   0.24551  -1.54753
   0.25422  -1.55297
   0.25517  -1.55352
   0.25575  -1.55386
   0.25836  -1.55545
   0.26471  -1.55922
   0.26982  -1.56324
   0.27133  -1.56440
   0.27319  -1.56583
   0.27791  -1.56941
   0.27949  -1.57140
   0.28037  -1.57251
                    
   1.04822  -1.18929
   1.04843  -1.19197
   1.04887  -1.19462
   1.04843  -1.19197
   1.04822  -1.18929
   1.04774  -1.18697
   1.04735  -1.18578
   1.04673  -1.18354
   1.04653  -1.18195
   1.04645  -1.18099
   1.04685  -1.17893
   1.04757  -1.17613
   1.04788  -1.17255
   1.04831  -1.16995
   1.04870  -1.16929
   1.04900  -1.16817
   1.04938  -1.16546
   1.04972  -1.16366
   1.05055  -1.16198
   1.05173  -1.15984
   1.05223  -1.15900
   1.05263  -1.15834
   1.05412  -1.15610
   1.05622  -1.15330
   1.05412  -1.15610
                    
   1.05458  -1.20684
   1.05717  -1.20923
   1.05458  -1.20684
   1.05301  -1.20507
   1.05244  -1.20434
   1.05221  -1.20363
   1.05122  -1.20203
   1.05057  -1.20084
   1.05049  -1.19979
   1.04984  -1.19809
   1.04956  -1.19723
   1.04936  -1.19658
   1.04887  -1.19462
                    
   1.05740  -1.21057
   1.05717  -1.20923
   1.05740  -1.21057
   1.05768  -1.21177
   1.05766  -1.21187
   1.05763  -1.21197
   1.05738  -1.21300
   1.05717  -1.21403
   1.05715  -1.21413
   1.05714  -1.21424
   1.05754  -1.21535
   1.05796  -1.21634
   1.05794  -1.21653
   1.05793  -1.21671
   1.05787  -1.21764
   1.05785  -1.21856
   1.05785  -1.21875
   1.05785  -1.21894
   1.05787  -1.21986
   1.05793  -1.22079
   1.05794  -1.22097
   1.05796  -1.22116
   1.05807  -1.22208
   1.05820  -1.22299
   1.05824  -1.22318
   1.05827  -1.22336
   1.05845  -1.22427
   1.05867  -1.22517
   1.05872  -1.22535
   1.05876  -1.22552
   1.05903  -1.22641
   1.05932  -1.22729
   1.05938  -1.22747
   1.05945  -1.22764
   1.05979  -1.22850
   1.06016  -1.22935
   1.06024  -1.22952
   1.06031  -1.22969
   1.06073  -1.23052
   1.06117  -1.23133
   1.06126  -1.23149
   1.06136  -1.23165
   1.06139  -1.23273
   1.06150  -1.23391
   1.06156  -1.23400
   1.06162  -1.23408
   1.06224  -1.23493
   1.06290  -1.23576
   1.06297  -1.23584
   1.06304  -1.23592
   1.06329  -1.23712
   1.06364  -1.23844
   1.06329  -1.23712
                    
   1.03750  -1.26075
   1.04399  -1.25809
   1.05223  -1.24986
   1.06364  -1.23844
   1.05223  -1.24986
   1.04399  -1.25809
   1.03750  -1.26075
   1.03477  -1.26160
   1.03265  -1.26128
   1.03143  -1.25979
   1.03029  -1.25945
   1.02944  -1.25917
   1.02815  -1.25739
   1.02692  -1.25556
   1.02652  -1.25495
   1.02613  -1.25432
   1.02499  -1.25243
   1.02392  -1.25051
   1.02323  -1.25004
   1.02268  -1.24966
   1.02164  -1.24752
   1.02007  -1.24546
   1.01970  -1.24511
   1.01939  -1.24481
   1.01793  -1.24255
   1.01760  -1.23989
   1.01748  -1.23951
   1.01736  -1.23914
   1.01712  -1.23649
   1.01600  -1.23408
   1.01578  -1.23373
   1.01558  -1.23343
   1.01460  -1.23087
   1.01417  -1.22809
   1.01414  -1.22786
   1.01411  -1.22763
   1.01381  -1.22483
   1.01362  -1.22203
   1.01361  -1.22179
   1.01360  -1.22156
   1.01354  -1.21875
   1.01256  -1.21566
   1.01354  -1.21875
                    
   1.04685  -1.17893
   1.04757  -1.17613
   1.04788  -1.17255
                    
   1.13989  -1.26231
   1.13760  -1.26429
   1.13557  -1.26661
   1.13343  -1.26885
   1.13120  -1.27098
   1.12887  -1.27302
   1.12646  -1.27496
   1.12397  -1.27678
   1.12216  -1.27924
   1.12397  -1.27678
   1.12646  -1.27496
   1.12887  -1.27302
   1.13120  -1.27098
   1.13343  -1.26885
   1.13557  -1.26661
   1.13760  -1.26429
   1.13989  -1.26231
   1.13997  -1.26221
   1.14004  -1.26211
   1.14222  -1.25998
   1.14415  -1.25791
   1.14444  -1.25768
   1.14478  -1.25741
   1.14662  -1.25529
   1.14824  -1.25326
   1.14854  -1.25269
   1.14883  -1.25212
   1.15032  -1.24999
   1.15192  -1.24816
   1.15254  -1.24742
   1.15325  -1.24653
   1.15464  -1.24471
   1.15601  -1.24324
   1.15733  -1.24208
   1.15910  -1.24041
   1.16001  -1.23930
   1.16058  -1.23834
   1.16181  -1.23615
   1.16318  -1.23348
   1.16347  -1.23288
   1.16378  -1.23240
   1.16594  -1.22963
   1.16378  -1.23240
                    
   1.16941  -1.22704
   1.16594  -1.22963
   1.16941  -1.22704
   1.17024  -1.22635
   1.17161  -1.22518
   1.17424  -1.22272
   1.17575  -1.22117
   1.17792  -1.21875
   1.18133  -1.21533
   1.18195  -1.21465
   1.18220  -1.21443
   1.18278  -1.21393
   1.18667  -1.20971
   1.18809  -1.20753
   1.18977  -1.20474
   1.19250  -1.19950
   1.18977  -1.20474
                    
   1.17883  -1.16904
   1.18380  -1.17190
   1.19685  -1.16581
   1.18380  -1.17190
   1.17883  -1.16904
   1.17585  -1.16754
   1.17439  -1.16618
   1.17147  -1.16474
   1.16904  -1.16415
   1.16783  -1.16388
   1.16431  -1.16205
   1.16295  -1.16151
   1.16011  -1.16048
   1.15973  -1.16013
   1.15931  -1.15974
   1.15555  -1.15816
   1.15279  -1.15715
   1.15162  -1.15618
   1.15033  -1.15514
   1.14786  -1.15422
   1.14590  -1.15367
   1.14394  -1.15261
   1.14168  -1.15146
   1.14012  -1.15107
   1.13897  -1.15068
   1.13665  -1.14926
   1.13415  -1.14784
   1.13318  -1.14756
   1.13239  -1.14729
   1.12973  -1.14593
   1.12688  -1.14460
   1.12624  -1.14443
   1.12571  -1.14420
   1.12293  -1.14268
   1.12010  -1.14128
   1.11955  -1.14108
   1.11903  -1.14091
   1.11598  -1.13994
   1.11275  -1.13905
   1.11237  -1.13896
   1.11203  -1.13881
   1.10887  -1.13775
   1.10568  -1.13681
   1.10532  -1.13669
   1.10495  -1.13655
   1.10173  -1.13577
   1.09848  -1.13512
   1.09810  -1.13500
   1.09770  -1.13491
   1.09444  -1.13442
   1.09115  -1.13405
   1.09075  -1.13399
   1.09034  -1.13395
   1.08703  -1.13414
   1.08355  -1.13449
   1.08333  -1.13449
   1.08312  -1.13449
   1.07968  -1.13502
   1.07607  -1.13574
   1.07968  -1.13502
                    
   1.07265  -1.13758
   1.07607  -1.13574
   1.07265  -1.13758
   1.07009  -1.13913
   1.06937  -1.13959
   1.06847  -1.14019
   1.06626  -1.14174
   1.06460  -1.14301
   1.06332  -1.14405
   1.06173  -1.14600
   1.06079  -1.14725
   1.06017  -1.14812
   1.05853  -1.15060
   1.05622  -1.15330
   1.05853  -1.15060
                    
   0.87354  -1.26526
   0.87244  -1.27526
   0.87354  -1.26526
   0.87440  -1.25967
   0.87451  -1.25557
   0.87506  -1.24973
   0.87593  -1.24606
   0.87646  -1.24399
   0.87724  -1.23678
   0.87762  -1.22797
   0.87764  -1.22773
   0.87766  -1.22753
   0.87785  -1.22473
   0.87839  -1.21875
   0.87939  -1.21084
   0.87949  -1.20985
   0.87962  -1.20877
   0.88094  -1.20104
   0.88234  -1.19437
   0.88289  -1.19236
   0.88358  -1.18995
   0.88525  -1.18382
   0.88771  -1.17940
   0.88998  -1.17588
   0.89388  -1.17027
   0.89521  -1.16834
   0.89630  -1.16738
   0.89904  -1.16503
   0.90277  -1.16182
   0.90702  -1.15842
   0.91092  -1.15600
   0.91622  -1.15436
   0.92026  -1.15328
   0.92378  -1.15266
   0.93240  -1.15155
   0.93589  -1.15212
   0.94229  -1.15298
   0.94566  -1.15364
   0.95375  -1.15543
   0.95986  -1.15674
   0.96811  -1.16058
   0.97140  -1.16254
   0.97621  -1.16534
   0.98427  -1.16900
   0.98921  -1.17243
   0.99272  -1.17649
   0.99414  -1.17802
   0.99796  -1.18181
   0.99891  -1.18378
   1.00094  -1.18750
   1.00256  -1.18935
   1.00313  -1.19003
   1.00424  -1.19254
   1.00558  -1.19423
   1.00808  -1.19710
   1.00863  -1.19873
   1.00903  -1.20081
   1.00988  -1.20247
   1.01046  -1.20350
   1.01094  -1.20599
   1.01107  -1.20873
   1.01120  -1.20925
   1.01131  -1.20968
   1.01154  -1.21247
   1.01256  -1.21566
   1.01154  -1.21247
                    
   1.05385  -1.31131
   1.04980  -1.31089
   1.05385  -1.31131
   1.05412  -1.31140
   1.05439  -1.31148
   1.05840  -1.31181
   1.06190  -1.31160
   1.06275  -1.31162
   1.06370  -1.31163
   1.06702  -1.31129
   1.06973  -1.31065
   1.07125  -1.31056
   1.07293  -1.31044
   1.07537  -1.30978
   1.07728  -1.30902
   1.07940  -1.30875
   1.08173  -1.30840
   1.08333  -1.30771
   1.08457  -1.30705
   1.08715  -1.30607
   1.09014  -1.30480
   1.09082  -1.30438
   1.09138  -1.30413
   1.09446  -1.30325
   1.09773  -1.30217
   1.09801  -1.30201
   1.09826  -1.30188
   1.10137  -1.30010
   1.09826  -1.30188
                    
   1.10361  -1.29715
   1.10137  -1.30010
   1.10361  -1.29715
   1.10422  -1.29672
   1.10499  -1.29596
   1.10688  -1.29344
   1.10804  -1.29175
   1.10936  -1.29024
   1.11117  -1.28913
   1.11212  -1.28826
   1.11290  -1.28753
   1.11480  -1.28623
   1.11682  -1.28475
   1.11738  -1.28416
   1.11784  -1.28366
   1.11987  -1.28203
   1.12181  -1.27969
   1.12200  -1.27945
   1.12216  -1.27924
                    
   1.20737  -1.20132
   1.19250  -1.19950
   1.20737  -1.20132
   1.20892  -1.20160
   1.21193  -1.20182
   1.22057  -1.20271
   1.22410  -1.20506
   1.22582  -1.20628
   1.23270  -1.21092
   1.23425  -1.21216
   1.23471  -1.21253
   1.23552  -1.21306
   1.24351  -1.21875
   1.24576  -1.22032
   1.24851  -1.22235
   1.25546  -1.22627
   1.25880  -1.22833
   1.26204  -1.23046
   1.26826  -1.23493
   1.27144  -1.23716
   1.27424  -1.23882
   1.27930  -1.23903
   1.28772  -1.24079
   1.29366  -1.24209
   1.30037  -1.24252
   1.30710  -1.24326
   1.31352  -1.24498
   1.31769  -1.24614
   1.32597  -1.24711
   1.33539  -1.24889
   1.33881  -1.24977
   1.34128  -1.25042
   1.35102  -1.25230
   1.36191  -1.25366
   1.36367  -1.25400
   1.36520  -1.25430
   1.37578  -1.25563
   1.38424  -1.25371
   1.38875  -1.25197
   1.40130  -1.24657
   1.38875  -1.25197
                    
   0.89925  -1.31024
   0.88546  -1.31102
   0.87336  -1.31666
   0.88546  -1.31102
   0.89925  -1.31024
   0.90311  -1.30986
   0.91081  -1.30856
   0.91342  -1.30806
   0.92033  -1.30850
   0.92719  -1.30890
   0.92851  -1.30876
   0.93627  -1.30773
   0.94369  -1.30705
   0.94494  -1.30691
   0.95180  -1.30595
   0.95824  -1.30561
   0.95943  -1.30551
   0.96623  -1.30446
   0.97153  -1.30454
   0.97495  -1.30445
   0.97977  -1.30271
   0.98398  -1.30212
   0.98916  -1.30134
   0.99229  -1.30072
   0.99352  -1.30105
   0.99558  -1.30154
   1.00073  -1.30136
   1.00288  -1.30128
   1.00669  -1.30239
   1.01208  -1.30367
   1.00669  -1.30239
                    
   1.01834  -1.30345
   1.01208  -1.30367
   1.01834  -1.30345
   1.02145  -1.30314
   1.02383  -1.30372
   1.02645  -1.30482
   1.02854  -1.30476
   1.02982  -1.30470
   1.03296  -1.30600
   1.03646  -1.30730
   1.03717  -1.30744
   1.03775  -1.30755
   1.04137  -1.30874
   1.04537  -1.30986
   1.04560  -1.30985
   1.04577  -1.30983
   1.04980  -1.31089
   1.04577  -1.30983
                    
   1.19685  -1.16581
   1.20855  -1.16036
   1.21903  -1.14961
   1.20855  -1.16036
   1.19685  -1.16581
                    
   1.23940  -1.13090
   1.24957  -1.12277
   1.23940  -1.13090
   1.23281  -1.13589
   1.22819  -1.13928
   1.22164  -1.14675
   1.22008  -1.14840
   1.21903  -1.14961
                    
   1.30968  -1.16937
   1.32391  -1.17633
   1.33700  -1.17536
   1.32391  -1.17633
   1.30968  -1.16937
   1.30910  -1.16911
   1.30885  -1.16875
   1.30837  -1.16807
   1.30027  -1.16062
   1.29748  -1.15828
   1.29393  -1.15235
   1.28850  -1.14408
   1.28022  -1.13720
   1.27671  -1.13455
   1.27237  -1.13060
   1.26810  -1.12863
   1.26398  -1.12690
   1.26142  -1.12604
   1.24957  -1.12277
   1.26142  -1.12604
                    
   1.28022  -1.13720
   1.28850  -1.14408
   1.29393  -1.15235
                    
   0.83895  -1.27293
   0.84737  -1.28198
   0.85955  -1.27871
   0.87244  -1.27526
   0.85955  -1.27871
   0.84737  -1.28198
   0.83895  -1.27293
   0.83593  -1.26937
   0.83280  -1.26293
   0.82818  -1.25234
   0.83280  -1.26293
                    
   0.87336  -1.31666
   0.86193  -1.32199
   0.84924  -1.32566
   0.86193  -1.32199
   0.87336  -1.31666
                    
   1.33700  -1.17536
   1.34690  -1.17477
   1.34942  -1.17422
   1.35082  -1.17304
   1.35222  -1.17134
   1.36066  -1.16467
   1.36474  -1.16121
   1.37129  -1.15579
   1.37229  -1.15469
   1.37769  -1.14845
   1.38067  -1.14149
   1.38176  -1.13879
   1.38615  -1.13244
   1.38910  -1.12721
   1.39410  -1.12077
   1.39658  -1.11739
   1.39782  -1.11454
   1.40254  -1.10257
   1.40408  -1.10046
   1.40487  -1.09936
   1.40650  -1.09884
   1.41629  -1.09630
   1.42740  -1.09352
   1.43982  -1.10635
   1.44223  -1.10902
   1.44547  -1.11197
   1.45340  -1.11959
   1.45433  -1.13082
   1.45520  -1.13631
   1.45586  -1.14080
   1.45514  -1.15319
   1.45031  -1.16156
   1.44575  -1.16664
   1.44344  -1.17134
   1.44009  -1.17775
   1.43660  -1.18621
   1.43585  -1.18791
   1.43179  -1.19624
   1.42783  -1.20371
   1.42612  -1.20678
   1.42176  -1.21299
   1.41918  -1.21875
   1.41452  -1.22725
   1.41247  -1.23078
   1.41097  -1.23306
   1.40130  -1.24657
   1.41097  -1.23305
                    
   0.82473  -1.24137
   0.82818  -1.25234
   0.82473  -1.24137
   0.82305  -1.23311
   0.82272  -1.23013
   0.82239  -1.22679
   0.82133  -1.21875
   0.82049  -1.21235
   0.81978  -1.20724
   0.81895  -1.20011
   0.81864  -1.19559
   0.81803  -1.19249
   0.81564  -1.18520
   0.81518  -1.18345
   0.81310  -1.17483
   0.81166  -1.17085
   0.80621  -1.16363
   0.80369  -1.16004
   0.79976  -1.15588
   0.79624  -1.15197
   0.78795  -1.14914
   0.78435  -1.14810
   0.78047  -1.14697
   0.77294  -1.14436
   0.76501  -1.14818
   0.76143  -1.15003
   0.75888  -1.15176
   0.74808  -1.15964
   0.74673  -1.16141
   0.74472  -1.16411
   0.73964  -1.17350
   0.73622  -1.18033
   0.73293  -1.18809
   0.72900  -1.20134
   0.72860  -1.20282
   0.72845  -1.20326
   0.72810  -1.20428
   0.72407  -1.21875
   0.72282  -1.22648
   0.72042  -1.23460
   0.71803  -1.24358
   0.71538  -1.24690
   0.70722  -1.25166
   0.71538  -1.24690
                    
   0.84924  -1.32566
   0.84075  -1.32793
   0.83760  -1.33009
   0.82229  -1.32688
   0.80920  -1.32708
   0.80383  -1.32527
   0.79488  -1.32445
   0.79338  -1.32429
   0.78572  -1.32187
   0.78122  -1.32173
   0.76797  -1.31819
   0.76750  -1.31805
   0.76725  -1.31800
   0.76662  -1.31789
   0.75405  -1.31473
   0.74888  -1.31506
   0.74177  -1.31460
   0.72966  -1.31352
   0.71994  -1.32114
   0.72966  -1.31352
   0.74177  -1.31460
                    
   0.80920  -1.32708
   0.82229  -1.32688
                    
   1.45586  -1.14080
   1.45514  -1.15319
   1.45031  -1.16156
                    
   1.41629  -1.09630
   1.42740  -1.09352
   1.43982  -1.10635
                    
   0.70075  -1.25835
   0.70722  -1.25166
   0.70075  -1.25835
   0.69685  -1.25937
   0.69434  -1.25612
   0.69218  -1.25297
   0.68464  -1.24597
   0.68080  -1.24220
   0.67445  -1.23660
   0.67335  -1.23560
   0.66800  -1.22741
   0.66406  -1.21875
   0.66242  -1.21541
   0.65860  -1.20726
   0.65563  -1.20008
   0.65284  -1.19289
   0.65025  -1.18765
   0.64789  -1.18065
   0.64600  -1.17596
   0.64334  -1.16900
   0.64029  -1.16042
   0.63988  -1.15921
   0.63619  -1.15871
   0.63596  -1.15868
                    
   0.64907  -1.34191
   0.65160  -1.34119
   0.65288  -1.34083
   0.65795  -1.34327
   0.66243  -1.34500
   0.66475  -1.34586
   0.67060  -1.34888
   0.67246  -1.34982
   0.68133  -1.34796
   0.68272  -1.34793
   0.68468  -1.34789
   0.69330  -1.34620
   0.70049  -1.33946
   0.70163  -1.33842
   0.70194  -1.33804
   0.70268  -1.33711
   0.71067  -1.32893
   0.71483  -1.32537
   0.71994  -1.32114
                    
   1.53071  -1.27882
   1.53048  -1.27879
   1.52679  -1.27829
   1.51932  -1.27729
   1.51883  -1.27737
   1.51819  -1.27749
   1.51072  -1.27648
   1.51013  -1.27494
   1.50646  -1.26581
   1.50396  -1.25555
   1.50324  -1.24811
   1.50224  -1.23966
   1.50201  -1.23703
   1.50161  -1.23279
   1.49959  -1.21875
   1.49903  -1.20945
   1.49815  -1.20064
   1.49677  -1.18961
   1.49586  -1.18266
   1.49578  -1.17515
   1.49453  -1.16461
   1.49302  -1.15412
   1.49268  -1.14657
   1.49618  -1.13663
   1.49781  -1.13160
   1.50188  -1.12596
   1.50387  -1.12311
   1.50611  -1.11512
   1.50838  -1.10726
   1.50908  -1.10467
   1.51240  -1.09888
   1.51379  -1.09667
   1.51506  -1.09631
   1.51760  -1.09559
                    
   2.20940  -1.22079
   2.21049  -1.22258
   2.20940  -1.22079
   2.20928  -1.22061
   2.20914  -1.22040
   2.20794  -1.21875
   2.20791  -1.21731
   2.20790  -1.21695
   2.20788  -1.21659
   2.20778  -1.21515
   2.20763  -1.21372
   2.20759  -1.21336
   2.20754  -1.21301
   2.20731  -1.21158
   2.20652  -1.21035
   2.20608  -1.21001
   2.20553  -1.20961
   2.20468  -1.20856
   2.20437  -1.20746
   2.20420  -1.20692
   2.20402  -1.20637
   2.20365  -1.20529
   2.20324  -1.20422
   2.20302  -1.20369
   2.20280  -1.20316
   2.20233  -1.20212
   2.20183  -1.20109
   2.20157  -1.20058
   2.20131  -1.20007
   2.20075  -1.19907
   2.20016  -1.19809
   2.19986  -1.19761
   2.19955  -1.19712
   2.19890  -1.19618
   2.19823  -1.19525
   2.19789  -1.19479
   2.19754  -1.19434
   2.19681  -1.19345
   2.19606  -1.19259
   2.19568  -1.19216
   2.19529  -1.19174
   2.19449  -1.19092
   2.19440  -1.18914
   2.19434  -1.18855
   2.19428  -1.18808
   2.19399  -1.18619
   2.19270  -1.18516
   2.19254  -1.18503
   2.19238  -1.18491
   2.19105  -1.18393
   2.18998  -1.18237
   2.18988  -1.18231
   2.18979  -1.18225
   2.18866  -1.18065
   2.18979  -1.18225
                    
   2.17368  -1.16550
   2.17152  -1.16332
   2.17368  -1.16550
   2.17506  -1.16710
   2.17570  -1.16749
   2.17645  -1.16798
   2.17762  -1.16935
   2.17843  -1.17039
   2.17943  -1.17111
   2.18056  -1.17197
   2.18116  -1.17279
   2.18160  -1.17343
   2.18280  -1.17442
   2.18411  -1.17558
   2.18448  -1.17574
   2.18486  -1.17590
   2.18604  -1.17721
   2.18731  -1.17877
   2.18738  -1.17896
   2.18744  -1.17910
   2.18866  -1.18065
   2.18744  -1.17910
                    
   2.16909  -1.16317
   2.17152  -1.16332
   2.16909  -1.16317
   2.16667  -1.16311
   2.16909  -1.16317
                    
   2.16417  -1.16162
   2.16667  -1.16311
   2.16417  -1.16162
   2.16200  -1.16049
   2.16155  -1.16028
   2.16109  -1.16032
   2.15901  -1.16056
   2.15693  -1.16087
   2.15647  -1.16095
   2.15597  -1.16089
   2.15393  -1.16131
   2.15191  -1.16179
   2.15140  -1.16177
   2.15097  -1.16205
   2.14897  -1.16264
   2.14700  -1.16330
   2.14659  -1.16359
   2.14615  -1.16375
   2.14420  -1.16452
   2.14228  -1.16536
   2.14186  -1.16555
   2.14158  -1.16596
   2.14026  -1.16802
   2.13885  -1.17057
   2.14026  -1.16802
                    
   2.13677  -1.17183
   2.13885  -1.17057
   2.13677  -1.17183
   2.13475  -1.17318
   2.13677  -1.17183
                    
   2.13379  -1.17590
   2.13475  -1.17318
   2.13379  -1.17590
   2.13321  -1.17792
   2.13287  -1.17848
   2.13237  -1.17890
   2.13115  -1.17999
   2.12996  -1.18111
   2.12949  -1.18157
   2.12903  -1.18204
   2.12791  -1.18323
   2.12682  -1.18446
   2.12639  -1.18496
   2.12613  -1.18565
   2.12597  -1.18752
   2.12591  -1.18895
   2.12558  -1.18998
   2.12497  -1.19089
   2.12437  -1.19180
   2.12379  -1.19273
   2.12323  -1.19367
   2.12219  -1.19421
   2.12092  -1.19493
   2.11930  -1.19594
   2.11866  -1.19637
   2.11842  -1.19689
   2.11773  -1.19848
   2.11710  -1.20009
   2.11689  -1.20063
   2.11670  -1.20118
   2.11615  -1.20282
   2.11566  -1.20448
   2.11551  -1.20504
   2.11508  -1.20546
   2.11364  -1.20699
   2.11188  -1.20909
   2.11364  -1.20699
                    
   2.10503  -1.21064
   2.11188  -1.20909
   2.10503  -1.21064
   2.10231  -1.21150
   2.09609  -1.21258
   2.10231  -1.21150
                    
   2.21817  -1.24786
   2.21602  -1.24444
   2.21817  -1.24786
   2.21846  -1.24865
   2.21857  -1.24959
   2.21877  -1.25194
   2.21884  -1.25380
   2.21884  -1.25528
   2.21923  -1.25770
   2.21961  -1.25937
   2.21982  -1.26042
   2.21977  -1.26331
   2.21959  -1.26585
   2.21947  -1.26694
   2.21942  -1.26709
   2.21936  -1.26728
   2.21865  -1.27073
   2.21797  -1.27327
   2.21749  -1.27422
   2.21689  -1.27536
   2.21601  -1.27756
   2.21528  -1.27921
   2.21424  -1.28074
   2.21293  -1.28254
   2.21220  -1.28378
   2.21161  -1.28473
   2.20992  -1.28665
   2.20784  -1.28884
   2.20743  -1.28935
   2.20710  -1.28976
   2.20474  -1.29190
   2.20188  -1.29427
   2.19876  -1.29624
   2.19576  -1.29796
   2.19553  -1.29805
   2.19530  -1.29817
   2.19234  -1.30017
   2.18963  -1.30182
   2.18900  -1.30209
   2.18832  -1.30241
   2.18554  -1.30386
   2.18301  -1.30506
   2.18196  -1.30546
   2.18078  -1.30596
   2.17828  -1.30695
   2.17602  -1.30777
   2.17450  -1.30828
   2.17272  -1.30905
   2.17064  -1.30965
   2.16878  -1.31015
   2.16667  -1.31092
   2.16406  -1.31178
   2.16259  -1.31207
   2.16130  -1.31230
   2.15841  -1.31310
   2.15478  -1.31395
   2.15412  -1.31402
   2.15355  -1.31408
   2.14973  -1.31482
   2.14754  -1.31492
   2.14549  -1.31497
   2.14533  -1.31499
   2.14513  -1.31502
   2.14087  -1.31503
   2.13721  -1.31489
   2.13634  -1.31494
   2.13522  -1.31499
   2.13174  -1.31471
   2.12881  -1.31419
   2.12713  -1.31419
   2.12490  -1.31414
   2.12244  -1.31359
   2.12038  -1.31261
   2.11819  -1.31187
   2.11577  -1.31100
   2.11399  -1.30999
   2.11220  -1.30911
   2.10951  -1.30847
   2.10609  -1.30752
   2.10496  -1.30688
   2.10394  -1.30616
   2.10078  -1.30462
   2.09718  -1.30270
   2.09662  -1.30223
   2.09608  -1.30168
   2.09309  -1.29904
   2.09020  -1.29629
   2.08972  -1.29570
   2.08920  -1.29505
   2.08579  -1.29286
   2.08175  -1.29000
   2.07632  -1.28807
   2.07274  -1.28657
   2.06978  -1.28659
   2.06103  -1.28605
   2.04788  -1.28932
   2.04558  -1.28971
   2.04074  -1.29145
   2.03395  -1.29345
   2.02736  -1.29517
   2.02147  -1.29759
   2.00913  -1.30076
   2.00810  -1.30099
   2.00766  -1.30114
   2.00691  -1.30140
   1.99493  -1.30452
   1.98914  -1.30533
   1.98090  -1.30679
   1.97642  -1.30746
   1.97058  -1.30767
   1.96735  -1.30787
   1.95697  -1.30855
   1.95314  -1.30862
   1.95194  -1.30864
   1.94939  -1.30875
   1.93964  -1.30894
   1.93269  -1.30993
   1.92659  -1.31144
   1.91856  -1.31334
   1.91424  -1.31396
   1.91136  -1.31449
   1.90211  -1.31796
   1.89317  -1.32131
   1.89053  -1.32186
   1.88844  -1.32231
   1.87858  -1.32546
   1.86817  -1.32874
   1.86712  -1.32896
   1.86627  -1.32909
   1.86099  -1.33001
   1.85467  -1.33019
   1.84627  -1.33026
   1.84222  -1.33001
   1.83360  -1.32912
   1.82942  -1.32883
   1.82722  -1.32866
   1.82177  -1.32750
   1.81667  -1.32631
   1.80858  -1.32595
   1.80441  -1.32512
   1.79559  -1.32315
   1.79219  -1.32260
   1.79016  -1.32284
   1.78150  -1.32524
   1.77303  -1.32758
   1.77110  -1.32783
   1.76945  -1.32805
   1.76112  -1.33149
   1.75405  -1.33447
   1.75133  -1.33491
   1.74948  -1.33455
   1.74303  -1.33548
   1.73594  -1.33647
   1.73496  -1.33635
   1.73460  -1.33645
   1.73115  -1.33739
                    
   2.21507  -1.24181
   2.21602  -1.24444
   2.21507  -1.24181
   2.21495  -1.24126
   2.21491  -1.24061
   2.21475  -1.23867
   2.21456  -1.23713
   2.21440  -1.23612
   2.21416  -1.23487
   2.21388  -1.23364
   2.21363  -1.23266
   2.21321  -1.23122
   2.21311  -1.22967
   2.21288  -1.22900
   2.21268  -1.22845
   2.21251  -1.22683
   2.21168  -1.22490
   2.21157  -1.22466
   2.21148  -1.22447
   2.21049  -1.22258
   2.21148  -1.22447
                    
   2.06766  -1.19222
   2.07093  -1.19753
   2.07351  -1.20232
   2.07093  -1.19753
   2.06766  -1.19222
   2.06545  -1.18951
   2.06095  -1.18542
   2.05724  -1.18071
   2.05330  -1.17749
   2.04947  -1.17454
   2.04507  -1.17090
   2.03856  -1.16699
   2.02837  -1.16314
   2.02542  -1.16181
   2.02298  -1.16070
   2.01339  -1.15706
   2.00666  -1.15697
   1.99858  -1.15695
   1.99699  -1.15699
   1.99003  -1.15802
   1.98429  -1.15885
   1.98101  -1.16021
   1.97543  -1.16275
   1.96895  -1.16577
   1.96785  -1.16651
   1.96242  -1.17034
   1.95923  -1.17276
   1.95203  -1.17875
   1.95055  -1.17974
   1.94920  -1.18041
   1.94418  -1.18451
   1.93956  -1.18885
   1.93843  -1.18997
   1.93661  -1.19138
   1.92881  -1.19794
   1.92647  -1.20065
   1.92279  -1.20455
   1.91739  -1.20155
   1.91015  -1.19804
   1.90610  -1.19595
   1.90002  -1.19354
   1.89811  -1.19311
   1.88654  -1.18187
   1.89811  -1.19311
                    
   2.09156  -1.21438
   2.09609  -1.21258
   2.09156  -1.21438
   2.08940  -1.21538
   2.08334  -1.21875
   2.08166  -1.21504
   2.08046  -1.21197
   2.08018  -1.21118
   2.07899  -1.20989
   2.07689  -1.20693
   2.07566  -1.20503
   2.07351  -1.20232
                    
   2.08166  -1.21504
   2.08334  -1.21875
   2.08940  -1.21538
                    
   2.20474  -1.29190
   2.20188  -1.29427
   2.19876  -1.29624
                    
   2.27771  -1.19850
   2.27489  -1.19476
   2.27771  -1.19850
   2.27832  -1.19906
   2.27953  -1.20004
   2.28222  -1.20354
   2.28396  -1.20601
   2.28685  -1.20824
   2.29174  -1.21192
   2.29282  -1.21282
   2.29349  -1.21321
   2.29631  -1.21498
   2.30127  -1.21875
   2.30234  -1.21993
   2.30480  -1.22176
   2.31303  -1.22240
   2.31890  -1.22318
   2.32251  -1.22370
   2.33179  -1.22452
   2.33662  -1.22122
   2.33995  -1.21875
   2.34572  -1.21540
   2.34944  -1.21305
   2.35304  -1.21061
   2.35825  -1.20679
   2.36166  -1.20390
   2.36343  -1.20154
   2.37048  -1.19192
   2.36343  -1.20154
                    
   2.27182  -1.19147
   2.27489  -1.19476
   2.27182  -1.19147
   2.27138  -1.19069
   2.27114  -1.18978
   2.27006  -1.18615
   2.26886  -1.18256
   2.26854  -1.18167
   2.26834  -1.18078
   2.26790  -1.17682
   2.26713  -1.17190
   2.26790  -1.17682
                    
   2.26797  -1.16601
   2.26713  -1.17190
   2.26797  -1.16601
   2.26829  -1.16221
   2.26909  -1.15961
   2.27272  -1.15211
   2.27306  -1.15131
   2.27344  -1.15072
   2.27985  -1.13950
   2.27344  -1.15072
                    
   2.06545  -1.18951
   2.06095  -1.18542
   2.05724  -1.18071
                    
   2.08579  -1.29286
   2.08175  -1.29000
   2.07632  -1.28807
                    
   2.29046  -1.13004
   2.27985  -1.13950
   2.29046  -1.13004
   2.29625  -1.12460
   2.30024  -1.12151
   2.30416  -1.11985
   2.31315  -1.11572
   2.31492  -1.11494
   2.32235  -1.11254
   2.32581  -1.11141
   2.33346  -1.11249
   2.33779  -1.11329
   2.34407  -1.11490
   2.34573  -1.11537
   2.35135  -1.11929
   2.35410  -1.12118
   2.36000  -1.12554
   2.36239  -1.12748
   2.36327  -1.12888
   2.36781  -1.13544
   2.36957  -1.13814
   2.37258  -1.14300
   2.37312  -1.14361
   2.37362  -1.14456
   2.37566  -1.15285
   2.37756  -1.16224
   2.37657  -1.17221
   2.37577  -1.17791
   2.37459  -1.18209
   2.37048  -1.19192
   2.37459  -1.18209
                    
   2.37566  -1.15285
   2.37756  -1.16224
   2.37657  -1.17221
                    
   2.49054  -1.25492
   2.49671  -1.24762
   2.49054  -1.25492
   2.48492  -1.26065
   2.48280  -1.26271
   2.47441  -1.26351
   2.47052  -1.26404
   2.46379  -1.26487
   2.45773  -1.26532
   2.44953  -1.25599
   2.44819  -1.25456
   2.44711  -1.25318
   2.43801  -1.24249
   2.43742  -1.24074
   2.43599  -1.23444
   2.43514  -1.23047
   2.43306  -1.22196
   2.43237  -1.21875
   2.43266  -1.21518
   2.43398  -1.20708
   2.43542  -1.19524
   2.43398  -1.20708
                    
   2.44130  -1.18259
   2.43542  -1.19524
   2.44130  -1.18259
   2.44282  -1.17893
   2.44525  -1.17155
   2.44587  -1.16952
   2.44969  -1.16232
   2.45444  -1.15495
   2.44969  -1.16232
                    
   2.45960  -1.14752
   2.45444  -1.15495
   2.45960  -1.14752
   2.46341  -1.13924
   2.45960  -1.14752
                    
   1.78853  -1.30837
   1.77652  -1.30524
   1.78853  -1.30837
   1.78921  -1.30243
   1.79050  -1.29307
   1.79015  -1.28514
   1.79377  -1.27781
   1.79652  -1.27259
   1.79829  -1.26725
   1.80241  -1.25596
   1.80324  -1.25223
   1.80340  -1.25053
   1.80389  -1.24730
   1.80651  -1.23447
   1.80786  -1.22872
   1.80987  -1.21875
   1.81203  -1.20946
   1.81324  -1.20472
   1.81361  -1.20334
   1.81430  -1.20080
   1.81804  -1.18825
   1.82106  -1.18277
   1.82644  -1.17533
   1.82804  -1.17417
   1.83463  -1.16959
   1.83941  -1.16716
   1.84888  -1.16272
   1.85163  -1.16217
   1.85257  -1.16202
   1.85353  -1.16234
   1.86014  -1.16470
   1.86394  -1.16642
   1.87272  -1.17022
   1.87572  -1.17147
   1.88654  -1.18187
   1.87572  -1.17147
                    
   2.46872  -1.13194
   2.46341  -1.13924
   2.46872  -1.13194
   2.47228  -1.12669
   2.48160  -1.11945
   2.48228  -1.11890
   2.48250  -1.11871
   2.48296  -1.11830
   2.49205  -1.11027
   2.50295  -1.11061
   2.50452  -1.11055
   2.50555  -1.11051
   2.50867  -1.11092
   2.51696  -1.11217
   2.52341  -1.11554
   2.53073  -1.11876
   2.53405  -1.12031
   2.53738  -1.13156
   2.53890  -1.13623
   2.54079  -1.14237
   2.54318  -1.15236
   2.53964  -1.16015
   2.53715  -1.16527
   2.53349  -1.17046
   2.53018  -1.17492
   2.52741  -1.18217
   2.52623  -1.18729
   2.52096  -1.20055
   2.52023  -1.20223
   2.51980  -1.20333
   2.51808  -1.20759
   2.51306  -1.21875
   2.51172  -1.22137
   2.50959  -1.22540
   2.50489  -1.23352
   2.50167  -1.23871
   2.49671  -1.24762
   2.50167  -1.23871
                    
   2.58541  -1.23992
   2.58600  -1.25544
   2.58541  -1.23992
   2.58510  -1.23702
   2.58452  -1.23201
   2.58309  -1.21875
   2.58276  -1.20873
   2.58172  -1.20063
   2.58003  -1.18950
   2.57931  -1.18265
   2.57900  -1.17541
   2.57702  -1.16473
   2.57416  -1.15147
   2.57377  -1.14697
   2.57905  -1.13438
   2.58044  -1.13080
   2.58371  -1.12629
   2.58688  -1.12174
   2.59020  -1.11612
   2.59265  -1.11088
   2.59578  -1.10377
   2.59787  -1.10166
   2.59837  -1.10115
   2.59873  -1.10105
   2.60219  -1.10011
                    
   1.72274  -1.13700
   1.72595  -1.13759
   1.72663  -1.13771
   1.72753  -1.13868
   1.72952  -1.14167
   1.73210  -1.15358
   1.73312  -1.15782
   1.73368  -1.16175
   1.73704  -1.18116
   1.73713  -1.20000
   1.73776  -1.21447
   1.73813  -1.21875
   1.73937  -1.22585
   1.74113  -1.23733
   1.74242  -1.24459
   1.74560  -1.25559
   1.74813  -1.26356
   1.75056  -1.27074
   1.75208  -1.27333
   1.76257  -1.29000
   1.75208  -1.27333
                    
   1.76257  -1.29000
   1.77652  -1.30524
   1.76257  -1.29000
                    
   1.73713  -1.20000
   1.73704  -1.18116
   1.73368  -1.16175
                    
   2.61059  -1.30050
   2.60738  -1.29991
   2.60670  -1.29979
   2.60575  -1.29890
   2.60100  -1.29534
   2.59973  -1.29326
   2.59572  -1.28695
   2.59305  -1.28351
   2.59107  -1.27462
   2.58912  -1.26674
   2.58600  -1.25544
   2.58912  -1.26674
                    
  -0.26183  -2.06981
  -0.25996  -2.07244
  -0.25954  -2.07303
  -0.25874  -2.07427
  -0.25511  -2.07971
  -0.25152  -2.08509
  -0.25060  -2.08651
  -0.24915  -2.08786
  -0.24246  -2.09341
  -0.23869  -2.09661
  -0.23492  -2.10040
  -0.23451  -2.10079
  -0.23366  -2.10125
  -0.22469  -2.10704
  -0.21936  -2.11065
  -0.21446  -2.11342
  -0.20418  -2.11700
  -0.20226  -2.11771
  -0.20111  -2.11797
  -0.19498  -2.11944
  -0.18606  -2.12215
  -0.18409  -2.12261
  -0.18169  -2.12281
  -0.16950  -2.12586
  -0.16574  -2.12693
  -0.16142  -2.12741
  -0.14997  -2.12903
  -0.14653  -2.12973
  -0.14344  -2.12989
  -0.12822  -2.13202
  -0.12719  -2.13220
  -0.12646  -2.13220
  -0.12423  -2.13221
  -0.11071  -2.13332
  -0.10699  -2.13365
  -0.09764  -2.13362
  -0.09575  -2.13383
  -0.08655  -2.13504
  -0.08099  -2.13526
  -0.07100  -2.13505
  -0.06701  -2.13522
  -0.06489  -2.13533
  -0.05584  -2.13540
  -0.05325  -2.13548
  -0.04141  -2.13448
  -0.03991  -2.13437
  -0.03821  -2.13424
  -0.02657  -2.13381
  -0.01498  -2.13216
  -0.01334  -2.13201
  -0.01186  -2.13187
  -0.00000  -2.13072
   0.00228  -2.13029
   0.01154  -2.12875
   0.01350  -2.12833
   0.01703  -2.12762
   0.02723  -2.12622
   0.03329  -2.12523
   0.04137  -2.12326
   0.04767  -2.12190
   0.05397  -2.12136
   0.05579  -2.12110
   0.05982  -2.12054
   0.07044  -2.11977
   0.07586  -2.11952
   0.08549  -2.11844
   0.08851  -2.11824
   0.09718  -2.11785
   0.10095  -2.11731
   0.11554  -2.11576
   0.11713  -2.11570
   0.11763  -2.11570
   0.11839  -2.11559
   0.13352  -2.11516
   0.13891  -2.11520
   0.14644  -2.11438
   0.15086  -2.11399
   0.15928  -2.11387
   0.16866  -2.11251
   0.16923  -2.11241
   0.17858  -2.11086
   0.18559  -2.10872
   0.19063  -2.10731
   0.19697  -2.10626
   0.20104  -2.10494
   0.20814  -2.10047
   0.21173  -2.09858
   0.21339  -2.09773
   0.21864  -2.09430
   0.22181  -2.09229
   0.22737  -2.08479
   0.22815  -2.08376
   0.22901  -2.08264
   0.23439  -2.07548
   0.23705  -2.06828
   0.23732  -2.06767
   0.23754  -2.06714
   0.23940  -2.06172
   0.24001  -2.05989
   0.24209  -2.05663
   0.24214  -2.05655
                    
  -0.24214  -2.81845
  -0.24209  -2.81837
  -0.24001  -2.81511
  -0.23481  -2.80997
  -0.23410  -2.80937
  -0.23317  -2.80859
  -0.22805  -2.80354
  -0.22347  -2.79751
  -0.22166  -2.79534
  -0.21954  -2.79277
  -0.21514  -2.78691
  -0.21095  -2.78212
  -0.20778  -2.77885
  -0.20356  -2.77444
  -0.20023  -2.77055
  -0.19711  -2.76845
  -0.18943  -2.76408
  -0.18810  -2.76330
  -0.18138  -2.75831
  -0.17916  -2.75682
  -0.16763  -2.75277
  -0.16488  -2.75162
  -0.16421  -2.75133
  -0.16323  -2.75105
  -0.14882  -2.74652
  -0.14620  -2.74593
  -0.14370  -2.74567
  -0.12875  -2.74276
  -0.12738  -2.74244
  -0.12626  -2.74233
  -0.12084  -2.74168
  -0.11003  -2.73980
  -0.10804  -2.73948
  -0.10434  -2.73914
  -0.09471  -2.73787
  -0.08854  -2.73685
  -0.07998  -2.73600
  -0.07324  -2.73585
  -0.06776  -2.73562
  -0.06609  -2.73560
  -0.06328  -2.73555
  -0.05243  -2.73482
  -0.04562  -2.73527
  -0.03925  -2.73565
  -0.03167  -2.73592
  -0.02611  -2.73593
  -0.02084  -2.73666
  -0.01310  -2.73752
  -0.00617  -2.73812
   0.00000  -2.73855
   0.00793  -2.73970
   0.01322  -2.74025
   0.01716  -2.74059
   0.02659  -2.74145
   0.03685  -2.74250
   0.03957  -2.74271
   0.04019  -2.74277
   0.04125  -2.74288
   0.05397  -2.74360
   0.06182  -2.74381
   0.06799  -2.74418
   0.07992  -2.74452
   0.08225  -2.74445
   0.08358  -2.74440
   0.08724  -2.74453
   0.09673  -2.74428
   0.10560  -2.74377
   0.11145  -2.74370
   0.12662  -2.74365
   0.12675  -2.74364
   0.12681  -2.74365
   0.12710  -2.74368
   0.14297  -2.74410
   0.14706  -2.74421
   0.15170  -2.74512
   0.16104  -2.74686
   0.16594  -2.74763
   0.16987  -2.74895
   0.18188  -2.75252
   0.18381  -2.75299
   0.18494  -2.75351
   0.18799  -2.75506
   0.19775  -2.75912
   0.20091  -2.76034
   0.20811  -2.76417
   0.20943  -2.76484
   0.21704  -2.76955
   0.21959  -2.77138
   0.22378  -2.77430
   0.22939  -2.77772
   0.23241  -2.78004
   0.23801  -2.78468
   0.24586  -2.79094
   0.24648  -2.79140
   0.24681  -2.79169
   0.25018  -2.79480
   0.25286  -2.79688
   0.25846  -2.80116
   0.25954  -2.80197
   0.25996  -2.80256
   0.26183  -2.80519
                    
   1.08549  -2.39628
   1.08717  -2.39367
   1.08549  -2.39628
   1.08505  -2.39818
   1.08333  -2.40966
   1.08505  -2.39818
                    
   1.08212  -2.40968
   1.08333  -2.40966
   1.08212  -2.40968
   1.08091  -2.40976
   1.08212  -2.40968
                    
   1.08007  -2.41273
   1.08091  -2.40976
   1.08007  -2.41273
   1.07969  -2.41491
   1.07936  -2.41496
   1.07903  -2.41502
   1.07873  -2.41675
   1.07859  -2.41813
   1.07817  -2.41823
   1.07775  -2.41835
   1.07766  -2.41951
   1.07764  -2.42047
   1.07719  -2.42063
   1.07675  -2.42079
   1.07676  -2.42163
   1.07680  -2.42236
   1.07636  -2.42255
   1.07593  -2.42276
   1.07572  -2.42287
   1.07551  -2.42298
   1.07509  -2.42322
   1.07467  -2.42346
   1.07479  -2.42409
   1.07492  -2.42465
   1.07452  -2.42491
   1.07413  -2.42519
   1.07427  -2.42569
   1.07441  -2.42612
   1.07404  -2.42642
   1.07368  -2.42673
   1.07383  -2.42713
   1.07397  -2.42748
   1.07363  -2.42780
   1.07331  -2.42814
   1.07322  -2.42823
   1.07313  -2.42833
   1.07283  -2.42868
   1.07253  -2.42904
   1.07271  -2.42935
   1.07288  -2.42962
   1.07261  -2.42999
   1.07235  -2.43037
   1.07229  -2.43047
   1.07223  -2.43056
   1.07200  -2.43095
   1.07177  -2.43135
   1.07197  -2.43158
   1.07215  -2.43179
   1.07195  -2.43219
   1.07177  -2.43260
   1.07173  -2.43270
   1.07170  -2.43279
   1.07153  -2.43321
   1.07139  -2.43363
   1.07136  -2.43372
   1.07133  -2.43382
   1.07121  -2.43425
   1.07110  -2.43469
   1.07108  -2.43478
   1.07105  -2.43488
   1.07097  -2.43532
   1.07090  -2.43576
   1.07063  -2.43583
   1.07034  -2.43590
   1.07029  -2.43636
   1.07026  -2.43681
   1.07025  -2.43693
   1.07025  -2.43704
   1.07024  -2.43750
   1.07025  -2.43796
   1.06996  -2.43808
   1.06964  -2.43823
   1.06967  -2.43870
   1.06972  -2.43916
   1.06938  -2.43934
   1.06902  -2.43954
   1.06909  -2.44001
   1.06918  -2.44048
   1.06880  -2.44072
   1.06838  -2.44101
   1.06849  -2.44148
   1.06862  -2.44194
   1.06817  -2.44228
   1.06768  -2.44269
   1.06783  -2.44314
   1.06801  -2.44359
   1.06747  -2.44407
   1.06687  -2.44466
   1.06706  -2.44509
   1.06727  -2.44551
   1.06660  -2.44621
   1.06585  -2.44709
   1.06606  -2.44747
   1.06628  -2.44785
   1.06541  -2.44892
   1.06440  -2.45035
   1.06459  -2.45063
   1.06478  -2.45090
   1.06351  -2.45271
   1.06200  -2.45540
   1.06351  -2.45271
                    
   0.95713  -2.40952
   0.94987  -2.40174
   0.93597  -2.39907
   0.94987  -2.40174
   0.95713  -2.40952
   0.95852  -2.41084
   0.96048  -2.41306
   0.96368  -2.41640
   0.96644  -2.41951
   0.96847  -2.42238
   0.97291  -2.42784
   0.97596  -2.43281
   0.97784  -2.43551
   0.97911  -2.43750
   0.98053  -2.44037
   0.98149  -2.44195
   0.98216  -2.44299
   0.98397  -2.44619
   0.98601  -2.44945
   0.98647  -2.45014
   0.98655  -2.45024
   0.98668  -2.45040
   0.98949  -2.45405
   0.99106  -2.45681
   0.99182  -2.45779
   0.99284  -2.45906
   0.99444  -2.46132
   0.99555  -2.46323
   0.99710  -2.46469
   0.99926  -2.46660
   1.00016  -2.46777
   1.00078  -2.46886
   1.00358  -2.47053
   1.00782  -2.47271
   1.01364  -2.47378
   1.01620  -2.47406
   1.01967  -2.47426
   1.02277  -2.47425
   1.02501  -2.47415
   1.02652  -2.47370
   1.03776  -2.46941
   1.04805  -2.46377
   1.05037  -2.46234
   1.05211  -2.46146
   1.06200  -2.45540
   1.05211  -2.46146
                    
   1.15075  -2.44697
   1.15310  -2.44980
   1.15075  -2.44697
   1.15012  -2.44629
   1.14905  -2.44518
   1.14679  -2.44305
   1.14604  -2.44176
   1.14613  -2.44024
   1.14617  -2.43872
   1.14550  -2.43750
   1.14446  -2.43661
   1.14227  -2.43493
   1.13876  -2.43265
   1.14227  -2.43493
                    
   1.13849  -2.43024
   1.13876  -2.43265
   1.13849  -2.43024
   1.13812  -2.42784
   1.13849  -2.43024
                    
   1.13534  -2.42597
   1.13812  -2.42784
   1.13534  -2.42597
   1.13348  -2.42491
   1.13288  -2.42422
   1.13264  -2.42336
   1.13226  -2.42207
   1.13184  -2.42080
   1.13154  -2.41996
   1.13122  -2.41912
   1.13073  -2.41787
   1.13020  -2.41664
   1.12982  -2.41582
   1.12894  -2.41515
   1.12735  -2.41459
   1.12624  -2.41424
   1.12507  -2.41341
   1.12435  -2.41220
   1.12397  -2.41161
   1.12359  -2.41102
   1.12281  -2.40986
   1.12132  -2.40906
   1.12098  -2.40861
   1.12063  -2.40817
   1.11900  -2.40757
   1.11793  -2.40635
   1.11766  -2.40605
   1.11738  -2.40575
   1.11625  -2.40458
   1.11508  -2.40345
   1.11479  -2.40318
   1.11448  -2.40290
   1.11326  -2.40184
   1.11267  -2.40020
   1.11267  -2.39927
   1.11262  -2.39782
   1.11210  -2.39642
   1.11120  -2.39580
   1.11028  -2.39520
   1.10935  -2.39462
   1.10841  -2.39407
   1.10746  -2.39353
   1.10649  -2.39301
   1.10552  -2.39252
   1.10453  -2.39205
   1.10353  -2.39159
   1.10325  -2.38942
   1.10236  -2.38522
   1.10325  -2.38942
                    
   1.10006  -2.38444
   1.10236  -2.38522
   1.10006  -2.38444
   1.09773  -2.38376
   1.10006  -2.38444
                    
   1.09538  -2.38318
   1.09773  -2.38376
   1.09538  -2.38318
   1.09299  -2.38271
   1.09538  -2.38318
                    
   1.08962  -2.38972
   1.09299  -2.38271
   1.08962  -2.38972
   1.08901  -2.39129
   1.08717  -2.39367
   1.08901  -2.39129
                    
   1.04805  -2.46377
   1.03776  -2.46941
   1.02652  -2.47370
                    
   1.01364  -2.47378
   1.00782  -2.47271
   1.00358  -2.47053
                    
   1.13451  -2.50419
   1.13689  -2.50133
   1.13451  -2.50419
   1.13220  -2.50672
   1.13189  -2.50684
   1.13161  -2.50697
   1.12909  -2.50932
   1.12664  -2.51141
   1.12612  -2.51162
   1.12566  -2.51188
   1.12306  -2.51382
   1.12056  -2.51555
   1.11988  -2.51587
   1.11921  -2.51629
   1.11677  -2.51821
   1.11454  -2.51983
   1.11350  -2.52037
   1.11239  -2.52110
   1.11014  -2.52251
   1.10810  -2.52370
   1.10664  -2.52450
   1.10497  -2.52549
   1.10305  -2.52645
   1.10134  -2.52725
   1.09934  -2.52827
   1.09694  -2.52940
   1.09550  -2.52995
   1.09424  -2.53041
   1.09156  -2.53149
   1.08827  -2.53287
   1.08751  -2.53309
   1.08684  -2.53327
   1.08333  -2.53458
   1.07991  -2.53550
   1.07912  -2.53569
   1.07904  -2.53572
   1.07895  -2.53576
   1.07465  -2.53680
   1.07101  -2.53729
   1.07017  -2.53749
   1.06908  -2.53774
   1.06560  -2.53807
   1.06263  -2.53807
   1.06102  -2.53813
   1.05909  -2.53818
   1.05640  -2.53802
   1.05401  -2.53735
   1.05196  -2.53702
   1.04969  -2.53660
   1.04754  -2.53584
   1.04540  -2.53503
   1.04316  -2.53449
   1.04067  -2.53383
   1.03881  -2.53299
   1.03696  -2.53210
   1.03449  -2.53132
   1.03173  -2.53036
   1.03022  -2.52950
   1.02875  -2.52846
   1.02605  -2.52742
   1.02298  -2.52612
   1.02192  -2.52521
   1.02079  -2.52422
   1.01779  -2.52291
   1.01427  -2.52122
   1.01365  -2.52055
   1.01297  -2.51981
   1.00941  -2.51817
   1.00495  -2.51588
   1.00016  -2.51371
   0.99651  -2.51184
   0.99459  -2.51197
   0.98870  -2.51233
   0.98638  -2.51189
   0.98523  -2.51165
   0.98286  -2.51230
   0.97357  -2.51436
   0.97139  -2.51457
   0.96930  -2.51551
   0.95828  -2.51717
   0.95609  -2.51738
   0.95412  -2.51811
   0.94919  -2.51983
   0.94122  -2.52177
   0.93888  -2.52223
   0.93479  -2.52326
   0.92657  -2.52409
   0.92196  -2.52436
   0.91568  -2.52477
   0.91242  -2.52490
   0.90516  -2.52513
   0.89734  -2.52505
   0.89570  -2.52499
   0.88999  -2.52164
   0.88715  -2.51876
   0.88217  -2.51338
   0.88012  -2.51146
   0.87979  -2.50967
   0.87953  -2.50176
   0.87953  -2.49676
   0.87892  -2.49227
   0.88049  -2.48433
   0.88113  -2.48233
   0.88141  -2.48150
   0.88189  -2.47848
   0.88294  -2.47283
   0.88490  -2.46691
   0.88598  -2.46348
   0.88823  -2.45711
   0.88932  -2.45447
   0.88980  -2.45310
   0.89164  -2.44755
   0.89223  -2.44584
   0.89459  -2.43960
   0.89534  -2.43750
   0.89662  -2.43413
   0.89840  -2.42943
   0.89961  -2.42644
   0.90200  -2.42164
   0.90558  -2.41567
   0.90631  -2.41454
   0.90656  -2.41423
   0.90708  -2.41358
   0.91196  -2.40728
   0.91477  -2.40424
   0.91843  -2.40094
   0.92314  -2.39706
   0.92650  -2.39743
   0.93597  -2.39907
                    
   1.13963  -2.49893
   1.13689  -2.50133
   1.13963  -2.49893
   1.14225  -2.49642
   1.13963  -2.49893
                    
   1.14477  -2.49379
   1.14225  -2.49642
   1.14477  -2.49379
   1.14716  -2.49106
   1.14477  -2.49379
                    
   1.14944  -2.48822
   1.14716  -2.49106
   1.14944  -2.48822
   1.15159  -2.48529
   1.14944  -2.48822
                    
   1.15197  -2.48122
   1.15159  -2.48529
   1.15197  -2.48122
   1.15207  -2.47834
   1.15208  -2.47719
   1.15238  -2.47592
   1.15342  -2.47398
   1.15441  -2.47202
   1.15454  -2.47071
   1.15467  -2.46910
   1.15542  -2.46736
   1.15612  -2.46560
   1.15601  -2.46395
   1.15580  -2.46185
   1.15509  -2.46012
   1.15460  -2.45904
   1.15434  -2.45653
   1.15388  -2.45350
   1.15396  -2.45316
   1.15403  -2.45281
   1.15310  -2.44980
   1.15403  -2.45281
                    
   1.19447  -2.47795
   1.19905  -2.48543
   1.19447  -2.47795
   1.19323  -2.47554
   1.19226  -2.47184
   1.19041  -2.46619
   1.19156  -2.46149
   1.19250  -2.45675
   1.19555  -2.45227
   1.19764  -2.44884
   1.19805  -2.44754
   1.19849  -2.44602
   1.19870  -2.44254
   1.19880  -2.43905
   1.19918  -2.43750
   1.20078  -2.43522
   1.20314  -2.43227
   1.20434  -2.43066
   1.20616  -2.42675
   1.20774  -2.42296
   1.20835  -2.42137
   1.20855  -2.42102
   1.20892  -2.42035
   1.21106  -2.41498
   1.21307  -2.41187
   1.21448  -2.40843
   1.21679  -2.40174
   1.21448  -2.40843
                    
   0.97596  -2.43281
   0.97291  -2.42784
   0.96847  -2.42238
                    
   1.00941  -2.51817
   1.00495  -2.51588
   1.00016  -2.51371
                    
   1.19555  -2.45227
   1.19250  -2.45675
   1.19156  -2.46149
   1.19041  -2.46619
   1.19226  -2.47184
                    
   1.22741  -2.39207
   1.21679  -2.40174
   1.22741  -2.39207
   1.22787  -2.39160
   1.22836  -2.39100
   1.23465  -2.38243
   1.23622  -2.38059
   1.23775  -2.37874
   1.24115  -2.37822
   1.24739  -2.37779
   1.25237  -2.37835
   1.25800  -2.37919
   1.26299  -2.38086
   1.26723  -2.38245
   1.27013  -2.38639
   1.27101  -2.38721
   1.27292  -2.38906
   1.27718  -2.39452
   1.27946  -2.39766
   1.28433  -2.40206
   1.28608  -2.40357
   1.29048  -2.40760
   1.29447  -2.40970
   1.30029  -2.41305
   1.30587  -2.41411
   1.31374  -2.41328
   1.32135  -2.41248
   1.32639  -2.41294
   1.33275  -2.41018
   1.33886  -2.40688
   1.34103  -2.40565
   1.34839  -2.40260
   1.35072  -2.40160
   1.35819  -2.39676
   1.36245  -2.39359
   1.37099  -2.38678
   1.37268  -2.38561
   1.37341  -2.38516
   1.37502  -2.38425
   1.38501  -2.37942
   1.39072  -2.37650
   1.39581  -2.37242
   1.40483  -2.36954
   1.40763  -2.36975
   1.41216  -2.37013
   1.41898  -2.36692
   1.42469  -2.37115
   1.42811  -2.37671
   1.42850  -2.38471
   1.42997  -2.39186
   1.43111  -2.39799
   1.43132  -2.40706
   1.43065  -2.41371
   1.43032  -2.42235
   1.42959  -2.43333
   1.42897  -2.43750
   1.42864  -2.44044
   1.42668  -2.45249
   1.42574  -2.45744
   1.42405  -2.46588
   1.42374  -2.46728
   1.42199  -2.47064
   1.41671  -2.48139
   1.41461  -2.48537
   1.41036  -2.49053
   1.40688  -2.49455
   1.40090  -2.49835
   1.39638  -2.49977
   1.38904  -2.49978
   1.38412  -2.50003
   1.38102  -2.50016
   1.37147  -2.49966
   1.36214  -2.49676
   1.35978  -2.49592
   1.35664  -2.49481
   1.34754  -2.49205
   1.33993  -2.49013
   1.33562  -2.48832
   1.32865  -2.48550
   1.32313  -2.48411
   1.31617  -2.48429
   1.31047  -2.48315
   1.30462  -2.48197
   1.29678  -2.48343
   1.29475  -2.48437
   1.28857  -2.48704
   1.28330  -2.49108
   1.28158  -2.49186
   1.27539  -2.49444
   1.27216  -2.49704
   1.26372  -2.50315
   1.24902  -2.50548
   1.24842  -2.50554
   1.24797  -2.50569
   1.24571  -2.50643
   1.23596  -2.50867
   1.23421  -2.50877
   1.23230  -2.50895
   1.22924  -2.50761
   1.22092  -2.50279
   1.20855  -2.49589
   1.22092  -2.50279
                    
   1.20855  -2.49589
   1.19905  -2.48543
   1.20855  -2.49589
                    
   1.27216  -2.49704
   1.26372  -2.50315
   1.24902  -2.50548
                    
   0.78531  -2.39207
   0.78079  -2.38415
   0.78531  -2.39207
   0.78952  -2.39882
   0.79086  -2.40085
   0.79256  -2.40927
   0.79296  -2.41210
   0.79290  -2.41582
   0.79277  -2.42481
   0.79289  -2.43299
   0.79316  -2.43750
   0.79332  -2.44244
   0.79317  -2.45017
   0.79325  -2.45875
   0.79369  -2.46284
   0.79422  -2.46716
   0.79417  -2.47557
   0.79448  -2.48651
   0.79487  -2.48836
   0.79506  -2.49019
   0.79424  -2.49501
   0.79176  -2.50214
   0.78982  -2.50835
   0.78555  -2.51302
   0.78075  -2.51858
   0.77679  -2.52133
   0.77546  -2.52169
   0.77422  -2.52174
   0.76332  -2.52325
   0.77422  -2.52174
                    
   0.77403  -2.37800
   0.78079  -2.38415
   0.77403  -2.37800
   0.77029  -2.37523
   0.76612  -2.37725
   0.76100  -2.38066
   0.75573  -2.38812
   0.75332  -2.39174
   0.75193  -2.39387
   0.74682  -2.40213
   0.74356  -2.40777
   0.74289  -2.40953
   0.74125  -2.41258
   0.73822  -2.42243
   0.73573  -2.43155
   0.73337  -2.43750
   0.72887  -2.45194
   0.72866  -2.45267
   0.72848  -2.45299
   0.72676  -2.45619
   0.72082  -2.46922
   0.72078  -2.47199
   0.71936  -2.47736
   0.71125  -2.48649
   0.71004  -2.48792
   0.70922  -2.48826
   0.70803  -2.48876
   0.69906  -2.49542
   0.69365  -2.48880
   0.68983  -2.48389
   0.68553  -2.47549
   0.68404  -2.47243
   0.67762  -2.46706
   0.67384  -2.46374
   0.66887  -2.45560
   0.66577  -2.45023
   0.66243  -2.44191
   0.66075  -2.43750
   0.65699  -2.42874
   0.65350  -2.41873
   0.65260  -2.41600
   0.64950  -2.40785
   0.64760  -2.39938
   0.64613  -2.39333
   0.64445  -2.38576
   0.64318  -2.37955
   0.64122  -2.36869
   0.63941  -2.36841
   0.63731  -2.36808
                    
   0.75336  -2.52312
   0.76332  -2.52325
   0.75336  -2.52312
   0.75118  -2.52306
   0.74525  -2.52110
   0.73800  -2.51872
   0.73542  -2.51782
   0.73076  -2.51566
   0.72502  -2.51284
   0.71754  -2.51245
   0.71333  -2.51258
   0.70805  -2.51272
   0.70201  -2.51239
   0.69458  -2.52013
   0.69285  -2.52244
   0.69234  -2.52313
   0.69055  -2.52458
   0.68364  -2.53034
   0.67854  -2.53522
   0.67427  -2.53674
   0.66950  -2.53845
   0.66487  -2.54183
   0.66098  -2.54169
   0.65624  -2.54086
   0.65301  -2.54027
   0.64783  -2.54013
   0.64515  -2.54077
   0.64398  -2.54104
                    
   1.52935  -2.50692
   1.52725  -2.50659
   1.52544  -2.50631
   1.52181  -2.50574
   1.51724  -2.50693
   1.51056  -2.50857
   1.50876  -2.50827
   1.50520  -2.49304
   1.50390  -2.48810
   1.50241  -2.47700
   1.50197  -2.47413
   1.50186  -2.45900
   1.50201  -2.45578
   1.50214  -2.45256
   1.50150  -2.43750
   1.50092  -2.42474
   1.50055  -2.41928
   1.50005  -2.41323
   1.49880  -2.40115
   1.49951  -2.38535
   1.49936  -2.38273
   1.49924  -2.38069
   1.49964  -2.37528
   1.50024  -2.36399
   1.50340  -2.35690
   1.50640  -2.35380
   1.51170  -2.34580
   1.51272  -2.34409
   1.51309  -2.34345
   1.51409  -2.34200
   1.51884  -2.33487
   1.52152  -2.33423
   1.52269  -2.33396
                    
   2.23130  -2.46650
   2.24218  -2.47271
   2.24808  -2.47122
   2.24218  -2.47271
   2.23130  -2.46650
   2.22497  -2.46315
   2.21759  -2.45991
   2.21300  -2.45669
   2.21044  -2.45508
   2.20778  -2.45315
   2.20545  -2.45162
   2.20204  -2.44945
   2.19967  -2.44790
   2.19356  -2.44471
   2.19106  -2.44291
   2.18914  -2.44180
   2.18920  -2.44147
   2.18926  -2.44115
   2.18774  -2.44027
   2.18649  -2.43967
   2.18654  -2.43924
   2.18657  -2.43880
   2.18603  -2.43835
   2.18553  -2.43796
   2.18553  -2.43750
   2.18553  -2.43704
   2.18460  -2.43672
   2.18381  -2.43648
   2.18377  -2.43600
   2.18373  -2.43553
   2.18334  -2.43530
   2.18299  -2.43511
   2.18291  -2.43464
   2.18282  -2.43416
   2.18219  -2.43406
   2.18162  -2.43399
   2.18151  -2.43352
   2.18138  -2.43306
   2.18109  -2.43295
   2.18081  -2.43286
   2.18066  -2.43241
   2.18049  -2.43196
   2.18022  -2.43189
   2.17997  -2.43182
   2.17977  -2.43139
   2.17957  -2.43096
   2.17932  -2.43091
   2.17908  -2.43087
   2.17885  -2.43046
   2.17861  -2.43006
   2.17853  -2.42994
   2.17846  -2.42982
   2.17819  -2.42943
   2.17792  -2.42905
   2.17769  -2.42904
   2.17747  -2.42904
   2.17717  -2.42868
   2.17687  -2.42833
   2.17678  -2.42823
   2.17669  -2.42814
   2.17637  -2.42780
   2.17603  -2.42748
   2.17582  -2.42751
   2.17562  -2.42754
   2.17527  -2.42724
   2.17492  -2.42695
   2.17482  -2.42688
   2.17472  -2.42680
   2.17435  -2.42653
   2.17397  -2.42627
   2.17386  -2.42621
   2.17376  -2.42614
   2.17336  -2.42590
   2.17296  -2.42568
   2.17285  -2.42562
   2.17274  -2.42557
   2.17233  -2.42536
   2.17190  -2.42518
   2.17185  -2.42498
   2.17179  -2.42478
   2.17136  -2.42461
   2.17092  -2.42446
   2.17079  -2.42442
   2.17066  -2.42438
   2.17022  -2.42425
   2.16977  -2.42414
   2.16964  -2.42411
   2.16951  -2.42408
   2.16905  -2.42399
   2.16859  -2.42392
   2.16848  -2.42373
   2.16836  -2.42353
   2.16789  -2.42348
   2.16742  -2.42345
   2.16728  -2.42344
   2.16714  -2.42344
   2.16667  -2.42343
   2.16620  -2.42344
   2.16604  -2.42325
   2.16588  -2.42306
   2.16541  -2.42309
   2.16494  -2.42314
   2.16478  -2.42316
   2.16462  -2.42318
   2.16416  -2.42326
   2.16369  -2.42335
   2.16349  -2.42318
   2.16328  -2.42300
   2.16281  -2.42312
   2.16235  -2.42325
   2.16219  -2.42330
   2.16202  -2.42335
   2.16157  -2.42351
   2.16113  -2.42368
   2.16088  -2.42353
   2.16061  -2.42338
   2.16017  -2.42357
   2.15974  -2.42378
   2.15957  -2.42387
   2.15940  -2.42396
   2.15898  -2.42419
   2.15857  -2.42444
   2.15827  -2.42432
   2.15795  -2.42421
   2.15755  -2.42448
   2.15716  -2.42476
   2.15681  -2.42466
   2.15644  -2.42456
   2.15606  -2.42487
   2.15570  -2.42518
   2.15552  -2.42534
   2.15535  -2.42550
   2.15500  -2.42584
   2.15467  -2.42618
   2.15426  -2.42614
   2.15382  -2.42610
   2.15351  -2.42646
   2.15321  -2.42683
   2.15274  -2.42682
   2.15223  -2.42682
   2.15196  -2.42720
   2.15169  -2.42759
   2.15116  -2.42762
   2.15056  -2.42767
   2.15033  -2.42807
   2.15010  -2.42847
   2.14947  -2.42855
   2.14878  -2.42868
   2.14859  -2.42907
   2.14841  -2.42947
   2.14766  -2.42963
   2.14683  -2.42986
   2.14669  -2.43023
   2.14656  -2.43060
   2.14566  -2.43088
   2.14465  -2.43126
   2.14456  -2.43158
   2.14448  -2.43190
   2.14227  -2.43209
   2.13924  -2.43266
   2.14227  -2.43209
                    
   2.13732  -2.43364
   2.13924  -2.43266
   2.13732  -2.43364
   2.13581  -2.43458
   2.13538  -2.43476
   2.13439  -2.43501
   2.13181  -2.43598
   2.13018  -2.43674
   2.12831  -2.43750
   2.12676  -2.43873
   2.12633  -2.43926
   2.12599  -2.43970
   2.12433  -2.44120
   2.12291  -2.44210
   2.12134  -2.44320
   2.12080  -2.44354
   2.11970  -2.44425
   2.11727  -2.44621
   2.11589  -2.44729
   2.11235  -2.44954
   2.11589  -2.44729
                    
   2.19106  -2.44291
   2.19356  -2.44471
   2.19967  -2.44790
                    
   2.10635  -2.45254
   2.11235  -2.44954
   2.10635  -2.45254
   2.10276  -2.45462
   2.09880  -2.45782
   2.09757  -2.45892
   2.09698  -2.45947
   2.09525  -2.46116
   2.09207  -2.46465
   2.09109  -2.46584
   2.08923  -2.46826
   2.08100  -2.47112
   2.07452  -2.47104
   2.08100  -2.47112
                    
   2.29790  -2.52416
   2.30601  -2.52627
   2.29790  -2.52416
   2.29236  -2.52349
   2.28863  -2.52290
   2.28242  -2.52089
   2.27749  -2.52001
   2.26870  -2.51579
   2.26660  -2.51472
   2.26548  -2.51447
   2.25488  -2.51152
   2.25271  -2.51056
   2.25001  -2.51059
   2.24614  -2.51032
   2.24226  -2.50987
   2.24025  -2.51109
   2.23701  -2.51206
   2.23486  -2.51192
   2.23384  -2.51183
   2.23021  -2.51323
   2.22804  -2.51397
   2.22610  -2.51459
   2.22594  -2.51475
   2.22580  -2.51490
   2.22188  -2.51635
   2.21863  -2.51765
   2.21804  -2.51815
   2.21749  -2.51860
   2.21421  -2.51985
   2.21128  -2.52104
   2.21045  -2.52161
   2.20967  -2.52213
   2.20664  -2.52323
   2.20382  -2.52449
   2.20294  -2.52508
   2.20216  -2.52560
   2.19915  -2.52675
   2.19610  -2.52780
   2.19525  -2.52817
   2.19444  -2.52850
   2.19129  -2.52940
   2.18808  -2.53067
   2.18739  -2.53096
   2.18676  -2.53122
   2.18339  -2.53233
   2.17966  -2.53357
   2.17933  -2.53367
   2.17903  -2.53376
   2.17518  -2.53484
   2.17351  -2.53532
   2.17112  -2.53595
   2.17097  -2.53599
   2.17079  -2.53605
   2.16667  -2.53698
   2.16296  -2.53751
   2.16229  -2.53765
   2.16151  -2.53780
   2.15786  -2.53816
   2.15457  -2.53836
   2.15337  -2.53850
   2.15194  -2.53866
   2.14882  -2.53869
   2.14602  -2.53852
   2.14429  -2.53845
   2.14232  -2.53834
   2.13973  -2.53802
   2.13735  -2.53746
   2.13523  -2.53721
   2.13281  -2.53686
   2.13073  -2.53624
   2.12873  -2.53549
   2.12637  -2.53479
   2.12385  -2.53398
   2.12206  -2.53317
   2.12028  -2.53232
   2.11780  -2.53137
   2.11516  -2.53027
   2.11361  -2.52940
   2.11209  -2.52839
   2.10954  -2.52718
   2.10679  -2.52578
   2.10554  -2.52480
   2.10431  -2.52355
   2.10197  -2.52181
   2.09969  -2.52001
   2.09858  -2.51864
   2.09723  -2.51731
   2.09493  -2.51579
   2.09240  -2.51402
   2.09135  -2.51281
   2.09033  -2.51138
   2.08796  -2.50962
   2.08530  -2.50752
   2.08464  -2.50633
   2.08390  -2.50492
   2.08137  -2.50295
   2.07841  -2.50046
   2.07809  -2.49953
   2.07770  -2.49836
   2.07464  -2.49613
   2.07067  -2.49293
   2.05752  -2.49894
   2.07067  -2.49293
   2.07464  -2.49613
                    
   2.24808  -2.47122
   2.25111  -2.47021
   2.25315  -2.46898
   2.25730  -2.46695
   2.25855  -2.46647
   2.25911  -2.46624
   2.26081  -2.46494
   2.26283  -2.46327
   2.26606  -2.46092
   2.26718  -2.45978
   2.26886  -2.45798
   2.27098  -2.45589
   2.27221  -2.45459
   2.27427  -2.45167
   2.27709  -2.44716
   2.27427  -2.45167
                    
   2.28005  -2.44245
   2.27709  -2.44716
   2.28005  -2.44245
   2.28196  -2.43899
   2.28252  -2.43750
   2.28295  -2.43565
   2.28362  -2.43239
   2.28412  -2.42960
   2.28449  -2.42719
   2.28486  -2.42432
   2.28556  -2.42185
   2.28604  -2.42001
   2.28614  -2.41643
   2.28611  -2.41228
   2.28627  -2.41098
   2.28638  -2.40999
   2.28600  -2.40552
   2.28612  -2.39983
   2.28600  -2.40552
                    
   2.05761  -2.46748
   2.06095  -2.47083
   2.05761  -2.46748
   2.05750  -2.46675
   2.05705  -2.46605
   2.05439  -2.46239
   2.05247  -2.45951
   2.05162  -2.45779
   2.05007  -2.45555
   2.04826  -2.45309
   2.04708  -2.45138
   2.04532  -2.44812
   2.04156  -2.44357
   2.04121  -2.44311
   2.04109  -2.44298
   2.04088  -2.44273
   2.03696  -2.43750
   2.03483  -2.43462
   2.03219  -2.43163
   2.02887  -2.42746
   2.02712  -2.42606
   2.02578  -2.42517
   2.01557  -2.41845
   2.01484  -2.41791
   2.01401  -2.41740
   2.00369  -2.41039
   1.99787  -2.41076
   1.98947  -2.41154
   1.98633  -2.41191
   1.97946  -2.41285
   1.97623  -2.41337
   1.97048  -2.41704
   1.96630  -2.41997
   1.96159  -2.42335
   1.95807  -2.42606
   1.95559  -2.42828
   1.94834  -2.43538
   1.94686  -2.43646
   1.94560  -2.43750
   1.93521  -2.44761
   1.94560  -2.43750
                    
   2.06698  -2.47161
   2.07452  -2.47104
   2.06698  -2.47161
   2.06095  -2.47083
   2.06698  -2.47161
                    
   2.28612  -2.39983
   2.28595  -2.39408
   2.28612  -2.39983
                    
   2.31271  -2.52477
   2.30601  -2.52627
   2.31271  -2.52477
   2.31693  -2.52426
   2.32552  -2.52019
   2.33452  -2.51577
   2.33715  -2.51312
   2.34144  -2.50989
   2.34588  -2.50629
   2.34786  -2.50415
   2.34851  -2.50369
   2.34926  -2.50272
   2.35232  -2.49604
   2.35481  -2.49005
   2.35623  -2.48829
   2.35708  -2.48568
   2.35763  -2.47984
   2.35805  -2.47289
   2.35846  -2.47132
   2.35848  -2.46975
   2.35698  -2.46256
   2.35578  -2.45538
   2.35563  -2.45403
   2.35554  -2.45236
   2.35502  -2.44572
   2.35441  -2.44023
   2.35405  -2.43750
   2.35441  -2.43477
   2.35502  -2.42928
   2.35554  -2.42264
   2.35563  -2.42097
   2.35578  -2.41962
   2.35591  -2.41259
   2.35571  -2.40417
   2.35574  -2.39558
   2.35547  -2.38881
   2.35509  -2.38701
   2.35446  -2.38533
   2.35255  -2.37889
   2.35042  -2.37252
   2.34968  -2.37089
   2.34875  -2.36972
   2.34463  -2.36378
   2.34293  -2.36147
   2.33948  -2.35827
   2.33837  -2.35743
   2.32573  -2.35521
   2.32530  -2.35516
   2.32496  -2.35510
   2.32242  -2.35468
   2.31201  -2.35359
   2.31047  -2.35379
   2.30919  -2.35393
   2.30795  -2.35490
   2.30538  -2.35741
   2.29987  -2.36367
   2.29630  -2.36741
   2.29159  -2.37247
   2.28962  -2.37447
   2.28812  -2.37910
   2.28763  -2.38109
   2.28737  -2.38439
   2.28700  -2.38766
   2.28673  -2.38960
   2.28595  -2.39408
                    
   2.05752  -2.49894
   2.05021  -2.50205
   2.04616  -2.50509
   2.04369  -2.50700
   2.03408  -2.51243
   2.02512  -2.51750
   2.02299  -2.51907
   2.01957  -2.52030
   2.00939  -2.52315
   2.00542  -2.52414
   1.99688  -2.52706
   1.99456  -2.52710
   1.98739  -2.52699
   1.98168  -2.52715
   1.97449  -2.52711
   1.97060  -2.52639
   1.96697  -2.52577
   1.95947  -2.52332
   1.95522  -2.52175
   1.95022  -2.52012
   1.94494  -2.51820
   1.94094  -2.51451
   1.93612  -2.51019
   1.93235  -2.50659
   1.92803  -2.50443
   1.92222  -2.50300
   1.91541  -2.49320
   1.90098  -2.48435
   1.91203  -2.47480
   1.91435  -2.47296
   1.92447  -2.46939
   1.92653  -2.46107
   1.92447  -2.46939
   1.91435  -2.47296
                    
   2.31693  -2.52426
   2.32552  -2.52019
                    
   2.35574  -2.39558
   2.35571  -2.40417
   2.35591  -2.41259
                    
   2.35578  -2.45538
   2.35698  -2.46256
   2.35848  -2.46975
                    
   2.49098  -2.50517
   2.50445  -2.49706
   2.49098  -2.50517
   2.48868  -2.50644
   2.48510  -2.50809
   2.47715  -2.51152
   2.47024  -2.51062
   2.46522  -2.50993
   2.45909  -2.50906
   2.45284  -2.50813
   2.44494  -2.50250
   2.44203  -2.50081
   2.44047  -2.49992
   2.43746  -2.49753
   2.43078  -2.49251
   2.42580  -2.48859
   2.42107  -2.48236
   2.42049  -2.47998
   2.41866  -2.47316
   2.41843  -2.47065
   2.41803  -2.46688
   2.41624  -2.45933
   2.41749  -2.45357
   2.41848  -2.44849
   2.41919  -2.44446
   2.42025  -2.43750
   2.42389  -2.42948
   2.42487  -2.42717
   2.42536  -2.42621
   2.42679  -2.42330
   2.43054  -2.41441
   2.43225  -2.41146
   2.43489  -2.40858
   2.44032  -2.40147
   2.44295  -2.39778
   2.44582  -2.39384
   2.45014  -2.38752
   2.45331  -2.38362
   2.45596  -2.38099
   2.46352  -2.37620
   2.46723  -2.37392
   2.46906  -2.37277
   2.47333  -2.36951
   2.47774  -2.36602
   2.48960  -2.36540
   2.49000  -2.36531
   2.49040  -2.36522
   2.49243  -2.36528
   2.50206  -2.36570
   2.50900  -2.36921
   2.51604  -2.37590
   2.50900  -2.36921
                    
   1.93521  -2.44761
   1.92742  -2.45843
   1.93521  -2.44761
                    
   1.92653  -2.46107
   1.92742  -2.45843
                    
   1.86677  -2.41734
   1.86062  -2.41072
   1.86677  -2.41734
   1.87227  -2.42281
   1.87327  -2.42469
   1.87732  -2.43189
   1.88074  -2.43750
   1.88427  -2.44674
   1.88518  -2.44897
   1.88564  -2.44977
   1.88701  -2.45216
   1.89219  -2.46151
   1.89321  -2.46624
   1.89597  -2.47314
   1.90098  -2.48435
   1.91203  -2.47480
                    
   1.91541  -2.49320
   1.90098  -2.48435
   1.89416  -2.49791
   1.90098  -2.48435
   1.89597  -2.47314
                    
   1.89416  -2.49791
   1.89317  -2.50011
   1.89156  -2.50193
   1.88195  -2.51379
   1.89156  -2.50193
                    
   1.87144  -2.52249
   1.88195  -2.51379
   1.87144  -2.52249
   1.86740  -2.52609
   1.86134  -2.53052
   1.85229  -2.53328
   1.84975  -2.53406
   1.84723  -2.53482
   1.83857  -2.53746
   1.83141  -2.53583
   1.82537  -2.53429
   1.81571  -2.53154
   1.81400  -2.52956
   1.81101  -2.52453
   1.80715  -2.51720
   1.80273  -2.50824
   1.79992  -2.50217
   1.80127  -2.49631
   1.80365  -2.48529
   1.80604  -2.47420
   1.80365  -2.48529
   1.80127  -2.49631
                    
   1.85377  -2.40479
   1.86062  -2.41072
   1.85377  -2.40479
   1.84954  -2.40137
   1.84507  -2.40464
   1.83960  -2.40889
   1.83631  -2.41247
   1.83176  -2.41768
   1.82708  -2.42267
   1.82386  -2.42628
   1.82078  -2.43380
   1.81922  -2.43750
   1.81381  -2.45070
   1.81302  -2.45294
   1.81278  -2.45362
   1.81232  -2.45469
   1.80673  -2.46899
   1.80604  -2.47420
                    
   2.51363  -2.48318
   2.50445  -2.49706
   2.51363  -2.48318
   2.51590  -2.47946
   2.51964  -2.47304
   2.52210  -2.46860
   2.52430  -2.45781
   2.52514  -2.45315
   2.52624  -2.44647
   2.52750  -2.43750
   2.52689  -2.42939
   2.52664  -2.42178
   2.52623  -2.41419
   2.52498  -2.40615
   2.52204  -2.39501
   2.52125  -2.39082
   2.52054  -2.38728
   2.51604  -2.37590
   2.52054  -2.38728
                    
   2.60983  -2.52326
   2.60743  -2.52280
   2.60595  -2.52251
   2.60326  -2.52149
   2.59818  -2.52051
   2.59304  -2.51952
   2.59025  -2.51856
   2.58840  -2.51609
   2.58515  -2.51129
   2.58270  -2.50153
   2.58120  -2.49608
   2.57999  -2.49191
   2.57511  -2.47683
   2.57431  -2.47483
   2.57368  -2.47311
   2.57371  -2.46970
   2.57384  -2.45528
   2.57356  -2.44318
   2.57313  -2.43750
   2.57308  -2.43105
   2.57342  -2.41974
   2.57341  -2.40589
   2.57309  -2.40194
   2.57311  -2.39853
   2.57422  -2.38986
   2.57461  -2.38379
   2.57510  -2.37135
   2.57602  -2.36532
   2.58010  -2.35838
   2.58323  -2.35275
   2.58829  -2.34678
   2.59502  -2.34591
   2.59638  -2.34562
   2.59774  -2.34533
   2.60432  -2.34447
   2.60742  -2.34381
   2.60819  -2.34365
                    
   1.72350  -2.35174
   1.72590  -2.35220
   1.72738  -2.35249
   1.72877  -2.35550
   1.73022  -2.36054
   1.73145  -2.37679
   1.73167  -2.37900
   1.73173  -2.38024
   1.73188  -2.38330
   1.73341  -2.39959
   1.73317  -2.40719
   1.73339  -2.41858
   1.73423  -2.43480
   1.73437  -2.43750
   1.73431  -2.44002
   1.73522  -2.45634
   1.73704  -2.47509
   1.73522  -2.45634
                    
   1.73746  -2.49401
   1.73704  -2.47509
   1.73746  -2.49401
   1.73820  -2.50664
   1.73791  -2.51310
   1.73494  -2.51939
   1.73242  -2.52502
   1.72901  -2.53053
   1.72591  -2.53119
   1.72514  -2.53135
                    
