   0.22529   0.35364
   0.23550   0.35258
   0.24617   0.35157
   0.25077   0.34376
   0.26279   0.34247
   0.27264   0.34109
   0.28115   0.34013
   0.28526   0.33996
   0.29453   0.33797
   0.29029   0.32620
   0.28027   0.32692
   0.26589   0.31359
   0.25190   0.30020
   0.24702   0.29564
   0.24650   0.29433
   0.24550   0.29373
   0.22329   0.28006
   0.21686   0.27574
   0.20265   0.26410
   0.20074   0.26247
   0.18702   0.25046
   0.17858   0.25504
   0.16716   0.25462
   0.16337   0.25435
   0.16150   0.25350
   0.14885   0.24721
   0.14035   0.24309
   0.13849   0.24176
   0.13694   0.24002
   0.11714   0.22502
   0.11583   0.22392
   0.11450   0.22281
   0.09589   0.20564
   0.09416   0.20464
   0.08646   0.20414
   0.08441   0.20378
   0.07594   0.20199
   0.07402   0.20336
   0.06995   0.20150
   0.06138   0.19466
   0.05891   0.19251
   0.05096   0.19017
   0.05021   0.18958
   0.04300   0.18346
   0.04057   0.18300
   0.03747   0.18235
   0.03143   0.17823
   0.02813   0.17552
   0.02313   0.17568
   0.01784   0.17570
   0.01522   0.17401
   0.01337   0.17359
   0.00758   0.17358
   0.00162   0.17338
  -0.00000   0.17292
  -0.00166   0.17351
  -0.00756   0.17312
  -0.01355   0.17251
  -0.01514   0.17307
  -0.01714   0.17376
  -0.02273   0.17265
  -0.02849   0.17130
  -0.03033   0.17203
  -0.03393   0.17526
  -0.03944   0.17789
  -0.04317   0.17951
  -0.04988   0.18617
  -0.05372   0.18861
  -0.05893   0.19166
  -0.06136   0.19462
  -0.07451   0.20881
  -0.07592   0.21076
  -0.07750   0.21293
  -0.08640   0.22123
  -0.09358   0.22592
  -0.09579   0.22727
  -0.09791   0.23059
  -0.10316   0.23858
  -0.11409   0.25168
  -0.11706   0.25791
  -0.12718   0.27273
  -0.13012   0.27540
  -0.14057   0.28427
  -0.15075   0.29405
  -0.15488   0.31078
  -0.15348   0.32363
  -0.15289   0.32787
  -0.14912   0.33955
  -0.14084   0.34003
  -0.13563   0.34021
  -0.12652   0.34760
  -0.11771   0.35024
  -0.11059   0.35073
  -0.10539   0.35100
  -0.09475   0.35362
  -0.08620   0.35863
  -0.08010   0.36131
  -0.07227   0.36457
  -0.06489   0.36798
  -0.05813   0.36884
  -0.04848   0.36826
  -0.04111   0.36763
  -0.03222   0.36822
  -0.02273   0.36831
  -0.01607   0.36817
  -0.01001   0.36795
  -0.00000   0.36743
   0.01094   0.36634
   0.01596   0.36551
   0.02023   0.36474
   0.03176   0.36298
   0.04403   0.36134
   0.04756   0.36127
   0.05158   0.36115
   0.06328   0.35888
   0.07522   0.35652
   0.07897   0.35619
   0.08332   0.35575
   0.09455   0.35287
   0.10527   0.35144
   0.11074   0.35122
   0.11837   0.35077
   0.12710   0.34921
   0.13410   0.34838
   0.14436   0.34851
   0.16225   0.34795
   0.18283   0.35122
   0.19108   0.35211
   0.20388   0.35313
   0.20984   0.35356
   0.22059   0.35402
   0.22529   0.35364
                    
  -0.14856   0.07551
  -0.14292   0.07440
  -0.13319   0.07211
  -0.12610   0.07280
  -0.12848   0.07912
  -0.13380   0.08524
  -0.13905   0.09185
  -0.15051   0.09588
  -0.15949   0.09861
  -0.16864   0.09736
  -0.16434   0.08864
  -0.15515   0.08077
  -0.14856   0.07551
                    
   0.12873  -0.14795
   0.12794  -0.14189
   0.12398  -0.13530
   0.11462  -0.12096
   0.10586  -0.11553
   0.09936  -0.11111
   0.09159  -0.10915
   0.09167  -0.11676
   0.09438  -0.12300
   0.09868  -0.13429
   0.11263  -0.14679
   0.11761  -0.15089
   0.12324  -0.15255
   0.12927  -0.15406
   0.12873  -0.14795
                    
   0.17633   0.21111
   0.17722   0.21202
   0.17841   0.21414
   0.17891   0.21322
   0.17834   0.21206
   0.17786   0.21149
   0.17746   0.21101
   0.16158   0.19144
   0.14532   0.17160
   0.14327   0.16919
   0.14174   0.16754
   0.14074   0.16773
   0.13976   0.16834
   0.14079   0.17126
   0.14483   0.17564
   0.15993   0.19281
   0.17633   0.21111
                    
  -0.50069  -0.40844
  -0.50645  -0.38861
  -0.50069  -0.40844
  -0.49604  -0.41623
  -0.48917  -0.42552
  -0.47986  -0.43971
  -0.47304  -0.44957
  -0.46212  -0.46212
  -0.45012  -0.46762
  -0.43589  -0.46637
  -0.42889  -0.46805
  -0.41303  -0.47146
  -0.39794  -0.46815
  -0.39150  -0.46657
  -0.37710  -0.46791
  -0.36470  -0.46318
  -0.34552  -0.44853
  -0.34495  -0.44760
  -0.34424  -0.44646
  -0.34206  -0.44579
  -0.31656  -0.43694
  -0.31068  -0.43400
  -0.30311  -0.43288
  -0.29082  -0.42467
  -0.27890  -0.41622
  -0.26631  -0.40962
  -0.25754  -0.40426
  -0.24817  -0.39819
  -0.24092  -0.39579
  -0.22510  -0.38989
  -0.21734  -0.38830
  -0.20163  -0.38733
  -0.18638  -0.38693
  -0.18130  -0.38881
  -0.17287  -0.38937
  -0.16138  -0.38962
  -0.15514  -0.38959
  -0.14181  -0.38962
  -0.13024  -0.38996
  -0.12426  -0.39000
  -0.12294  -0.38992
  -0.12070  -0.38977
  -0.10418  -0.38882
  -0.09373  -0.38871
  -0.08590  -0.38747
  -0.07279  -0.38498
  -0.06776  -0.38431
  -0.06434  -0.38404
  -0.05064  -0.38464
  -0.03510  -0.38472
  -0.03364  -0.38453
  -0.03241  -0.38461
  -0.02418  -0.38316
  -0.01671  -0.38273
  -0.00166  -0.38142
   0.00000  -0.38093
   0.00216  -0.38066
   0.01663  -0.38086
   0.03188  -0.38048
   0.03326  -0.38014
   0.03508  -0.37949
   0.04959  -0.37667
   0.06249  -0.37366
   0.06558  -0.37191
   0.07036  -0.36939
   0.08069  -0.36397
   0.08766  -0.36006
   0.09516  -0.35514
   0.10534  -0.35120
   0.11110  -0.35237
   0.12288  -0.35439
   0.12786  -0.35129
   0.13696  -0.33166
   0.13742  -0.33176
   0.13852  -0.33200
   0.13731  -0.33081
   0.13711  -0.33061
   0.12952  -0.30400
   0.12462  -0.30087
   0.11537  -0.29450
   0.10501  -0.28851
   0.10250  -0.28683
   0.09299  -0.27999
   0.08556  -0.27135
   0.08006  -0.26448
   0.07298  -0.25870
   0.06900  -0.25750
   0.05452  -0.24451
   0.05427  -0.24426
   0.05414  -0.24422
   0.05393  -0.24415
   0.04159  -0.23588
   0.03600  -0.23371
   0.03078  -0.23382
   0.02510  -0.23379
   0.02031  -0.23213
   0.01697  -0.23058
   0.00996  -0.22807
   0.00084  -0.22432
   0.00000  -0.22386
  -0.00067  -0.22380
  -0.00976  -0.22350
  -0.01888  -0.22284
  -0.01949  -0.22273
  -0.02020  -0.22295
  -0.02958  -0.22469
  -0.03741  -0.22579
  -0.03991  -0.22635
  -0.04305  -0.22670
  -0.04993  -0.22521
  -0.05680  -0.22351
  -0.05998  -0.22384
  -0.06612  -0.22699
  -0.07191  -0.22806
  -0.07591  -0.22869
  -0.08547  -0.23482
  -0.08625  -0.23519
  -0.09582  -0.23945
  -0.10086  -0.24349
  -0.11292  -0.25221
  -0.11699  -0.25552
  -0.12014  -0.25765
  -0.13467  -0.26566
  -0.13947  -0.26793
  -0.14060  -0.26844
  -0.14229  -0.26931
  -0.16026  -0.27757
  -0.16513  -0.27883
  -0.17102  -0.28274
  -0.18712  -0.29372
  -0.19221  -0.29690
  -0.19760  -0.29874
  -0.21223  -0.30310
  -0.21983  -0.30406
  -0.23046  -0.30705
  -0.23819  -0.31041
  -0.24944  -0.31487
  -0.26333  -0.31383
  -0.26523  -0.31415
  -0.27936  -0.31615
  -0.29267  -0.31939
  -0.29681  -0.32028
  -0.31115  -0.32388
  -0.31885  -0.31885
  -0.33798  -0.31273
  -0.33972  -0.31129
  -0.34112  -0.31014
  -0.34382  -0.31062
  -0.36927  -0.31410
  -0.37405  -0.31432
  -0.37433  -0.31434
  -0.37476  -0.31446
  -0.40665  -0.31552
  -0.40876  -0.31549
  -0.41079  -0.31521
  -0.44199  -0.30948
  -0.46534  -0.29646
  -0.47360  -0.29139
  -0.48394  -0.29178
  -0.50550  -0.29185
  -0.50959  -0.29071
  -0.51359  -0.28943
  -0.51827  -0.29256
  -0.51849  -0.29935
  -0.52779  -0.31457
  -0.53403  -0.32551
  -0.52776  -0.33622
  -0.52085  -0.34749
  -0.51707  -0.36206
  -0.51666  -0.36776
  -0.50645  -0.38861
  -0.51666  -0.36776
                    
   0.14436   0.34851
   0.16225   0.34795
   0.18283   0.35122
                    
   0.50587   0.33329
   0.49720   0.31675
   0.50587   0.33329
   0.51050   0.34192
   0.52213   0.36560
   0.52171   0.36647
   0.49391   0.37899
   0.48801   0.38138
   0.47494   0.39852
   0.46413   0.41395
   0.46169   0.42306
   0.45372   0.44905
   0.45373   0.45124
   0.45285   0.45285
   0.45125   0.45356
   0.44958   0.45319
   0.41848   0.45669
   0.41472   0.45696
   0.40763   0.45973
   0.39087   0.46582
   0.37691   0.46932
   0.36367   0.46399
   0.34499   0.44846
   0.34458   0.44788
   0.34414   0.44725
   0.34242   0.44625
   0.32144   0.43337
   0.31993   0.41695
   0.31902   0.40941
   0.32137   0.40205
   0.32544   0.38784
   0.32921   0.37702
   0.33387   0.36436
   0.33757   0.35321
   0.32483   0.34339
   0.32605   0.32922
   0.32622   0.32622
   0.32815   0.32713
   0.34451   0.33440
   0.35613   0.33449
   0.36278   0.33243
   0.37677   0.32766
   0.39271   0.33272
   0.39854   0.33442
   0.41162   0.33278
   0.42423   0.32552
   0.43546   0.31860
   0.44259   0.31216
   0.44601   0.31230
   0.47509   0.30598
   0.47702   0.30548
   0.49720   0.31675
   0.47702   0.30548
                    
  -0.18638  -0.38693
  -0.20163  -0.38733
  -0.21734  -0.38830
                    
  -0.51557   0.39561
  -0.51505   0.40570
  -0.50575   0.42438
  -0.48891   0.43866
  -0.48261   0.44223
  -0.46802   0.45008
  -0.45711   0.45711
  -0.45066   0.46157
  -0.43313   0.46893
  -0.43070   0.47003
  -0.41212   0.47791
  -0.40538   0.48312
  -0.37821   0.48423
  -0.37460   0.48425
  -0.36915   0.48108
  -0.35367   0.47165
  -0.34267   0.45805
  -0.33740   0.45332
  -0.32945   0.44604
  -0.32003   0.43441
  -0.31311   0.41135
  -0.31167   0.40961
  -0.31007   0.40769
  -0.31122   0.40558
  -0.31377   0.40077
  -0.31797   0.37894
  -0.32230   0.37585
  -0.33450   0.36504
  -0.34633   0.35383
  -0.35047   0.35047
  -0.37639   0.34766
  -0.37866   0.34698
  -0.37938   0.34676
  -0.38005   0.34711
  -0.38131   0.34776
  -0.40688   0.35437
  -0.41425   0.35381
  -0.41726   0.35012
  -0.42619   0.34616
  -0.43503   0.33381
  -0.44427   0.32008
  -0.45916   0.32940
  -0.47571   0.33961
  -0.48150   0.34014
  -0.48374   0.34318
  -0.50025   0.35675
  -0.51418   0.36837
  -0.51596   0.37588
  -0.51557   0.39561
                    
   0.56112  -0.29210
   0.55235  -0.31650
   0.55225  -0.31884
   0.55094  -0.31986
   0.52850  -0.33669
   0.52016  -0.34250
   0.50361  -0.35263
   0.50551  -0.37040
   0.49971  -0.38344
   0.48898  -0.40560
   0.48775  -0.40927
   0.48637  -0.41078
   0.46853  -0.42933
   0.45186  -0.44538
   0.44850  -0.44850
   0.44629  -0.45179
   0.44090  -0.46163
   0.43612  -0.47594
   0.43129  -0.48910
   0.42256  -0.50359
   0.40754  -0.50569
   0.39565  -0.50096
   0.38237  -0.49832
   0.37240  -0.49605
   0.36761  -0.49233
   0.35964  -0.48601
   0.34552  -0.47765
   0.34076  -0.46960
   0.32906  -0.45941
   0.31013  -0.44214
   0.30992  -0.44168
   0.30986  -0.43958
   0.30249  -0.41644
   0.29852  -0.40512
   0.30675  -0.39976
   0.31400  -0.39484
   0.32025  -0.38166
   0.32870  -0.37694
   0.33911  -0.37007
   0.34714  -0.36450
   0.35784  -0.35784
   0.37829  -0.34902
   0.37955  -0.34843
   0.38013  -0.34833
   0.38297  -0.34778
   0.40606  -0.34073
   0.41223  -0.33736
   0.42558  -0.33168
   0.42924  -0.32937
   0.44415  -0.31944
   0.45617  -0.31942
   0.46120  -0.30663
   0.46876  -0.29864
   0.47400  -0.29291
   0.48087  -0.27763
   0.49757  -0.26788
   0.50248  -0.26482
   0.50650  -0.26367
   0.53124  -0.25558
   0.53969  -0.26529
   0.55200  -0.26985
   0.56654  -0.27514
   0.56112  -0.29210
                    
  -0.41079  -0.31521
  -0.44199  -0.30948
  -0.46534  -0.29646
                    
  -0.79922  -0.00493
  -0.78830  -0.01750
  -0.77839  -0.03399
  -0.77632  -0.03729
  -0.76416  -0.04936
  -0.75258  -0.06149
  -0.74860  -0.06549
  -0.74109  -0.08414
  -0.73243  -0.09643
  -0.72440  -0.10724
  -0.71400  -0.11241
  -0.71434  -0.12596
  -0.71116  -0.13689
  -0.69956  -0.15509
  -0.69583  -0.16064
  -0.68884  -0.18457
  -0.68342  -0.19066
  -0.67265  -0.20226
  -0.66461  -0.20955
  -0.64866  -0.22318
  -0.63390  -0.20422
  -0.63036  -0.20417
  -0.62442  -0.20403
  -0.62902  -0.19833
  -0.63069  -0.19621
  -0.63103  -0.16909
  -0.64559  -0.14919
  -0.64803  -0.14566
  -0.64885  -0.14385
  -0.65025  -0.14076
  -0.66256  -0.11683
  -0.66743  -0.10416
  -0.67450  -0.08880
  -0.68238  -0.07022
  -0.69288  -0.07463
  -0.69987  -0.06123
  -0.70825  -0.04234
  -0.71141  -0.03475
  -0.71008  -0.03100
  -0.70968  -0.02992
  -0.71222  -0.00000
  -0.71466   0.02370
  -0.71743   0.03132
  -0.72631   0.05837
  -0.72707   0.06361
  -0.72701   0.06678
  -0.72829   0.07655
  -0.74545   0.09814
  -0.74707   0.10030
  -0.74852   0.09943
  -0.74894   0.09917
  -0.77002   0.10556
  -0.77406   0.10191
  -0.78600   0.09067
  -0.79593   0.07264
  -0.79744   0.06977
  -0.79972   0.03709
  -0.80047   0.03495
  -0.80258   0.02879
  -0.80333  -0.00000
  -0.79922  -0.00493
                    
   0.80038  -0.07002
   0.79498  -0.08237
   0.78861  -0.09615
   0.78035  -0.10273
   0.76922  -0.11120
   0.75768  -0.11735
   0.74442  -0.12648
   0.73869  -0.13025
   0.72615  -0.13769
   0.71920  -0.13789
   0.70510  -0.14254
   0.69612  -0.13725
   0.68054  -0.12846
   0.67817  -0.15035
   0.67581  -0.16748
   0.66746  -0.17884
   0.66459  -0.18214
   0.66050  -0.18524
   0.65450  -0.18363
   0.65448  -0.17537
   0.65882  -0.16867
   0.66510  -0.14745
   0.67146  -0.12284
   0.67307  -0.11868
   0.67399  -0.11613
   0.67855  -0.08933
   0.68218  -0.06109
   0.68247  -0.05971
   0.68253  -0.05847
   0.68371  -0.02985
   0.68373  -0.00291
   0.68361   0.00000
   0.68323   0.00355
   0.68103   0.02973
   0.67834   0.05205
   0.67688   0.05922
   0.67622   0.06742
   0.68128   0.08020
   0.69701   0.08147
   0.70431   0.08579
   0.70792   0.08797
   0.72675   0.08994
   0.74582   0.09306
   0.74924   0.09383
   0.75222   0.09450
   0.77106   0.09762
   0.78530   0.08924
   0.79523   0.07987
   0.80480   0.07041
   0.81065   0.05757
   0.81382   0.03553
   0.81711   0.00594
   0.81831   0.00000
   0.81688  -0.00631
   0.81122  -0.03542
   0.80757  -0.05161
   0.80038  -0.07002
                    
  -0.44238   0.78696
  -0.43953   0.78188
  -0.43850   0.78006
  -0.42969   0.77722
  -0.42411   0.76974
  -0.41912   0.76300
  -0.39880   0.76609
  -0.39546   0.76654
  -0.37400   0.76860
  -0.36003   0.77209
  -0.32966   0.77868
  -0.32287   0.77947
  -0.32066   0.77971
  -0.31186   0.78197
  -0.28675   0.78783
  -0.26039   0.79496
  -0.25122   0.79678
  -0.23745   0.79930
  -0.21534   0.80367
  -0.19880   0.80633
  -0.17812   0.80346
  -0.17186   0.80246
  -0.15232   0.79961
  -0.14108   0.80008
  -0.13012   0.80340
  -0.10971   0.81329
  -0.10727   0.81478
  -0.08873   0.82559
  -0.07266   0.83051
  -0.03900   0.83962
  -0.03668   0.84010
  -0.03538   0.84037
  -0.03232   0.84124
  -0.00000   0.84963
   0.02513   0.84818
   0.03707   0.84915
   0.05547   0.85031
   0.07413   0.84736
   0.09201   0.83682
   0.10126   0.83107
   0.10904   0.82823
   0.12680   0.82138
   0.14340   0.81325
   0.15398   0.81246
   0.18023   0.81294
   0.19198   0.81287
   0.21658   0.80829
   0.24033   0.79999
   0.25114   0.79651
   0.26239   0.79272
   0.28516   0.78347
   0.31177   0.77638
   0.32049   0.77373
   0.32679   0.77176
   0.35559   0.76257
   0.35767   0.76210
   0.38260   0.75606
   0.39321   0.75535
   0.42116   0.75273
   0.42400   0.75668
   0.42826   0.76744
   0.43197   0.77695
   0.43536   0.78182
   0.43673   0.78429
   0.43921   0.78874
                    
  -0.43347  -0.79190
  -0.43166  -0.78859
  -0.42968  -0.78496
  -0.41024  -0.78807
  -0.39708  -0.78989
  -0.37180  -0.79732
  -0.36788  -0.79815
  -0.34550  -0.80249
  -0.33385  -0.80598
  -0.31413  -0.81148
  -0.29664  -0.81501
  -0.28661  -0.81840
  -0.25989  -0.82428
  -0.24362  -0.82742
  -0.22744  -0.82913
  -0.22219  -0.82924
  -0.18532  -0.82286
  -0.18231  -0.82234
  -0.18182  -0.82226
  -0.18146  -0.82207
  -0.17940  -0.82103
  -0.15017  -0.80680
  -0.14540  -0.80570
  -0.14208  -0.80575
  -0.13908  -0.80690
  -0.13620  -0.80928
  -0.11426  -0.83131
  -0.11138  -0.83446
  -0.11084  -0.83505
  -0.10998  -0.83536
  -0.10804  -0.83605
  -0.07445  -0.85095
  -0.06049  -0.85266
  -0.03727  -0.85372
  -0.01501  -0.85414
   0.00000  -0.85481
   0.02414  -0.84878
   0.03718  -0.85162
   0.07280  -0.85822
   0.05421  -0.84011
   0.04806  -0.83376
   0.05661  -0.81871
   0.06158  -0.81267
   0.07091  -0.81045
   0.08003  -0.81135
   0.09080  -0.81562
   0.10520  -0.83273
   0.10226  -0.83563
   0.08164  -0.85493
   0.11041  -0.83862
   0.11414  -0.83638
   0.14768  -0.83754
   0.17081  -0.83200
   0.18352  -0.82779
   0.19202  -0.82485
   0.21893  -0.81706
   0.24714  -0.80929
   0.25447  -0.80708
   0.26196  -0.80473
   0.28955  -0.79554
   0.31187  -0.79070
   0.32651  -0.78826
   0.36066  -0.78148
   0.36400  -0.78060
   0.36582  -0.77998
   0.37008  -0.77911
   0.40161  -0.77149
   0.41539  -0.76774
   0.42512  -0.76919
   0.44556  -0.77174
   0.44989  -0.77180
   0.45165  -0.77252
   0.45215  -0.77338
   0.45565  -0.77935
                    
  -0.09121   0.88452
  -0.11680   0.88721
  -0.11784   0.89505
  -0.11680   0.88721
  -0.09121   0.88452
  -0.07735   0.88413
  -0.05381   0.88356
  -0.03861   0.88442
  -0.02310   0.88502
  -0.00000   0.88081
   0.02272   0.87856
   0.03564   0.87701
   0.03827   0.87655
   0.04331   0.87564
   0.07611   0.86993
   0.09824   0.87334
   0.10881   0.87475
   0.11505   0.87387
   0.12088   0.87300
   0.15366   0.87145
   0.17131   0.87100
   0.19187   0.87405
   0.19348   0.88142
   0.19357   0.88178
                    
   2.26447  -0.00598
   2.26625  -0.00435
   2.26872  -0.00188
   2.27352   0.00000
   2.26344   0.00274
   2.25891   0.00403
   2.25743   0.00440
   2.25454   0.00447
   2.24549   0.00456
   2.22219   0.00429
   2.22015   0.00451
   2.22014   0.00468
   2.22012   0.00485
   2.22013   0.00704
   2.22004   0.00928
   2.22002   0.00941
   2.22000   0.00954
   2.21907   0.01162
   2.21810   0.01356
   2.21804   0.01377
   2.21799   0.01397
   2.21813   0.01623
   2.21816   0.01866
   2.21813   0.01873
   2.21810   0.01881
   2.21491   0.01998
   2.21218   0.02074
   2.21200   0.02114
   2.21181   0.02153
   2.21437   0.02483
   2.21557   0.02663
   2.22444   0.03243
   2.22689   0.03477
   2.22296   0.03334
   2.21444   0.02863
   2.21025   0.02777
   2.20536   0.02634
   2.20501   0.02685
   2.20465   0.02735
   2.20364   0.02837
   2.20262   0.02934
   2.20221   0.02983
   2.20180   0.03031
   2.20164   0.03205
   2.20137   0.03397
   2.20100   0.03434
   2.20063   0.03470
   2.19937   0.03569
   2.19809   0.03662
   2.19768   0.03696
   2.19727   0.03731
   2.19661   0.03903
   2.19580   0.04087
   2.19545   0.04111
   2.19511   0.04135
   2.19351   0.04214
   2.19192   0.04285
   2.19153   0.04307
   2.19114   0.04330
   2.18956   0.04397
   2.18797   0.04458
   2.18755   0.04478
   2.18712   0.04497
   2.18552   0.04552
   2.18393   0.04600
   2.18347   0.04617
   2.18301   0.04634
   2.18110   0.04578
   2.17940   0.04519
   2.17882   0.04535
   2.17823   0.04550
   2.17715   0.04731
   2.17579   0.04929
   2.17537   0.04937
   2.17495   0.04944
   2.17298   0.04799
   2.17136   0.04662
   2.17075   0.04668
   2.17014   0.04673
   2.16874   0.04759
   2.16719   0.04845
   2.16667   0.04846
   2.16614   0.04845
   2.16454   0.04864
   2.16290   0.04878
   2.16240   0.04874
   2.16190   0.04869
   2.16039   0.04764
   2.15905   0.04661
   2.15847   0.04651
   2.15788   0.04640
   2.15654   0.04570
   2.15527   0.04498
   2.15466   0.04482
   2.15404   0.04465
   2.15273   0.04419
   2.15145   0.04369
   2.15084   0.04348
   2.15024   0.04325
   2.14823   0.04451
   2.14576   0.04581
   2.14538   0.04564
   2.14501   0.04547
   2.14412   0.04330
   2.14347   0.04135
   2.14296   0.04107
   2.14245   0.04077
   2.14032   0.04135
   2.13783   0.04185
   2.13751   0.04164
   2.13720   0.04142
   2.13590   0.04009
   2.13469   0.03876
   2.13437   0.03849
   2.13405   0.03822
   2.13349   0.03621
   2.13308   0.03437
   2.13269   0.03398
   2.13230   0.03359
   2.12575   0.03749
   2.12557   0.03759
   2.10933   0.05070
   2.10280   0.05359
   2.10718   0.04741
   2.12260   0.03405
   2.12307   0.03345
   2.12820   0.02765
   2.12786   0.02717
   2.12753   0.02669
   2.12044   0.03105
   2.09433   0.04642
   2.09261   0.04751
   2.09113   0.04843
   2.09089   0.04827
   2.09062   0.04809
   2.07872   0.05078
   2.08245   0.04526
   2.08188   0.04414
   2.08132   0.04302
   2.08770   0.03880
   2.10292   0.02972
   2.09996   0.02943
   2.09387   0.03015
   2.09117   0.03034
   2.08816   0.02857
   2.08883   0.02538
   2.08974   0.02425
   2.09113   0.02263
   2.09233   0.01992
   2.09253   0.01785
   2.09376   0.01616
   2.09545   0.01406
   2.09586   0.01248
   2.07960   0.01265
   2.07600   0.01249
   2.07581   0.01196
   2.07560   0.01140
   2.06854   0.00858
   2.06762   0.00629
   2.06416   0.00448
   2.05783   0.00055
   2.05759  -0.00000
   2.05791  -0.00057
   2.06232  -0.00456
   2.06528  -0.00690
   2.06645  -0.00877
   2.07640  -0.01142
   2.07722  -0.01178
   2.07770  -0.01198
   2.07951  -0.01202
   2.10395  -0.01106
   2.08070  -0.01876
   2.07983  -0.01911
   2.07977  -0.01927
   2.07969  -0.01946
   2.07224  -0.02530
   2.07432  -0.02764
   2.07533  -0.02880
   2.07621  -0.02977
   2.07862  -0.03205
   2.08080  -0.03478
   2.08071  -0.03561
   2.08062  -0.03660
   2.08315  -0.03895
   2.08808  -0.03957
   2.08991  -0.03971
   2.09183  -0.03896
   2.11805  -0.02716
   2.12050  -0.02641
   2.12060  -0.02659
   2.12071  -0.02678
   2.12491  -0.02660
   2.12819  -0.02617
   2.12855  -0.02669
   2.12891  -0.02721
   2.12944  -0.02857
   2.13004  -0.02996
   2.13042  -0.03042
   2.13080  -0.03087
   2.12868  -0.03481
   2.12689  -0.03898
   2.12275  -0.04333
   2.12169  -0.04497
   2.12268  -0.04467
   2.12824  -0.04030
   2.12982  -0.04021
   2.13286  -0.03985
   2.13308  -0.04003
   2.13329  -0.04021
   2.13312  -0.04372
   2.13312  -0.04445
   2.12768  -0.05419
   2.12750  -0.05594
   2.12973  -0.05401
   2.13566  -0.04626
   2.13822  -0.04466
   2.14184  -0.04198
   2.14228  -0.04223
   2.14273  -0.04249
   2.14458  -0.04243
   2.14628  -0.04229
   2.14683  -0.04255
   2.14738  -0.04280
   2.14866  -0.04348
   2.14997  -0.04413
   2.15053  -0.04434
   2.15109  -0.04454
   2.15263  -0.04453
   2.15408  -0.04448
   2.15470  -0.04465
   2.15533  -0.04481
   2.15646  -0.04604
   2.15777  -0.04732
   2.15831  -0.04742
   2.15884  -0.04751
   2.16047  -0.04706
   2.16197  -0.04657
   2.16259  -0.04663
   2.16320  -0.04668
   2.16463  -0.04658
   2.16603  -0.04644
   2.16667  -0.04645
   2.16730  -0.04644
   2.16868  -0.04618
   2.17002  -0.04588
   2.17068  -0.04583
   2.17133  -0.04577
   2.17277  -0.04639
   2.17437  -0.04698
   2.17493  -0.04689
   2.17550  -0.04678
   2.17692  -0.04625
   2.17829  -0.04568
   2.17887  -0.04553
   2.17944  -0.04537
   2.18072  -0.04458
   2.18192  -0.04378
   2.18252  -0.04356
   2.18312  -0.04334
   2.18504  -0.04435
   2.18733  -0.04536
   2.18773  -0.04518
   2.18813  -0.04499
   2.18956  -0.04397
   2.19090  -0.04293
   2.19132  -0.04269
   2.19173  -0.04245
   2.19650  -0.04684
   2.19663  -0.04694
   2.20803  -0.06209
   2.21227  -0.06512
   2.21029  -0.05947
   2.20030  -0.04438
   2.19987  -0.04327
   2.19706  -0.03709
   2.19749  -0.03673
   2.19791  -0.03637
   2.19829  -0.03451
   2.19854  -0.03282
   2.19901  -0.03235
   2.19948  -0.03187
   2.20138  -0.03181
   2.20353  -0.03161
   2.20387  -0.03121
   2.20420  -0.03081
   2.20580  -0.03003
   2.20748  -0.02910
   2.20773  -0.02875
   2.20797  -0.02840
   2.21060  -0.02799
   2.21365  -0.02726
   2.21371  -0.02716
   2.21377  -0.02706
   2.21346  -0.02436
   2.21302  -0.02200
   2.21317  -0.02168
   2.21332  -0.02137
   2.21754  -0.02266
   2.24153  -0.03101
   2.24530  -0.03212
   2.24856  -0.03217
   2.25447  -0.03196
   2.25433  -0.02832
   2.25469  -0.02775
   2.25507  -0.02714
   2.25441  -0.02351
   2.25636  -0.02053
   2.26003  -0.02070
   2.27603  -0.02054
   2.28189  -0.02123
   2.28503  -0.02087
   2.28348  -0.01948
   2.27673  -0.01635
   2.26117  -0.01244
   2.25655  -0.01143
   2.25399  -0.01082
   2.23515  -0.00706
   2.22212  -0.00512
   2.22191  -0.00485
   2.22215  -0.00478
   2.22554  -0.00493
   2.25445  -0.00597
   2.26447  -0.00598
                    
   1.64604   0.60640
   1.63487   0.59072
   1.63104   0.58453
   1.62116   0.56783
   1.61291   0.55375
   1.60966   0.54800
   1.60699   0.53929
   1.59782   0.52125
   1.59017   0.50510
   1.58511   0.48798
   1.57928   0.47449
   1.57409   0.46176
   1.57392   0.45483
   1.57403   0.43016
   1.57965   0.42451
   1.57846   0.41186
   1.57373   0.38966
   1.57244   0.38278
   1.57100   0.37948
   1.56882   0.37440
   1.56166   0.34930
   1.55650   0.33637
   1.54983   0.32110
   1.54215   0.30214
   1.53899   0.29269
   1.53728   0.28602
   1.53647   0.27096
   1.53703   0.26081
   1.53832   0.24454
   1.54490   0.22900
   1.54634   0.22578
   1.55245   0.21022
   1.55995   0.19849
   1.57291   0.20258
   1.58729   0.21088
   1.58966   0.21114
   1.60776   0.21281
   1.61608   0.21068
   1.62257   0.20652
   1.63813   0.19995
   1.65542   0.19271
   1.66145   0.18945
   1.67926   0.19267
   1.68942   0.19275
   1.69325   0.19273
   1.69597   0.19497
   1.70352   0.20096
   1.71869   0.20889
   1.72040   0.21362
   1.72858   0.21631
   1.74585   0.21906
   1.75300   0.21995
   1.75957   0.22129
   1.77812   0.22433
   1.78324   0.23006
   1.79329   0.22642
   1.80766   0.22871
   1.81628   0.22975
   1.82658   0.23103
   1.83555   0.23185
   1.84583   0.23537
   1.85859   0.22909
   1.86858   0.22873
   1.87867   0.22800
   1.88974   0.23236
   1.90216   0.24207
   1.90231   0.24224
   1.90245   0.24242
   1.90377   0.24326
   1.91601   0.25066
   1.92603   0.25812
   1.92984   0.25845
   1.93962   0.25902
   1.94658   0.26229
   1.95252   0.26088
   1.96359   0.26466
   1.97244   0.26733
   1.97726   0.26921
   1.97800   0.26944
   1.98020   0.26924
   1.99465   0.27001
   2.00190   0.27008
   2.01365   0.26337
   2.01514   0.26246
   2.01575   0.26458
   2.01916   0.27504
   2.02146   0.27894
   2.02617   0.28647
   2.02995   0.29318
   2.03512   0.29360
   2.04639   0.29036
   2.05071   0.28895
   2.06090   0.29058
   2.07089   0.29476
   2.07297   0.29718
   2.07706   0.30176
   2.08495   0.30495
   2.09622   0.30285
   2.09983   0.30148
   2.10160   0.30078
   2.11061   0.29939
   2.11398   0.29878
   2.11610   0.30036
   2.12414   0.30605
   2.12616   0.30771
   2.13010   0.31085
   2.13896   0.31673
   2.14494   0.31860
   2.15251   0.32414
   2.16186   0.33040
   2.15207   0.33428
   2.14151   0.33799
   2.13705   0.33857
   2.13194   0.33844
   2.12181   0.34073
   2.11480   0.34210
   2.10651   0.34116
   2.09810   0.33957
   2.09219   0.33593
   2.08365   0.33033
   2.07851   0.32900
   2.07031   0.33075
   2.06194   0.33215
   2.05710   0.33284
   2.04492   0.33450
   2.03386   0.32762
   2.03230   0.32438
   2.02779   0.31420
   2.02277   0.30859
   2.01408   0.30918
   2.00528   0.31002
   2.00100   0.31032
   1.98804   0.30939
   1.98711   0.30992
   1.97405   0.31681
   1.96852   0.32883
   1.95340   0.33476
   1.94561   0.33743
   1.93181   0.33541
   1.91941   0.32516
   1.91858   0.32331
   1.91684   0.31936
   1.90707   0.30937
   1.89352   0.30728
   1.88846   0.30634
   1.88549   0.30686
   1.85920   0.31006
   1.85763   0.31024
   1.85663   0.31004
   1.85459   0.30935
   1.83720   0.30190
   1.82803   0.29754
   1.81714   0.29329
   1.80444   0.28894
   1.79795   0.28650
   1.79308   0.28666
   1.77091   0.28651
   1.76290   0.29308
   1.75294   0.30619
   1.74833   0.31251
   1.73479   0.32344
   1.72081   0.32843
   1.70779   0.32980
   1.69418   0.33084
   1.68520   0.32859
   1.67912   0.33142
   1.67361   0.33616
   1.66102   0.34906
   1.64726   0.36369
   1.64496   0.36647
   1.64449   0.36720
   1.64227   0.40239
   1.64224   0.40365
   1.64340   0.40649
   1.65387   0.43029
   1.66196   0.44507
   1.66824   0.45672
   1.68077   0.47833
   1.68371   0.48296
   1.68498   0.48549
   1.68661   0.49002
   1.69820   0.51124
   1.70609   0.52464
   1.71096   0.54309
   1.71177   0.54450
   1.72254   0.56260
   1.72840   0.57116
   1.74410   0.59272
   1.74799   0.59793
   1.74956   0.59985
   1.75091   0.60283
   1.75564   0.62401
   1.75768   0.63474
   1.75812   0.63692
   1.75956   0.63904
   1.76612   0.64849
   1.78007   0.66961
   1.78225   0.67287
   1.78312   0.67599
   1.78050   0.67790
   1.77419   0.67978
   1.73772   0.67437
   1.73735   0.67431
   1.73714   0.67423
   1.73668   0.67406
   1.70252   0.66287
   1.68589   0.64883
   1.67731   0.63774
   1.67409   0.63345
   1.65157   0.61386
   1.64604   0.60640
                    
   2.46409   0.22822
   2.48115   0.22021
   2.48522   0.24444
   2.48115   0.22021
   2.50289   0.23661
   2.48115   0.22021
   2.50360   0.23560
   2.48115   0.22021
   2.46409   0.22822
   2.45594   0.23159
   2.44560   0.23406
   2.43471   0.23758
   2.42981   0.23900
   2.42318   0.23505
   2.40809   0.22562
   2.39748   0.22375
   2.39205   0.22538
   2.38577   0.22934
   2.37990   0.23270
   2.37531   0.23521
   2.36757   0.23943
   2.36179   0.24619
   2.35939   0.25116
   2.35501   0.25956
   2.35134   0.26374
   2.34502   0.26517
   2.33879   0.27018
   2.33170   0.27558
   2.32516   0.27452
   2.32182   0.28009
   2.31511   0.28515
   2.30694   0.29094
   2.30386   0.29421
   2.30059   0.29537
   2.29056   0.29910
   2.28102   0.30231
   2.27708   0.30336
   2.27021   0.30221
   2.26426   0.30952
   2.25682   0.31790
   2.26666   0.31715
   2.27903   0.31577
   2.28142   0.31528
   2.29203   0.32156
   2.29846   0.31818
   2.30554   0.31427
   2.30731   0.32941
   2.30773   0.33388
   2.31920   0.35231
   2.32755   0.35937
   2.33446   0.35982
   2.33886   0.35444
   2.34127   0.34192
   2.33205   0.31771
   2.33641   0.29400
   2.34402   0.29377
   2.35157   0.29025
   2.35815   0.28699
   2.36917   0.28921
   2.37384   0.29218
   2.38621   0.29956
   2.39469   0.30887
   2.40502   0.31063
   2.41583   0.31204
   2.42686   0.31009
   2.43345   0.30033
   2.43559   0.29348
   2.43975   0.27812
   2.44124   0.27457
   2.44490   0.27311
   2.45742   0.26643
   2.46556   0.26172
   2.47412   0.25798
   2.48583   0.24981
   2.48522   0.24444
                    
   2.33641   0.29400
   2.33205   0.31771
   2.34127   0.34192
                    
   2.19535   0.32784
   2.19614   0.32773
   2.20946   0.32501
   2.22129   0.32209
   2.22338   0.32163
   2.22630   0.31902
   2.23792   0.32142
   2.24100   0.32197
   2.23824   0.32286
   2.22504   0.32675
   2.22430   0.32688
   2.22358   0.32696
   2.20993   0.32858
   2.19576   0.32966
   2.19551   0.32967
   2.19526   0.32971
   2.18972   0.32963
   2.19481   0.32824
   2.19535   0.32784
                    
   2.68083  -0.61275
   2.67522  -0.61657
   2.65477  -0.62987
   2.64931  -0.62899
   2.62852  -0.62511
   2.62112  -0.61416
   2.61566  -0.60710
   2.60997  -0.59974
   2.60241  -0.58855
   2.60965  -0.57730
   2.61881  -0.56225
   2.62760  -0.54931
   2.64529  -0.52683
   2.64806  -0.52535
   2.65370  -0.52228
   2.65249  -0.51709
   2.64924  -0.50410
   2.64952  -0.48726
   2.64966  -0.48533
   2.65042  -0.48375
   2.65352  -0.46947
   2.65725  -0.44953
   2.65761  -0.44730
   2.65791  -0.44465
   2.66030  -0.41421
   2.66445  -0.40894
   2.67434  -0.38955
   2.67770  -0.38255
   2.68055  -0.36845
   2.66601  -0.35802
   2.65103  -0.34728
   2.64727  -0.34140
   2.64256  -0.33957
   2.62483  -0.33079
   2.61172  -0.32406
   2.60113  -0.31995
   2.57537  -0.31331
   2.57510  -0.31322
   2.57498  -0.31318
   2.57474  -0.31313
   2.54722  -0.30642
   2.53942  -0.30528
   2.53698  -0.31073
   2.53184  -0.31408
   2.51797  -0.32191
   2.51020  -0.32599
   2.49907  -0.33240
   2.48071  -0.34179
   2.48010  -0.34206
   2.47975  -0.34221
   2.47821  -0.34298
   2.46115  -0.35095
   2.44861  -0.35550
   2.44051  -0.35688
   2.42164  -0.35932
   2.41865  -0.35986
   2.41712  -0.36232
   2.41119  -0.36178
   2.39937  -0.36527
   2.38611  -0.36871
   2.38132  -0.37180
   2.37544  -0.37403
   2.36416  -0.37939
   2.35358  -0.38406
   2.34662  -0.38591
   2.33126  -0.38445
   2.32577  -0.38412
   2.32312  -0.38392
   2.31742  -0.38250
   2.30456  -0.37885
   2.29348  -0.38078
   2.28701  -0.38168
   2.27886  -0.38265
   2.26946  -0.38364
   2.26152  -0.38544
   2.25262  -0.38773
   2.24392  -0.38975
   2.23562  -0.39108
   2.22884  -0.38928
   2.21693  -0.38176
   2.21550  -0.38080
   2.21058  -0.36162
   2.20469  -0.35615
   2.19717  -0.34864
   2.19049  -0.35738
   2.18578  -0.36311
   2.18311  -0.37655
   2.18155  -0.38363
   2.17125  -0.39138
   2.16667  -0.39289
   2.16080  -0.39338
   2.14945  -0.39437
   2.13958  -0.39494
   2.13211  -0.39501
   2.12391  -0.39472
   2.11477  -0.39418
   2.10632  -0.39350
   2.09744  -0.39259
   2.08361  -0.39567
   2.07851  -0.39767
   2.07651  -0.39842
   2.06624  -0.39868
   2.05983  -0.39871
   2.04310  -0.39231
   2.04298  -0.39228
   2.04286  -0.39225
   2.04114  -0.39150
   2.02660  -0.38484
   2.01386  -0.38169
   2.00947  -0.38050
   2.00908  -0.38046
   2.00848  -0.38040
   1.99143  -0.37579
   1.97741  -0.36933
   1.97502  -0.36815
   1.97257  -0.36692
   1.95894  -0.35979
   1.94595  -0.35155
   1.94341  -0.35044
   1.94027  -0.34904
   1.92828  -0.34045
   1.91617  -0.33048
   1.91342  -0.33004
   1.90740  -0.32898
   1.89862  -0.31944
   1.88844  -0.30646
   1.88410  -0.30837
   1.86524  -0.31594
   1.85731  -0.31208
   1.85527  -0.31140
   1.85363  -0.30951
   1.85187  -0.30262
   1.85904  -0.30080
   1.87363  -0.29304
   1.87988  -0.29459
   1.88988  -0.29681
   1.90072  -0.27688
   1.91175  -0.27820
   1.92189  -0.27901
   1.93173  -0.27998
   1.94348  -0.28014
   1.94917  -0.28002
   1.95178  -0.28005
   1.95835  -0.27999
   1.97120  -0.27916
   1.97583  -0.28060
   1.98534  -0.28462
   1.99698  -0.28907
   1.99942  -0.28969
   2.00123  -0.29015
   2.00712  -0.28937
   2.01578  -0.28984
   2.02634  -0.29003
   2.03080  -0.29137
   2.03774  -0.29160
   2.04649  -0.29014
   2.05074  -0.28931
   2.06118  -0.28982
   2.07175  -0.29390
   2.07375  -0.29471
   2.07591  -0.29557
   2.08653  -0.29908
   2.09629  -0.30277
   2.09934  -0.30368
   2.10262  -0.30461
   2.11242  -0.30765
   2.12170  -0.30949
   2.12570  -0.31118
   2.13106  -0.31333
   2.13915  -0.31452
   2.14746  -0.31454
   2.15284  -0.31666
   2.16066  -0.31950
   2.16667  -0.31890
   2.17203  -0.32073
   2.18069  -0.32122
   2.19025  -0.32149
   2.19487  -0.32234
   2.19873  -0.32195
   2.20892  -0.32094
   2.21926  -0.31957
   2.22290  -0.31892
   2.22670  -0.31781
   2.23667  -0.31577
   2.24657  -0.31341
   2.25026  -0.31197
   2.25401  -0.31207
   2.26464  -0.31073
   2.27744  -0.30862
   2.27894  -0.30848
   2.28041  -0.30624
   2.28719  -0.29098
   2.28900  -0.28632
   2.29591  -0.27717
   2.30737  -0.27556
   2.31065  -0.27658
   2.32072  -0.27938
   2.32792  -0.27929
   2.33175  -0.27695
   2.33917  -0.27077
   2.34533  -0.26534
   2.35009  -0.26195
   2.35511  -0.26030
   2.36533  -0.25890
   2.37387  -0.25740
   2.37991  -0.25675
   2.38222  -0.25688
   2.39126  -0.25810
   2.40478  -0.25986
   2.40778  -0.26015
   2.41341  -0.25963
   2.42487  -0.25820
   2.43505  -0.25750
   2.44713  -0.26217
   2.45329  -0.26264
   2.46599  -0.26319
   2.47392  -0.25782
   2.48842  -0.25000
   2.48913  -0.24743
   2.49031  -0.24292
   2.49677  -0.24508
   2.51541  -0.25073
   2.52374  -0.25134
   2.52535  -0.25316
   2.52751  -0.25266
   2.55537  -0.25219
   2.55851  -0.25199
   2.56110  -0.25128
   2.57662  -0.24657
   2.58766  -0.24306
   2.58907  -0.24222
   2.59145  -0.24139
   2.61213  -0.23189
   2.61940  -0.22817
   2.62928  -0.22563
   2.64236  -0.22182
   2.65224  -0.21935
   2.66026  -0.21794
   2.66953  -0.22351
   2.68197  -0.23194
   2.69930  -0.24413
   2.70234  -0.24615
   2.70429  -0.24789
   2.70699  -0.25196
   2.71863  -0.26993
   2.72404  -0.27895
   2.72225  -0.28922
   2.71788  -0.31059
   2.71740  -0.31796
   2.71378  -0.32120
   2.70718  -0.33963
   2.72253  -0.33546
   2.72846  -0.35131
   2.72963  -0.35465
   2.74837  -0.36359
   2.75020  -0.37175
   2.75298  -0.38562
   2.75109  -0.40232
   2.75025  -0.40863
   2.74363  -0.42775
   2.74354  -0.44265
   2.74329  -0.45141
   2.74376  -0.46640
   2.73761  -0.47908
   2.72481  -0.49950
   2.71783  -0.50505
   2.70641  -0.51384
   2.70201  -0.53252
   2.70143  -0.53477
   2.69964  -0.55293
   2.70359  -0.56194
   2.69656  -0.57828
   2.69019  -0.59210
   2.68150  -0.61133
   2.68083  -0.61275
                    
   2.50360   0.23560
   2.52408   0.24958
   2.52478   0.24986
   2.52854   0.25045
   2.55502   0.25273
   2.55883   0.25291
   2.56586   0.25432
   2.58210   0.25715
   2.58344   0.26552
   2.58514   0.27866
   2.57897   0.28870
   2.57002   0.29149
   2.56033   0.28937
   2.54874   0.28164
   2.54162   0.27222
   2.52466   0.25127
   2.52404   0.25092
   2.52116   0.25059
   2.50289   0.23661
                    
   2.60432   0.20791
   2.60514   0.21553
   2.61331   0.21443
   2.63058   0.21632
   2.61776   0.20439
   2.61089   0.20342
   2.60820   0.20367
   2.60596   0.20485
   2.60432   0.20791
                    
   1.59901  -0.23513
   1.57979  -0.25116
   1.57251  -0.26267
   1.57124  -0.27765
   1.57684  -0.30190
   1.57775  -0.30545
   1.57790  -0.30649
   1.57828  -0.30910
   1.58450  -0.33611
   1.60128  -0.34550
   1.60869  -0.34939
   1.62610  -0.33955
   1.63353  -0.32579
   1.63964  -0.31585
   1.65195  -0.29717
   1.65283  -0.29384
   1.65507  -0.29292
   1.65670  -0.29227
   1.65868  -0.29329
   1.68692  -0.29862
   1.69110  -0.29923
   1.69466  -0.30070
   1.71397  -0.30801
   1.72299  -0.31067
   1.72433  -0.31101
   1.72558  -0.31076
   1.72702  -0.30985
   1.73020  -0.30561
   1.73677  -0.28303
   1.73863  -0.27745
   1.73697  -0.27375
   1.73486  -0.26893
   1.73309  -0.25033
   1.72759  -0.24154
   1.72233  -0.23131
   1.71716  -0.22068
   1.71237  -0.21184
   1.69700  -0.21056
   1.68543  -0.20921
   1.66915  -0.20882
   1.64893  -0.21446
   1.64488  -0.21555
   1.64439  -0.21578
   1.64394  -0.21599
   1.62090  -0.22289
   1.59901  -0.23513
   1.62090  -0.22289
                    
   2.61141   0.78563
   2.60827   0.78009
   2.60751   0.77874
   2.60019   0.77677
   2.58662   0.77202
   2.58046   0.76975
   2.56545   0.76606
   2.56387   0.76564
   2.56272   0.76081
   2.55929   0.74688
   2.55895   0.74488
   2.55844   0.74197
   2.55394   0.72354
   2.53821   0.71373
   2.53435   0.71122
   2.53304   0.71031
   2.53047   0.70850
   2.51274   0.69592
   2.52334   0.68516
   2.53585   0.67183
   2.54763   0.65985
   2.55974   0.64471
   2.56594   0.63660
   2.56929   0.63199
   2.58136   0.61458
   2.58894   0.60307
   2.59155   0.59992
   2.59105   0.59679
   2.60398   0.56992
   2.60715   0.56272
   2.61696   0.54832
   2.62125   0.54175
   2.63481   0.52411
   2.63923   0.51572
   2.65093   0.49183
   2.65361   0.48694
   2.65598   0.48457
   2.65548   0.48128
   2.66312   0.45491
   2.66535   0.44610
   2.66918   0.43187
   2.67126   0.42341
   2.67539   0.40697
   2.67178   0.39033
   2.67143   0.38732
   2.66916   0.37106
   2.67026   0.35262
   2.67078   0.35126
   2.67778   0.33199
   2.67866   0.32618
   2.68079   0.30951
   2.68290   0.29805
   2.68663   0.29206
   2.69397   0.27450
   2.70219   0.25264
   2.70344   0.25030
   2.70704   0.24684
   2.70468   0.24101
   2.69142   0.22274
   2.68756   0.21910
   2.68579   0.21744
   2.68519   0.21478
   2.68158   0.20024
   2.67614   0.18543
   2.69919   0.18910
   2.71617   0.19145
   2.72381   0.19269
   2.73175   0.19617
   2.74484   0.20794
   2.74919   0.21202
   2.75390   0.22532
   2.76369   0.22597
   2.77035   0.25005
   2.77204   0.25711
   2.77134   0.27094
   2.77056   0.28160
   2.76834   0.29976
   2.77114   0.31467
   2.77235   0.32205
   2.77340   0.33784
   2.77228   0.34965
   2.76889   0.37515
   2.76811   0.38006
   2.76747   0.38275
   2.76565   0.39005
   2.75935   0.41500
   2.75411   0.42436
   2.75246   0.43943
   2.75132   0.44862
   2.74891   0.46491
   2.74135   0.48222
   2.74066   0.49060
   2.73905   0.50621
   2.74107   0.52357
   2.74098   0.52627
   2.74006   0.54415
   2.73107   0.56440
   2.72698   0.56994
   2.71306   0.58802
   2.71054   0.59354
   2.69627   0.62262
   2.69316   0.62745
   2.69255   0.62893
   2.69271   0.62989
   2.69276   0.63271
   2.69707   0.65376
   2.69907   0.66484
   2.69152   0.68400
   2.69122   0.68470
   2.68238   0.70200
   2.67353   0.71796
   2.67166   0.72121
   2.65215   0.73883
   2.64387   0.74906
   2.62979   0.76571
   2.63170   0.76887
   2.63388   0.77248
                    
   1.66091  -0.65911
   1.65037  -0.65866
   1.63049  -0.63899
   1.62513  -0.62626
   1.62035  -0.61239
   1.62470  -0.59145
   1.62526  -0.58898
   1.62305  -0.58588
   1.60596  -0.56071
   1.59881  -0.54550
   1.58736  -0.53084
   1.57272  -0.51098
   1.56801  -0.50233
   1.56641  -0.49811
   1.56660  -0.49395
   1.56895  -0.47803
   1.57229  -0.46570
   1.57348  -0.46157
   1.57313  -0.45544
   1.57241  -0.42792
   1.58646  -0.42673
   1.59347  -0.41816
   1.60412  -0.40549
   1.61516  -0.42319
   1.62450  -0.43730
   1.63711  -0.44435
   1.64212  -0.46201
   1.64523  -0.47781
   1.64564  -0.47973
   1.65002  -0.48630
   1.66249  -0.50417
   1.66935  -0.52099
   1.67043  -0.53852
   1.66398  -0.54859
   1.65867  -0.55702
   1.65912  -0.55907
   1.66806  -0.59422
   1.66894  -0.59562
   1.67027  -0.59804
   1.67061  -0.60675
   1.67074  -0.62676
   1.67093  -0.63310
   1.67344  -0.64278
   1.67820  -0.65946
   1.66091  -0.65911
                    
   3.06847   0.04200
   3.06794   0.04198
   3.06056   0.04163
   3.05434   0.06605
   3.04410   0.04982
   3.04125   0.04548
   3.02778   0.04954
   3.01989   0.03725
   3.01338   0.02757
   3.00849   0.00760
   3.00648   0.00000
   3.00849  -0.00798
   3.01313  -0.02798
   3.01769  -0.03716
   3.02727  -0.05769
   3.03577  -0.05649
   3.03997  -0.07640
   3.04187  -0.07995
   3.04941  -0.09451
   3.05569  -0.10210
   3.06058  -0.10267
   3.06355  -0.10301
                    
   2.33260   0.88740
   2.33149   0.88147
   2.33115   0.87962
   2.32976   0.87637
   2.32015   0.87046
   2.31779   0.86576
   2.31140   0.85276
   2.27949   0.85700
   2.24479   0.86025
   2.24190   0.85989
   2.24051   0.85998
   2.20432   0.86241
   2.16846   0.86332
   2.16667   0.86329
   2.16390   0.86374
   2.12889   0.86522
   2.10299   0.86540
   2.09067   0.86869
   2.06127   0.87251
   2.05511   0.87317
   2.05141   0.87547
   2.03517   0.88515
   2.03444   0.89001
   2.03400   0.89298
                    
   1.26567  -0.05673
   1.26915  -0.05651
   1.27357  -0.05623
   1.27699  -0.03884
   1.28084  -0.02128
   1.28782  -0.00139
   1.28833  -0.00000
   1.29174   0.03016
   1.29412   0.03810
   1.30466   0.07010
   1.30610   0.07529
   1.29219   0.08757
   1.28418   0.09498
   1.27744   0.10033
   1.27291   0.10084
   1.26958   0.10121
                    
   1.70712  -0.77706
   1.71017  -0.77189
   1.71114  -0.77025
   1.69363  -0.74251
   1.69268  -0.74091
   1.69016  -0.73846
   1.66648  -0.71434
   1.66418  -0.70495
   1.66316  -0.70033
   1.66205  -0.68586
   1.68260  -0.69132
   1.68787  -0.70818
   1.70801  -0.71994
   1.72490  -0.72925
   1.73874  -0.74120
   1.74343  -0.74714
   1.74581  -0.75290
   1.74296  -0.75706
   1.73427  -0.76512
   1.72284  -0.77547
   1.72202  -0.77658
   1.72169  -0.77714
   1.71808  -0.78344
                    
   1.97886  -0.88303
   1.97918  -0.88151
   1.98050  -0.87529
   1.99299  -0.86941
   2.01378  -0.86706
   2.01677  -0.86597
   2.03293  -0.85980
   2.05314  -0.86229
   2.07540  -0.86447
   2.09113  -0.86337
   2.09887  -0.86323
   2.12893  -0.86425
   2.16296  -0.86415
   2.16667  -0.86387
   2.17131  -0.86455
   2.20444  -0.86510
   2.23188  -0.86459
   2.24253  -0.86714
   2.27577  -0.87205
   2.27938  -0.87250
   2.28173  -0.87402
   2.29944  -0.88496
   2.30013  -0.88956
   2.30061  -0.89279
                    
   4.11000  -0.08826
   4.09793  -0.08568
   4.11000  -0.08826
   4.12376  -0.08681
   4.12903  -0.08608
   4.14613  -0.08027
   4.15323  -0.07761
   4.16318  -0.07381
   4.18078  -0.06707
   4.18825  -0.06519
   4.19159  -0.06610
   4.19573  -0.06819
   4.20123  -0.06877
   4.20362  -0.06894
   4.20848  -0.07208
   4.21152  -0.07237
   4.21733  -0.07267
   4.22102  -0.07155
   4.24199  -0.06355
   4.24295  -0.06297
   4.24346  -0.06293
   4.24734  -0.06166
   4.25830  -0.05757
   4.26070  -0.05652
   4.26425  -0.05448
   4.28307  -0.04217
   4.28572  -0.04058
   4.29191  -0.03722
   4.29278  -0.03716
   4.29620  -0.03673
   4.29640  -0.03693
   4.29660  -0.03713
   4.29472  -0.04013
   4.28858  -0.04884
   4.28440  -0.05571
   4.28420  -0.05856
   4.28523  -0.06059
   4.28456  -0.06356
   4.28423  -0.06533
   4.28605  -0.06752
   4.28929  -0.06735
   4.29129  -0.06599
   4.29483  -0.06335
   4.29735  -0.06232
   4.29953  -0.06083
   4.30281  -0.05863
   4.30729  -0.05504
   4.30799  -0.05435
   4.30842  -0.05401
   4.31162  -0.05242
   4.31277  -0.05176
   4.31464  -0.05103
   4.31474  -0.05107
   4.31485  -0.05111
   4.31845  -0.04720
   4.32085  -0.04403
   4.32149  -0.04421
   4.32213  -0.04438
   4.32374  -0.04329
   4.32510  -0.04225
   4.32586  -0.04239
   4.32663  -0.04252
   4.32777  -0.04222
   4.32886  -0.04191
   4.32966  -0.04198
   4.33046  -0.04205
   4.33153  -0.04126
   4.33248  -0.04051
   4.33333  -0.04051
   4.33419  -0.04051
   4.33515  -0.04161
   4.33629  -0.04279
   4.33707  -0.04272
   4.33785  -0.04265
   4.33912  -0.04396
   4.34067  -0.04537
   4.34131  -0.04526
   4.34196  -0.04514
   4.34399  -0.04808
   4.34697  -0.05164
   4.34716  -0.05159
   4.34734  -0.05154
   4.34906  -0.05342
   4.35086  -0.05557
   4.35434  -0.05917
   4.35506  -0.05969
   4.35550  -0.05931
   4.35691  -0.05691
   4.35830  -0.05414
   4.35848  -0.05393
   4.35871  -0.05384
   4.36010  -0.05142
   4.36142  -0.04871
   4.36149  -0.04870
   4.36156  -0.04801
   4.36245  -0.04570
   4.36324  -0.04317
   4.36346  -0.04302
   4.36367  -0.04287
   4.36663  -0.04464
   4.36895  -0.04641
   4.37452  -0.05014
   4.37582  -0.05064
   4.37638  -0.05008
   4.37061  -0.04137
   4.36994  -0.03995
   4.36688  -0.03433
   4.36727  -0.03394
   4.36766  -0.03355
   4.37391  -0.03814
   4.38277  -0.04530
   4.39192  -0.05209
   4.39997  -0.05591
   4.40096  -0.05628
   4.40775  -0.05846
   4.41094  -0.05955
   4.42038  -0.06211
   4.42261  -0.06251
   4.42336  -0.06259
   4.42581  -0.05891
   4.42810  -0.05514
   4.42861  -0.05501
   4.42823  -0.05428
   4.43055  -0.05413
   4.45503  -0.06335
   4.45750  -0.06415
   4.45920  -0.06507
   4.46065  -0.06585
   4.48220  -0.07490
   4.49704  -0.08092
   4.51046  -0.08418
   4.51660  -0.08546
   4.52564  -0.08499
   4.53623  -0.08935
   4.56315  -0.09584
   4.56465  -0.09616
   4.56519  -0.09628
   4.56629  -0.09649
   4.59071  -0.10057
   4.60049  -0.10154
   4.61067  -0.10094
   4.62099  -0.10014
   4.63123  -0.09896
   4.63857  -0.09624
   4.65101  -0.09096
   4.65758  -0.09012
   4.66152  -0.08794
   4.66571  -0.08251
   4.67539  -0.07583
   4.67858  -0.07348
   4.68329  -0.06171
   4.68777  -0.05162
   4.68946  -0.04755
   4.68965  -0.04691
   4.68987  -0.04614
   4.69493  -0.03164
   4.69834  -0.02041
   4.69980  -0.01600
   4.70177  -0.00973
   4.70418   0.00000
   4.70596   0.00723
   4.71705   0.01251
   4.72677   0.00590
   4.72432   0.00000
   4.72677  -0.00590
   4.72831  -0.01725
   4.72932  -0.02652
   4.73385  -0.03504
   4.74210  -0.04411
   4.74737  -0.05033
   4.76637  -0.05615
   4.78914  -0.05690
   4.79321  -0.05659
   4.80010  -0.05601
   4.81873  -0.05567
   4.83037  -0.05278
   4.84298  -0.04459
   4.84348  -0.02569
   4.84316  -0.02226
   4.84271  -0.01788
   4.84213   0.00000
   4.83791   0.01350
   4.83845   0.02205
   4.83880   0.02930
   4.83517   0.04391
   4.83002   0.05241
   4.81868   0.05611
   4.80311   0.05411
   4.79400   0.04979
   4.76990   0.03937
   4.76824   0.03917
   4.76426   0.04062
   4.74160   0.04851
   4.73676   0.04999
   4.72705   0.05183
   4.71343   0.05406
   4.69789   0.05442
   4.68669   0.05856
   4.67931   0.06101
   4.66958   0.06581
   4.65726   0.06530
   4.64750   0.06122
   4.63256   0.05689
   4.60963   0.05065
   4.60523   0.04932
   4.60256   0.04880
   4.59240   0.04568
   4.58029   0.04206
   4.56178   0.03696
   4.55245   0.03373
   4.54347   0.03365
   4.52693   0.03130
   4.50667   0.02832
   4.49772   0.02736
   4.48105   0.02132
   4.47370   0.01930
   4.47143   0.01870
   4.47035   0.01804
   4.46710   0.01613
   4.45274   0.01045
   4.45247   0.00913
   4.45110   0.00514
   4.44936   0.00071
   4.44913   0.00000
   4.44823  -0.00053
   4.44460  -0.00157
   4.44137  -0.00072
   4.44151   0.00000
   4.44080   0.00084
   4.43924   0.00462
   4.43779   0.00775
   4.43610   0.00899
   4.42058   0.01139
   4.42032   0.01142
   4.42008   0.01142
   4.41121   0.01141
   4.39001   0.00999
   4.39191   0.01058
   4.41398   0.01788
   4.41623   0.01880
   4.41849   0.02213
   4.41901   0.02296
   4.41827   0.02296
   4.40865   0.02254
   4.39320   0.01888
   4.38635   0.01704
   4.37348   0.01376
   4.37321   0.01451
   4.37293   0.01526
   4.37149   0.01581
   4.37018   0.01623
   4.36982   0.01702
   4.36945   0.01779
   4.36736   0.01771
   4.36558   0.01755
   4.36513   0.01836
   4.36465   0.01916
   4.36403   0.01955
   4.36342   0.01992
   4.36289   0.02070
   4.36234   0.02146
   4.36175   0.02181
   4.36118   0.02213
   4.36058   0.02286
   4.35996   0.02358
   4.35929   0.02378
   4.35863   0.02396
   4.35797   0.02464
   4.35729   0.02530
   4.35698   0.02580
   4.35665   0.02631
   4.35593   0.02693
   4.35520   0.02753
   4.35454   0.02764
   4.35391   0.02773
   4.35314   0.02829
   4.35235   0.02882
   4.35225   0.02969
   4.35210   0.03062
   4.35129   0.03110
   4.35047   0.03156
   4.34944   0.03094
   4.34854   0.03035
   4.34768   0.03076
   4.34681   0.03116
   4.34603   0.03066
   4.34534   0.03018
   4.34444   0.03052
   4.34353   0.03083
   4.34307   0.03089
   4.34262   0.03093
   4.34169   0.03119
   4.34076   0.03143
   4.34036   0.03168
   4.33994   0.03193
   4.33899   0.03211
   4.33805   0.03226
   4.33761   0.03248
   4.33716   0.03270
   4.33620   0.03280
   4.33525   0.03287
   4.33477   0.03292
   4.33429   0.03297
   4.33333   0.03299
   4.33237   0.03297
   4.33188   0.03325
   4.33136   0.03353
   4.33041   0.03346
   4.32945   0.03337
   4.32900   0.03293
   4.32858   0.03251
   4.32763   0.03236
   4.32669   0.03218
   4.32617   0.03233
   4.32562   0.03248
   4.32469   0.03225
   4.32377   0.03199
   4.32320   0.03214
   4.32260   0.03228
   4.32170   0.03196
   4.32081   0.03162
   4.32019   0.03173
   4.31954   0.03183
   4.31867   0.03144
   4.31782   0.03102
   4.31629   0.03273
   4.31427   0.03477
   4.31351   0.03434
   4.31275   0.03389
   4.31388   0.03054
   4.31486   0.02805
   4.31407   0.02752
   4.31329   0.02696
   4.31236   0.02734
   4.31131   0.02772
   4.31058   0.02712
   4.30986   0.02650
   4.30701   0.02872
   4.30275   0.03163
   4.30222   0.03111
   4.30170   0.03059
   4.30410   0.02679
   4.30603   0.02413
   4.30542   0.02342
   4.30483   0.02270
   4.30379   0.02267
   4.30266   0.02259
   4.30213   0.02185
   4.30162   0.02110
   4.30155   0.02025
   4.30152   0.01943
   4.30104   0.01864
   4.30059   0.01784
   4.29768   0.01856
   4.29377   0.01926
   4.29345   0.01860
   4.29315   0.01792
   4.29321   0.01662
   4.29331   0.01540
   4.29303   0.01467
   4.29277   0.01393
   4.28714   0.01457
   4.27963   0.01473
   4.27622   0.01553
   4.27102   0.01670
   4.26789   0.01658
   4.27331   0.01331
   4.27867   0.01063
   4.27883   0.00964
   4.27883   0.00961
   4.27848   0.00962
   4.27733   0.00980
   4.24662   0.01488
   4.22716   0.01791
   4.22352   0.01798
   4.21935   0.01944
   4.21840   0.02027
   4.21460   0.02248
   4.20825   0.02773
   4.20529   0.03049
   4.19631   0.03605
   4.19467   0.03715
   4.18631   0.04325
   4.18391   0.04711
   4.17980   0.05469
   4.17868   0.05629
   4.17810   0.05693
   4.17694   0.05754
   4.17531   0.05792
   4.17382   0.05806
   4.17031   0.05773
   4.16000   0.05465
   4.15535   0.05296
   4.14444   0.05272
   4.13801   0.05234
   4.12703   0.05177
   4.11741   0.05029
   4.09639   0.05537
   4.08931   0.05663
   4.08401   0.05756
   4.06412   0.06232
   4.05190   0.06931
   4.03869   0.07720
   4.03396   0.08022
   4.02184   0.08748
   4.01564   0.09088
   4.00092   0.09801
   3.98988   0.10163
   3.98021   0.10482
   3.96983   0.11461
   3.96762   0.11681
   3.96515   0.11609
   3.95125   0.11155
   3.94195   0.10487
   3.93538   0.10328
   3.92232   0.09971
   3.92358   0.09084
   3.92438   0.08585
   3.91731   0.07336
   3.91384   0.06485
   3.90055   0.05811
   3.87719   0.06236
   3.87418   0.06222
   3.87233   0.06214
   3.84922   0.06595
   3.84351   0.06449
   3.82905   0.06045
   3.82129   0.05229
   3.81505   0.04534
   3.81267   0.02882
   3.80144   0.02322
   3.79411   0.01935
   3.78249   0.01058
   3.77862  -0.00000
   3.78256  -0.01051
   3.79403  -0.01696
   3.81210  -0.02276
   3.81723  -0.02428
   3.81946  -0.02925
   3.82670  -0.04432
   3.83387  -0.05530
   3.84851  -0.06047
   3.86612  -0.05573
   3.87258  -0.04896
   3.88229  -0.03946
   3.87986  -0.02669
   3.88514  -0.01957
   3.89670  -0.00529
   3.91811  -0.01510
   3.92251  -0.01605
   3.92456  -0.01647
   3.92478  -0.01784
   3.92506  -0.01945
   3.93742  -0.03464
   3.94379  -0.03871
   3.95165  -0.04140
   3.95996  -0.04916
   3.96741  -0.05559
   3.97980  -0.06234
   3.98074  -0.06299
   3.99182  -0.07022
   4.01048  -0.07038
   4.01234  -0.07116
   4.02436  -0.07580
   4.03759  -0.07924
   4.03937  -0.07976
   4.05217  -0.08308
   4.06813  -0.08362
   4.06996  -0.08363
   4.08453  -0.08392
   4.09793  -0.08568
   4.08453  -0.08392
                    
   4.27882   0.00958
   4.27883   0.00961
                    
   4.36149  -0.04870
   4.36145  -0.04870
                    
   4.53253   0.07593
   4.54011   0.07997
   4.55022   0.08269
   4.55501   0.08068
   4.55458   0.07607
   4.54409   0.06880
   4.53165   0.06737
   4.52658   0.07033
   4.53253   0.07593
                    
   4.48982  -0.15612
   4.49057  -0.15629
   4.49072  -0.15709
   4.49067  -0.15734
   4.49038  -0.15731
   4.48988  -0.15698
   4.48965  -0.15657
   4.48958  -0.15624
   4.48982  -0.15612
                    
   4.12129   0.63688
   4.11174   0.62445
   4.10794   0.61926
   4.09520   0.60717
   4.09557   0.59243
   4.10793   0.58708
   4.12132   0.58251
   4.12905   0.57947
   4.14188   0.57405
   4.15478   0.56629
   4.15949   0.56331
   4.17417   0.55857
   4.18388   0.55776
   4.21009   0.55149
   4.21078   0.55131
   4.21111   0.55133
   4.21155   0.55136
   4.23662   0.54846
   4.24924   0.54598
   4.26186   0.54290
   4.28218   0.53714
   4.26451   0.52273
   4.25813   0.51709
   4.25655   0.50894
   4.25329   0.48972
   4.25097   0.48159
   4.27241   0.46276
   4.27397   0.46126
   4.27802   0.46004
   4.29354   0.45488
   4.30936   0.45751
   4.31337   0.45734
   4.31797   0.45709
   4.33333   0.45934
   4.34819   0.46311
   4.35267   0.46414
   4.35361   0.46433
   4.35502   0.46462
   4.37430   0.46827
   4.38821   0.46857
   4.39542   0.47162
   4.41594   0.47932
   4.41787   0.47944
   4.41892   0.47991
   4.41959   0.48090
   4.41970   0.48250
   4.41873   0.48429
   4.40457   0.50975
   4.40294   0.51240
   4.40110   0.51474
   4.38152   0.53741
   4.40480   0.54281
   4.41789   0.54531
   4.42982   0.54721
   4.45039   0.54825
   4.45477   0.54777
   4.45834   0.54735
   4.46933   0.54849
   4.48054   0.54939
   4.49713   0.55043
   4.50873   0.55629
   4.51699   0.56019
   4.52491   0.57384
   4.53348   0.58091
   4.54918   0.59303
   4.55472   0.59447
   4.56074   0.59648
   4.55840   0.60246
   4.55370   0.60546
   4.54215   0.61658
   4.53144   0.62830
   4.52927   0.63058
   4.52073   0.63555
   4.50583   0.64378
   4.49284   0.65470
   4.47925   0.65817
   4.46483   0.66151
   4.45102   0.66744
   4.44293   0.67046
   4.42210   0.67424
   4.39929   0.67762
   4.39275   0.67914
   4.38793   0.68002
   4.36313   0.68236
   4.33607   0.68387
   4.33333   0.68410
   4.33068   0.68393
   4.30346   0.68414
   4.27391   0.68314
   4.27357   0.68308
   4.27317   0.68302
   4.26993   0.68305
   4.24321   0.68455
   4.22272   0.68498
   4.21260   0.68469
   4.20154   0.68225
   4.18345   0.67607
   4.15884   0.66671
   4.15501   0.66551
   4.15204   0.66423
   4.14655   0.66006
   4.12992   0.64514
   4.12129   0.63688
                    
   4.37899  -0.52190
   4.36651  -0.52490
   4.35629  -0.52574
   4.34549  -0.52641
   4.33333  -0.52814
   4.32416  -0.52976
   4.31005  -0.53322
   4.28835  -0.53769
   4.28902  -0.54106
   4.28577  -0.54360
   4.28397  -0.53967
   4.28433  -0.53734
   4.26426  -0.52463
   4.25594  -0.51888
   4.25395  -0.50855
   4.25001  -0.48393
   4.24924  -0.48129
   4.26065  -0.47081
   4.27125  -0.45917
   4.27213  -0.45816
   4.27299  -0.45835
   4.27373  -0.45852
   4.29374  -0.45258
   4.30703  -0.45405
   4.31350  -0.45418
   4.32029  -0.45421
   4.33333  -0.45495
   4.34793  -0.45615
   4.35323  -0.45564
   4.35900  -0.45501
   4.37321  -0.45578
   4.38296  -0.46068
   4.39082  -0.46437
   4.39536  -0.47112
   4.40414  -0.48342
   4.39941  -0.50193
   4.39773  -0.50785
   4.39350  -0.51118
   4.37899  -0.52190
                    
   4.30338   0.53873
   4.30983   0.53833
   4.33042   0.53653
   4.33333   0.53567
   4.33755   0.53514
   4.35678   0.53695
   4.37449   0.53799
   4.35692   0.54019
   4.33561   0.54207
   4.33333   0.54201
   4.33106   0.54207
   4.30977   0.53963
   4.30338   0.53873
                    
   4.43305  -0.70736
   4.44629  -0.70047
   4.45592  -0.69520
   4.47839  -0.68876
   4.48529  -0.68544
   4.49840  -0.67885
   4.51361  -0.67281
   4.52654  -0.66915
   4.54129  -0.65956
   4.55751  -0.64832
   4.53333  -0.63432
   4.53169  -0.63330
   4.53007  -0.63272
   4.49962  -0.62057
   4.49785  -0.61767
   4.49783  -0.61680
   4.46685  -0.60224
   4.46523  -0.60140
   4.46209  -0.60079
   4.43833  -0.59547
   4.42724  -0.59208
   4.41128  -0.59208
   4.38972  -0.59137
   4.38498  -0.59036
   4.38210  -0.59033
   4.35910  -0.59019
   4.34156  -0.58947
   4.33522  -0.58776
   4.33333  -0.58744
   4.33008  -0.58647
   4.32728  -0.58949
   4.30754  -0.59082
   4.28559  -0.59150
   4.28157  -0.59161
   4.27664  -0.59161
   4.25565  -0.59010
   4.23639  -0.58805
   4.22972  -0.58761
   4.21822  -0.58904
   4.20291  -0.58832
   4.19198  -0.58755
   4.17488  -0.59137
   4.16863  -0.59194
   4.15278  -0.59307
   4.14570  -0.59509
   4.11964  -0.60153
   4.11757  -0.60454
   4.11092  -0.61108
   4.09761  -0.61925
   4.08704  -0.62532
   4.07225  -0.63032
   4.06673  -0.63205
   4.06934  -0.63733
   4.07675  -0.65147
   4.09136  -0.66481
   4.09442  -0.66808
   4.10699  -0.68103
   4.11732  -0.68510
   4.12967  -0.68973
   4.14609  -0.69881
   4.15508  -0.70308
   4.17642  -0.70780
   4.19697  -0.71172
   4.20727  -0.71492
   4.21568  -0.71661
   4.23881  -0.71798
   4.25687  -0.71854
   4.27033  -0.72014
   4.28332  -0.72124
   4.30183  -0.72163
   4.31861  -0.72159
   4.33333  -0.72181
   4.34976  -0.72030
   4.36476  -0.71973
   4.37955  -0.71886
   4.39597  -0.71590
   4.42015  -0.70901
   4.42657  -0.70822
   4.43305  -0.70736
                    
   5.23226  -0.08330
   5.22531  -0.08265
   5.22438  -0.08257
   5.22142  -0.08449
   5.20714  -0.09404
   5.20004  -0.09859
   5.18955  -0.10429
   5.18654  -0.08416
   5.18762  -0.07474
   5.18913  -0.06735
   5.19435  -0.05129
   5.20780  -0.03818
   5.21033  -0.03562
   5.21187  -0.02334
   5.21432   0.00000
   5.22015   0.01904
   5.22745   0.03665
   5.23487   0.03695
   5.23535   0.03697
                    
   4.91002   0.69458
   4.90557   0.68922
   4.90496   0.68849
   4.90537   0.68652
   4.90694   0.68360
   4.91902   0.65525
   4.92107   0.65007
   4.92298   0.64349
   4.92802   0.62475
   4.92969   0.61377
   4.93639   0.60306
   4.94801   0.59301
   4.96899   0.58247
   4.96997   0.58195
   4.98919   0.57036
   5.00128   0.56047
   5.01909   0.54965
   5.02820   0.54385
   5.04032   0.54249
   5.04551   0.54183
   5.05122   0.54617
   5.05181   0.54662
                    
   3.68108  -0.62416
   3.68391  -0.62145
   3.68680  -0.61869
   3.68196  -0.59687
   3.68092  -0.59168
   3.67170  -0.57846
   3.66173  -0.56355
   3.65152  -0.55454
   3.63799  -0.54214
   3.63090  -0.53900
   3.61265  -0.53048
   3.60919  -0.53303
   3.60628  -0.53517
                    
   5.04402  -0.55672
   5.04260  -0.55560
   5.03779  -0.55184
   5.02868  -0.54211
   5.02286  -0.54491
   4.99676  -0.55668
   4.99315  -0.55756
   4.98949  -0.55985
   4.96285  -0.57685
   4.95026  -0.58435
   4.93386  -0.60053
   4.92321  -0.61551
   4.91448  -0.63421
   4.91170  -0.63990
   4.90308  -0.65606
   4.89551  -0.66997
   4.89363  -0.67709
   4.88961  -0.69134
   4.89168  -0.69931
   4.89444  -0.70277
   4.89662  -0.70549
                    
   3.74592   0.68553
   3.74985   0.68095
   3.75107   0.67953
   3.73588   0.65201
   3.73243   0.64536
   3.71061   0.62273
   3.68846   0.60222
   3.68138   0.59740
   3.65697   0.57996
   3.64994   0.57343
   3.64603   0.56958
   3.63879   0.56426
   3.63655   0.56608
   3.63265   0.56925
                    
