  -0.61653  -0.02692
  -0.61872  -0.02182
  -0.62458  -0.00000
  -0.62579   0.01429
  -0.62981   0.02750
  -0.63626   0.05169
  -0.63642   0.05517
  -0.63638   0.05568
  -0.63627   0.05609
  -0.63580   0.05710
  -0.61430   0.08087
  -0.61156   0.08367
  -0.60722   0.09381
  -0.60165   0.10609
  -0.58989   0.11644
  -0.58298   0.12924
  -0.56963   0.15186
  -0.56922   0.15218
  -0.56899   0.15246
  -0.55197   0.16294
  -0.53918   0.17000
  -0.53902   0.17008
  -0.53883   0.17027
  -0.51891   0.18887
  -0.51248   0.19520
  -0.50305   0.20837
  -0.49071   0.22436
  -0.48837   0.22637
  -0.48739   0.22727
  -0.45782   0.23520
  -0.45577   0.23565
  -0.45396   0.23631
  -0.43753   0.24184
  -0.42489   0.24531
  -0.42359   0.24547
  -0.42211   0.24604
  -0.39860   0.25394
  -0.39304   0.25553
  -0.38398   0.25934
  -0.37522   0.26273
  -0.36287   0.26560
  -0.34705   0.26501
  -0.34455   0.26438
  -0.32924   0.26015
  -0.31522   0.26396
  -0.31472   0.26408
  -0.29993   0.26533
  -0.29461   0.26996
  -0.28830   0.27525
  -0.27862   0.27862
  -0.27358   0.28030
  -0.26477   0.27801
  -0.24984   0.26638
  -0.24492   0.26135
  -0.24027   0.25660
  -0.22618   0.24683
  -0.22258   0.24423
  -0.20950   0.23879
  -0.20013   0.23850
  -0.19174   0.23666
  -0.18393   0.23464
  -0.17899   0.23326
  -0.15868   0.22623
  -0.15836   0.22551
  -0.14934   0.20113
  -0.14689   0.19532
  -0.13435   0.17636
  -0.12028   0.15808
  -0.11851   0.15625
  -0.11453   0.15208
  -0.10010   0.13323
  -0.08980   0.11703
  -0.08733   0.11329
  -0.08638   0.11231
  -0.08605   0.11196
  -0.06809   0.08801
  -0.06565   0.08556
  -0.05720   0.07662
  -0.05064   0.07195
  -0.05006   0.07150
  -0.04997   0.07242
  -0.04935   0.07657
  -0.04968   0.07799
  -0.05046   0.08168
  -0.05021   0.08697
  -0.04953   0.08948
  -0.04962   0.09532
  -0.04944   0.09969
  -0.05024   0.10568
  -0.05719   0.12265
  -0.05743   0.12953
  -0.05735   0.13521
  -0.05627   0.13585
  -0.05510   0.13652
  -0.05223   0.14349
  -0.04327   0.13492
  -0.04252   0.13413
  -0.04216   0.13373
  -0.04111   0.13254
  -0.03265   0.12183
  -0.02983   0.11740
  -0.02723   0.12285
  -0.02538   0.12625
  -0.02183   0.12382
  -0.01939   0.12543
  -0.01675   0.12721
  -0.01448   0.12865
  -0.01140   0.13030
  -0.00778   0.13149
  -0.00577   0.13214
  -0.00395   0.13270
  -0.00000   0.13371
   0.00432   0.13429
   0.00586   0.13416
   0.00742   0.13401
   0.01176   0.13440
   0.01456   0.12890
   0.01470   0.11169
   0.01468   0.11030
   0.01508   0.09862
   0.01655   0.09387
   0.01954   0.09663
   0.02274   0.10257
   0.02614   0.10816
   0.03004   0.12008
   0.03571   0.13328
   0.03620   0.12339
   0.03241   0.10645
   0.03269   0.10368
   0.03306   0.09642
   0.03417   0.09388
   0.03616   0.09245
   0.03756   0.09068
   0.03865   0.08922
   0.04081   0.08751
   0.04425   0.08955
   0.04996   0.09596
   0.05219   0.09827
   0.06121   0.11151
   0.06994   0.12322
   0.07431   0.12871
   0.07228   0.12187
   0.06893   0.11204
   0.06985   0.10965
   0.07099   0.10641
   0.06973   0.09958
   0.08317   0.10981
   0.08470   0.11038
   0.08544   0.11065
   0.08666   0.11210
   0.08838   0.11415
   0.10467   0.12967
   0.11065   0.13480
   0.11236   0.13391
   0.11580   0.13397
   0.10934   0.12576
   0.09707   0.10594
   0.09639   0.10492
   0.09621   0.10402
   0.09348   0.09348
   0.10034   0.09331
   0.10102   0.09257
   0.10170   0.09182
   0.10719   0.09266
   0.11091   0.09307
   0.11980   0.09568
   0.13187   0.10189
   0.14553   0.11545
   0.15045   0.12580
   0.15075   0.12650
   0.15182   0.13573
   0.14984   0.13730
   0.14805   0.13869
   0.14608   0.14608
   0.14557   0.15161
   0.15393   0.15955
   0.16241   0.16830
   0.17421   0.18002
   0.18655   0.19217
   0.19249   0.19826
   0.19937   0.20534
   0.21357   0.21357
   0.21735   0.21339
   0.22712   0.21262
   0.23393   0.21435
   0.24879   0.21747
   0.25697   0.22168
   0.27271   0.23220
   0.28960   0.24300
   0.29360   0.24507
   0.29494   0.24577
   0.32318   0.24798
   0.32543   0.24804
   0.32754   0.24850
   0.33905   0.25074
   0.35600   0.25287
   0.35849   0.25264
   0.36057   0.25247
   0.36477   0.25042
   0.38006   0.24213
   0.38675   0.23818
   0.39943   0.23061
   0.40263   0.22931
   0.41529   0.22377
   0.42514   0.22132
   0.43733   0.21784
   0.44578   0.21259
   0.45076   0.21019
   0.46703   0.19976
   0.47186   0.19545
   0.47386   0.19362
   0.47734   0.19253
   0.50326   0.18317
   0.50514   0.18070
   0.50920   0.17847
   0.52304   0.16491
   0.53133   0.15619
   0.54210   0.14526
   0.54952   0.13177
   0.55322   0.12467
   0.55465   0.12296
   0.55914   0.11751
   0.56973   0.10046
   0.57336   0.09160
   0.57691   0.07595
   0.58054   0.05733
   0.58227   0.05094
   0.58277   0.04569
   0.58879   0.02937
   0.58972   0.02575
   0.59453   0.00515
   0.59624   0.00000
   0.59570  -0.00638
   0.58920  -0.01958
   0.58655  -0.02561
   0.57919  -0.04132
   0.57817  -0.05058
   0.56817  -0.06761
   0.56580  -0.07449
   0.56421  -0.07893
   0.55917  -0.08164
   0.53352  -0.09407
   0.53312  -0.09595
   0.53912  -0.11952
   0.54110  -0.12874
   0.53708  -0.14391
   0.53176  -0.15693
   0.53059  -0.16730
   0.52965  -0.17454
   0.52297  -0.19034
   0.51386  -0.19803
   0.50464  -0.20903
   0.49063  -0.22454
   0.48794  -0.22525
   0.48655  -0.22688
   0.45781  -0.23522
   0.45579  -0.23572
   0.45482  -0.23676
   0.45323  -0.23847
   0.43444  -0.25082
   0.42789  -0.25711
   0.41867  -0.26672
   0.40513  -0.27991
   0.40270  -0.28197
   0.40097  -0.28278
   0.39619  -0.28591
   0.37726  -0.28948
   0.36970  -0.29060
   0.35722  -0.29510
   0.35326  -0.29642
   0.33896  -0.29904
   0.32878  -0.30127
   0.31348  -0.30398
   0.30787  -0.30240
   0.30231  -0.30231
   0.28387  -0.29741
   0.27650  -0.29513
   0.26853  -0.29305
   0.25336  -0.28844
   0.24478  -0.27906
   0.23515  -0.27018
   0.22087  -0.25665
   0.21541  -0.25057
   0.21174  -0.24948
   0.20798  -0.24786
   0.20740  -0.25127
   0.20573  -0.25859
   0.20309  -0.26468
   0.19813  -0.27516
   0.19291  -0.27551
   0.19006  -0.27435
   0.18699  -0.27244
   0.17214  -0.26182
   0.16542  -0.25576
   0.16330  -0.25378
   0.16140  -0.25335
   0.15589  -0.25199
   0.14167  -0.24537
   0.13879  -0.24410
   0.13401  -0.24166
   0.12359  -0.22871
   0.12334  -0.21804
   0.12304  -0.21312
   0.12017  -0.20014
   0.12104  -0.18999
   0.12122  -0.18563
   0.12516  -0.18028
   0.12577  -0.17961
   0.12694  -0.18065
   0.13024  -0.17941
   0.14146  -0.18435
   0.14897  -0.18718
   0.15837  -0.18874
   0.15681  -0.17831
   0.15775  -0.17216
   0.15887  -0.16090
   0.15863  -0.15863
   0.15868  -0.15775
   0.15774  -0.15578
   0.14866  -0.13622
   0.14734  -0.13376
   0.14540  -0.13161
   0.14155  -0.12740
   0.12578  -0.10932
   0.10999  -0.10078
   0.10647  -0.09867
   0.10207  -0.09828
   0.09770  -0.09770
   0.08629  -0.08932
   0.08414  -0.09182
   0.08199  -0.09417
   0.07736  -0.09219
   0.07812  -0.09640
   0.07459  -0.09721
   0.07044  -0.09799
   0.07444  -0.10632
   0.07180  -0.10833
   0.07015  -0.11011
   0.06861  -0.11170
   0.06563  -0.11368
   0.06223  -0.11464
   0.06042  -0.11606
   0.05869  -0.11736
   0.05514  -0.11825
   0.05166  -0.11811
   0.04446  -0.10201
   0.03777  -0.09120
   0.03479  -0.08592
   0.03136  -0.08221
   0.02881  -0.07915
   0.02894  -0.08309
   0.02886  -0.08873
   0.03064  -0.09719
   0.03231  -0.10648
   0.03749  -0.12589
   0.03425  -0.12784
   0.03102  -0.13825
   0.03085  -0.13871
   0.03091  -0.13943
   0.03219  -0.16351
   0.03504  -0.17754
   0.03270  -0.18544
   0.02771  -0.17961
   0.02241  -0.16513
   0.02029  -0.15409
   0.01826  -0.14285
   0.01767  -0.14058
   0.01558  -0.13211
   0.01181  -0.11065
   0.01020  -0.10705
   0.00928  -0.10609
   0.00863  -0.10745
   0.00838  -0.11096
   0.00840  -0.12653
   0.00787  -0.14147
   0.00758  -0.14645
   0.00694  -0.15885
   0.00638  -0.16652
   0.00300  -0.17855
   0.00000  -0.17946
  -0.00325  -0.17943
  -0.00783  -0.17941
  -0.01236  -0.17927
  -0.01566  -0.17901
  -0.01974  -0.18071
  -0.02385  -0.18120
  -0.02749  -0.18154
  -0.03236  -0.18354
  -0.03584  -0.17917
  -0.03766  -0.16985
  -0.03876  -0.16207
  -0.03719  -0.15100
  -0.03841  -0.14336
  -0.03774  -0.13657
  -0.03590  -0.12281
  -0.03123  -0.10680
  -0.02956  -0.09374
  -0.02861  -0.08824
  -0.02894  -0.08309
  -0.02900  -0.07967
  -0.03062  -0.07600
  -0.03137  -0.07574
  -0.03211  -0.07546
  -0.03368  -0.07223
  -0.03940  -0.07867
  -0.04159  -0.08089
  -0.04433  -0.08516
  -0.05302  -0.09783
  -0.06400  -0.12049
  -0.06712  -0.12479
  -0.08035  -0.14153
  -0.07266  -0.13957
  -0.06831  -0.13820
  -0.06840  -0.14669
  -0.06723  -0.14745
  -0.06682  -0.15266
  -0.07297  -0.16453
  -0.08177  -0.17825
  -0.08604  -0.18451
  -0.09227  -0.18522
  -0.10025  -0.19774
  -0.10344  -0.19870
  -0.11270  -0.20110
  -0.12067  -0.20902
  -0.13092  -0.21358
  -0.13532  -0.21531
  -0.13867  -0.21767
  -0.15558  -0.22838
  -0.15904  -0.22878
  -0.16156  -0.23072
  -0.18265  -0.24026
  -0.18502  -0.24112
  -0.18534  -0.24123
  -0.18570  -0.24144
  -0.18990  -0.24380
  -0.21120  -0.25413
  -0.21268  -0.25429
  -0.21364  -0.25461
  -0.21609  -0.25470
  -0.22675  -0.24745
  -0.23591  -0.24071
  -0.25236  -0.25236
  -0.25362  -0.25291
  -0.26878  -0.25912
  -0.28062  -0.26200
  -0.28393  -0.26017
  -0.29619  -0.25298
  -0.29911  -0.25098
  -0.32524  -0.25150
  -0.32656  -0.25146
  -0.32857  -0.25212
  -0.35160  -0.25895
  -0.36163  -0.26175
  -0.37917  -0.26632
  -0.38095  -0.26674
  -0.39471  -0.26069
  -0.40654  -0.25900
  -0.41522  -0.25749
  -0.42565  -0.25088
  -0.43055  -0.24858
  -0.45182  -0.23880
  -0.45500  -0.23686
  -0.45600  -0.23624
  -0.45744  -0.23594
  -0.48875  -0.22791
  -0.48887  -0.22766
  -0.49044  -0.22494
  -0.49999  -0.20710
  -0.50908  -0.18846
  -0.51156  -0.18619
  -0.53787  -0.17328
  -0.54007  -0.17209
  -0.54224  -0.17097
  -0.56850  -0.15603
  -0.57016  -0.15385
  -0.57069  -0.15292
  -0.57177  -0.15121
  -0.58017  -0.12862
  -0.58613  -0.11061
  -0.59126  -0.10426
  -0.59713  -0.09001
  -0.60048  -0.07906
  -0.60274  -0.07120
  -0.60977  -0.05335
  -0.61313  -0.03995
  -0.61564  -0.02897
  -0.61653  -0.02692
                    
  -0.18865   0.09268
  -0.17744   0.08352
  -0.17489   0.08155
  -0.16933   0.07369
  -0.15349   0.06491
  -0.14082   0.06169
  -0.13419   0.06257
  -0.12785   0.06109
  -0.11636   0.05793
  -0.11495   0.05984
  -0.11340   0.06184
  -0.10655   0.06151
  -0.10938   0.06651
  -0.10808   0.06885
  -0.10674   0.07113
  -0.11509   0.08058
  -0.11547   0.08211
  -0.11677   0.08820
  -0.11932   0.09155
  -0.12884   0.10569
  -0.14571   0.11552
  -0.15086   0.12531
  -0.15187   0.12744
  -0.14955   0.12687
  -0.13942   0.12398
  -0.12633   0.10868
  -0.10521   0.09641
  -0.10472   0.09609
  -0.10433   0.09587
  -0.08004   0.08004
  -0.09639   0.10385
  -0.09749   0.10567
  -0.09933   0.10840
  -0.10987   0.12530
  -0.12674   0.13831
  -0.13090   0.14126
  -0.13529   0.14198
  -0.14290   0.14290
  -0.14625   0.13540
  -0.14963   0.13711
  -0.16757   0.14516
  -0.17346   0.14836
  -0.17621   0.14786
  -0.17654   0.14517
  -0.17184   0.14008
  -0.16077   0.12336
  -0.15866   0.12048
  -0.16541   0.11582
  -0.17578   0.11867
  -0.17996   0.11465
  -0.18479   0.10970
  -0.18832   0.10873
  -0.18691   0.10461
  -0.18799   0.09786
  -0.18865   0.09268
                    
  -0.19612  -0.16456
  -0.19801  -0.15346
  -0.19816  -0.15234
  -0.19789  -0.15184
  -0.19023  -0.13908
  -0.18362  -0.12857
  -0.18275  -0.12752
  -0.18192  -0.12672
  -0.18113  -0.12644
  -0.18058  -0.12645
  -0.15862  -0.11532
  -0.14835  -0.10962
  -0.13400  -0.09907
  -0.11661  -0.08813
  -0.11298  -0.08550
  -0.10985  -0.08322
  -0.10325  -0.07923
  -0.08735  -0.06894
  -0.07924  -0.06398
  -0.07458  -0.06258
  -0.07677  -0.06693
  -0.08301  -0.07411
  -0.09122  -0.08358
  -0.09779  -0.09177
  -0.10273  -0.09759
  -0.11615  -0.11467
  -0.11815  -0.11752
  -0.11974  -0.11903
  -0.12494  -0.12494
  -0.12016  -0.12160
  -0.11747  -0.11820
  -0.09626  -0.10505
  -0.09592  -0.10481
  -0.09550  -0.10467
  -0.08422  -0.10037
  -0.08709  -0.11177
  -0.08740  -0.11335
  -0.08824  -0.11500
  -0.09743  -0.13519
  -0.11218  -0.15032
  -0.11756  -0.15697
  -0.12159  -0.16189
  -0.12348  -0.16093
  -0.12562  -0.15981
  -0.13671  -0.16293
  -0.13809  -0.15758
  -0.14867  -0.16225
  -0.15036  -0.16292
  -0.16324  -0.17013
  -0.16934  -0.16934
  -0.18406  -0.16900
  -0.18449  -0.16905
  -0.18461  -0.16907
  -0.18497  -0.16894
  -0.19612  -0.16456
                    
   0.07156  -0.19660
   0.06561  -0.18481
   0.05828  -0.16927
   0.05502  -0.15730
   0.05164  -0.14927
   0.05427  -0.14910
   0.05637  -0.14726
   0.05940  -0.15570
   0.06686  -0.17083
   0.06939  -0.18343
   0.07156  -0.19660
                    
   0.16310  -0.10889
   0.14902  -0.10434
   0.15754  -0.11680
   0.16010  -0.12098
   0.17593  -0.13491
   0.19123  -0.14057
   0.19817  -0.13876
   0.19657  -0.13139
   0.18654  -0.11981
   0.16975  -0.11070
   0.16310  -0.10889
                    
  -0.21108  -0.05773
  -0.21370  -0.05901
  -0.21731  -0.05943
  -0.21956  -0.05883
  -0.21806  -0.05718
  -0.21462  -0.05557
  -0.21164  -0.05553
  -0.21004  -0.05628
  -0.21108  -0.05773
                    
   0.10554  -0.19497
   0.10138  -0.19475
   0.09321  -0.19402
   0.09089  -0.19491
   0.08480  -0.19211
   0.08302  -0.20043
   0.08151  -0.20617
   0.08624  -0.20819
   0.09486  -0.21143
   0.10069  -0.21593
   0.10993  -0.21714
   0.10838  -0.20819
   0.10554  -0.19497
                    
  -0.24957   0.20311
  -0.25756   0.20701
  -0.26598   0.21517
  -0.26887   0.22561
  -0.25945   0.22821
  -0.24540   0.22128
  -0.24259   0.21035
  -0.24475   0.20537
  -0.24957   0.20311
                    
   0.88639   0.17121
   0.88153   0.17027
   0.87862   0.16971
   0.86388   0.19152
   0.85937   0.19787
   0.85625   0.19804
   0.85224   0.19825
   0.83751   0.20630
   0.82930   0.20800
   0.81460   0.21250
   0.80416   0.21547
   0.79741   0.22985
   0.79234   0.24982
   0.78758   0.26690
   0.77977   0.28381
   0.77357   0.29387
   0.76273   0.30286
   0.75054   0.29693
   0.74319   0.29402
   0.73576   0.29108
   0.72304   0.28509
   0.71376   0.27798
   0.70722   0.26458
   0.70266   0.25575
   0.69164   0.24807
   0.68955   0.24655
   0.68719   0.24699
   0.68272   0.24849
   0.67727   0.25786
   0.66489   0.27541
   0.65852   0.28399
   0.64732   0.30185
   0.63742   0.31162
   0.62812   0.32041
   0.62302   0.32433
   0.60114   0.34017
   0.59580   0.34398
   0.59446   0.34553
   0.58849   0.35249
   0.57747   0.36789
   0.56168   0.38849
   0.56032   0.39234
   0.55604   0.39527
   0.53809   0.41289
   0.52593   0.42410
   0.50915   0.42403
   0.50522   0.42393
   0.50576   0.42807
   0.50754   0.44457
   0.49686   0.45528
   0.48733   0.46445
   0.47905   0.47905
   0.46074   0.48764
   0.45375   0.49518
   0.44518   0.50413
   0.43783   0.49733
   0.42906   0.48914
   0.41497   0.48508
   0.41095   0.48535
   0.40815   0.48641
   0.39975   0.48886
   0.38369   0.50003
   0.36955   0.50926
   0.35904   0.49861
   0.34500   0.48402
   0.33995   0.48163
   0.33865   0.48046
   0.33554   0.47920
   0.30478   0.47586
   0.30382   0.47572
   0.30250   0.47482
   0.28186   0.46009
   0.27400   0.44848
   0.26440   0.44160
   0.24742   0.42855
   0.24351   0.42813
   0.23913   0.42606
   0.22104   0.42462
   0.21140   0.42348
   0.19608   0.42049
   0.19475   0.42044
   0.17958   0.41946
   0.17258   0.41665
   0.15445   0.40844
   0.15012   0.40784
   0.14837   0.40763
   0.14532   0.40773
   0.12865   0.40803
   0.11842   0.40785
   0.10911   0.40722
   0.09750   0.40910
   0.09107   0.41079
   0.08431   0.41246
   0.07290   0.41341
   0.06015   0.41466
   0.05479   0.41619
   0.04819   0.41797
   0.03659   0.41818
   0.02532   0.42024
   0.01831   0.41939
   0.01287   0.41864
  -0.00000   0.41979
  -0.01068   0.42191
  -0.01850   0.42371
  -0.03018   0.42609
  -0.03737   0.42709
  -0.04254   0.42776
  -0.05614   0.42639
  -0.06998   0.42455
  -0.07486   0.42455
  -0.07905   0.42368
  -0.09405   0.42424
  -0.10312   0.42431
  -0.11122   0.42668
  -0.11446   0.42718
  -0.13167   0.43647
  -0.13875   0.44006
  -0.13982   0.44059
  -0.14153   0.44121
  -0.16312   0.44817
  -0.17053   0.44975
  -0.18124   0.45372
  -0.18919   0.45675
  -0.20159   0.46105
  -0.21524   0.46157
  -0.22174   0.46449
  -0.23416   0.46965
  -0.24600   0.48022
  -0.25216   0.48440
  -0.26371   0.49183
  -0.27751   0.49226
  -0.28424   0.49231
  -0.30021   0.49115
  -0.31386   0.49267
  -0.32263   0.49340
  -0.33310   0.50666
  -0.33780   0.51323
  -0.34280   0.52020
  -0.35242   0.53226
  -0.36254   0.53702
  -0.37495   0.53548
  -0.39162   0.53448
  -0.40145   0.53363
  -0.40676   0.53010
  -0.41294   0.52591
  -0.43356   0.51670
  -0.44384   0.51141
  -0.45799   0.49981
  -0.47334   0.48646
  -0.48099   0.48099
  -0.48598   0.47767
  -0.50296   0.46088
  -0.52072   0.44197
  -0.52363   0.43938
  -0.52570   0.43550
  -0.54237   0.41617
  -0.55995   0.39408
  -0.56018   0.39224
  -0.56174   0.38967
  -0.57801   0.36823
  -0.58405   0.35980
  -0.59486   0.34834
  -0.59713   0.34475
  -0.62630   0.33341
  -0.63002   0.33181
  -0.63240   0.32921
  -0.63741   0.32365
  -0.65621   0.30599
  -0.66190   0.29993
  -0.67418   0.28591
  -0.69118   0.29312
  -0.67987   0.31703
  -0.68192   0.32428
  -0.68590   0.33966
  -0.69526   0.34740
  -0.70670   0.34594
  -0.71877   0.33517
  -0.72674   0.31399
  -0.72264   0.29933
  -0.72037   0.29178
  -0.70360   0.28499
  -0.71277   0.25943
  -0.72787   0.25534
  -0.74055   0.23349
  -0.74231   0.23031
  -0.74323   0.23434
  -0.74707   0.25291
  -0.75692   0.25662
  -0.76705   0.26044
  -0.77502   0.26986
  -0.79781   0.25782
  -0.80181   0.25656
  -0.80351   0.25602
  -0.80493   0.25379
  -0.80879   0.24763
  -0.82773   0.22179
  -0.82966   0.20936
  -0.83473   0.18506
  -0.83871   0.16292
  -0.83935   0.14800
  -0.84567   0.13885
  -0.85294   0.12832
  -0.85641   0.13909
  -0.85781   0.15125
  -0.85800   0.19009
  -0.85796   0.19021
  -0.85792   0.19036
  -0.85799   0.19034
  -0.85804   0.19034
  -0.86967   0.21086
  -0.87389   0.21188
  -0.87736   0.21272
                    
  -0.87849  -0.20800
  -0.87597  -0.20740
  -0.87079  -0.20617
  -0.86972  -0.19281
  -0.86801  -0.17577
  -0.86644  -0.15278
  -0.86562  -0.15192
  -0.85508  -0.14116
  -0.85122  -0.13930
  -0.84616  -0.14021
  -0.84041  -0.14819
  -0.83715  -0.16477
  -0.83091  -0.18421
  -0.82639  -0.19737
  -0.82053  -0.21986
  -0.80592  -0.25033
  -0.80488  -0.25378
  -0.80379  -0.25735
  -0.80029  -0.26128
  -0.77931  -0.28365
  -0.77320  -0.29169
  -0.76590  -0.29474
  -0.76224  -0.28789
  -0.76022  -0.27670
  -0.75388  -0.26540
  -0.74667  -0.25323
  -0.74025  -0.23684
  -0.72688  -0.25138
  -0.71344  -0.25967
  -0.70615  -0.26744
  -0.69532  -0.27848
  -0.68532  -0.28387
  -0.67220  -0.29052
  -0.66211  -0.30097
  -0.65390  -0.30492
  -0.63741  -0.32365
  -0.63276  -0.32939
  -0.63014  -0.33258
  -0.62379  -0.33808
  -0.60807  -0.35107
  -0.59675  -0.36334
  -0.58271  -0.37123
  -0.57378  -0.37596
  -0.56170  -0.38893
  -0.55949  -0.39176
  -0.55833  -0.39458
  -0.54204  -0.41592
  -0.52569  -0.43573
  -0.52349  -0.43926
  -0.52162  -0.44178
  -0.50358  -0.46144
  -0.48577  -0.47942
  -0.48277  -0.48277
  -0.47593  -0.48618
  -0.45881  -0.50071
  -0.44356  -0.51286
  -0.42670  -0.50852
  -0.42444  -0.50881
  -0.40658  -0.51071
  -0.39101  -0.50459
  -0.38774  -0.50532
  -0.36963  -0.50891
  -0.35645  -0.50047
  -0.34505  -0.49278
  -0.33640  -0.49188
  -0.33075  -0.48800
  -0.30929  -0.48549
  -0.30187  -0.48436
  -0.29760  -0.48038
  -0.29010  -0.47326
  -0.27613  -0.46356
  -0.27143  -0.46046
  -0.26372  -0.45678
  -0.24480  -0.45922
  -0.24034  -0.46168
  -0.23568  -0.46420
  -0.22980  -0.46056
  -0.20781  -0.44564
  -0.20609  -0.44441
  -0.20476  -0.44360
  -0.18449  -0.44541
  -0.17181  -0.44604
  -0.16213  -0.44544
  -0.14672  -0.44685
  -0.14114  -0.44765
  -0.13691  -0.44821
  -0.12005  -0.44805
  -0.11668  -0.44842
  -0.10151  -0.44976
  -0.09970  -0.44974
  -0.09709  -0.44969
  -0.07936  -0.45009
  -0.06476  -0.45188
  -0.05903  -0.44841
  -0.03902  -0.43492
  -0.03821  -0.43476
  -0.03803  -0.43474
  -0.03783  -0.43476
  -0.03613  -0.43517
  -0.01943  -0.44491
  -0.00976  -0.45001
   0.00000  -0.44888
   0.00839  -0.44822
   0.01946  -0.44560
   0.03418  -0.44162
   0.03857  -0.44088
   0.04434  -0.44235
   0.05904  -0.44842
   0.06536  -0.45080
   0.07964  -0.45166
   0.09764  -0.45295
   0.09996  -0.45306
   0.10044  -0.45304
   0.10109  -0.45303
   0.12137  -0.45296
   0.13453  -0.45407
   0.14404  -0.45684
   0.16136  -0.46116
   0.16535  -0.46423
   0.16957  -0.46590
   0.18011  -0.46672
   0.19397  -0.46829
   0.19921  -0.46876
   0.21538  -0.46747
   0.21787  -0.46722
   0.23364  -0.47144
   0.24533  -0.48057
   0.25298  -0.48598
   0.26339  -0.49296
   0.27109  -0.49583
   0.28988  -0.50208
   0.29616  -0.50589
   0.30006  -0.50745
   0.32209  -0.51673
   0.32794  -0.51959
   0.32954  -0.52036
   0.33145  -0.52027
   0.33996  -0.51979
   0.36359  -0.51926
   0.36650  -0.52160
   0.36763  -0.52187
   0.37095  -0.52344
   0.38723  -0.53767
   0.39798  -0.54673
   0.41590  -0.54201
   0.42314  -0.53993
   0.43659  -0.54512
   0.45236  -0.53910
   0.46257  -0.52451
   0.46127  -0.50774
   0.46300  -0.50527
   0.47577  -0.48619
   0.47880  -0.47880
   0.48662  -0.47180
   0.50022  -0.45836
   0.51467  -0.44321
   0.52070  -0.43692
   0.52587  -0.42858
   0.53902  -0.41360
   0.55348  -0.39604
   0.55609  -0.38938
   0.56152  -0.38576
   0.57673  -0.36742
   0.58912  -0.35143
   0.59476  -0.34762
   0.59838  -0.34547
   0.62585  -0.33426
   0.63010  -0.33235
   0.63228  -0.32914
   0.63522  -0.32474
   0.65366  -0.30481
   0.66159  -0.29837
   0.67223  -0.29045
   0.68766  -0.29533
   0.68483  -0.31807
   0.68466  -0.31926
   0.68683  -0.33912
   0.69550  -0.34692
   0.70663  -0.34535
   0.71709  -0.33438
   0.72580  -0.31463
   0.72524  -0.30041
   0.72409  -0.28243
   0.71582  -0.27652
   0.72447  -0.26369
   0.72937  -0.26160
   0.73177  -0.26187
   0.73789  -0.26012
   0.75507  -0.26199
   0.76765  -0.26321
   0.78016  -0.24598
   0.78514  -0.23882
   0.79579  -0.22360
   0.80239  -0.21500
   0.81576  -0.20800
   0.82754  -0.20147
   0.83677  -0.18551
   0.84583  -0.16894
   0.85236  -0.18896
   0.85431  -0.19540
   0.85648  -0.19705
   0.85965  -0.19948
   0.86898  -0.21366
   0.87264  -0.21456
   0.87667  -0.21555
                    
  -0.00772   0.47936
  -0.01351   0.48839
  -0.00408   0.49362
  -0.00000   0.49456
   0.00341   0.49280
   0.00576   0.48855
   0.00525   0.48239
  -0.00000   0.47852
  -0.00772   0.47936
                    
   0.26164   0.56110
   0.26215   0.55570
   0.26334   0.53908
   0.26044   0.52888
   0.25354   0.52297
   0.24424   0.52377
   0.23914   0.53091
   0.23902   0.53889
   0.24362   0.54841
   0.25713   0.55804
   0.26164   0.56110
                    
  -0.61547   0.66045
  -0.61444   0.65935
  -0.61008   0.65467
  -0.60171   0.65665
  -0.58828   0.65960
  -0.56598   0.67235
  -0.56474   0.67303
  -0.54558   0.67800
  -0.53116   0.67959
  -0.52096   0.67893
  -0.50820   0.67786
  -0.49349   0.68205
  -0.48006   0.68559
  -0.46349   0.68785
  -0.44440   0.69757
  -0.41624   0.71078
  -0.41123   0.71228
  -0.40926   0.71263
  -0.40070   0.71618
  -0.37511   0.72058
  -0.36070   0.72264
  -0.34017   0.72949
  -0.31249   0.73946
  -0.30692   0.74098
  -0.30330   0.74194
  -0.27351   0.75146
  -0.27141   0.75174
  -0.24682   0.75454
  -0.23863   0.75685
  -0.22942   0.75933
  -0.20437   0.76273
  -0.19043   0.76248
  -0.17008   0.76718
  -0.14934   0.77140
  -0.13609   0.77183
  -0.12383   0.77565
  -0.10254   0.77884
  -0.08143   0.78142
  -0.06874   0.78567
  -0.04805   0.78918
  -0.03448   0.78962
  -0.02002   0.78982
  -0.00000   0.79296
   0.01308   0.78558
   0.01948   0.77697
   0.03340   0.76489
   0.04012   0.75875
   0.05941   0.75275
   0.06568   0.75067
   0.07804   0.75105
   0.09563   0.75123
   0.09899   0.75187
   0.10869   0.75362
   0.13308   0.75472
   0.14757   0.75340
   0.16724   0.75435
   0.18553   0.75475
   0.19833   0.75389
   0.20207   0.75415
   0.20751   0.75280
   0.23545   0.74677
   0.25753   0.74123
   0.26845   0.73757
   0.28532   0.73463
   0.30266   0.73069
   0.31304   0.72812
   0.33709   0.72289
   0.35127   0.71790
   0.36727   0.71191
   0.37035   0.71143
   0.38076   0.70972
   0.40526   0.70193
   0.41812   0.69648
   0.43910   0.68925
   0.45382   0.68376
   0.46930   0.67539
   0.47250   0.67480
   0.48700   0.67088
   0.50786   0.66186
   0.51662   0.65785
   0.52297   0.65972
   0.53804   0.66387
   0.55022   0.66425
   0.55231   0.66497
   0.56223   0.67004
   0.57495   0.66469
   0.58877   0.65857
   0.59636   0.65081
   0.60194   0.64497
   0.62600   0.62600
   0.63852   0.61873
   0.64648   0.61875
   0.64935   0.62150
   0.65219   0.62422
                    
   0.61941  -0.65676
   0.61763  -0.65487
   0.61399  -0.65100
   0.59912  -0.65383
   0.59031  -0.65533
   0.58456  -0.65625
   0.55728  -0.65990
   0.55516  -0.66013
   0.55468  -0.66010
   0.55408  -0.66033
   0.54634  -0.66234
   0.51343  -0.66911
   0.51186  -0.66939
   0.50877  -0.67073
   0.47833  -0.68312
   0.46452  -0.68569
   0.44351  -0.69618
   0.41148  -0.71073
   0.41051  -0.71102
   0.41007  -0.71118
   0.38810  -0.72309
   0.37874  -0.72755
   0.34881  -0.74087
   0.34597  -0.74194
   0.34037  -0.74311
   0.30844  -0.74465
   0.30122  -0.74479
   0.27376  -0.75216
   0.24371  -0.76310
   0.24085  -0.76389
   0.23831  -0.76459
   0.20742  -0.77410
   0.17488  -0.78095
   0.17319  -0.78123
   0.17179  -0.78146
   0.14375  -0.78620
   0.13876  -0.78694
   0.11828  -0.78057
   0.10300  -0.78237
   0.08655  -0.78398
   0.06842  -0.78206
   0.05242  -0.78598
   0.03404  -0.77957
   0.02652  -0.77677
   0.01383  -0.76804
   0.00000  -0.76481
  -0.01457  -0.76754
  -0.02799  -0.77671
  -0.03435  -0.78666
  -0.03988  -0.79500
  -0.05974  -0.79700
  -0.06980  -0.79781
  -0.07240  -0.79595
  -0.08771  -0.78455
  -0.10304  -0.78268
  -0.11834  -0.78052
  -0.13639  -0.77352
  -0.15415  -0.77330
  -0.17068  -0.76990
  -0.18688  -0.76622
  -0.20583  -0.76817
  -0.22724  -0.76625
  -0.23790  -0.76506
  -0.24149  -0.76592
  -0.27578  -0.77293
  -0.27939  -0.77276
  -0.28118  -0.77253
  -0.28407  -0.77181
  -0.31520  -0.76096
  -0.34233  -0.75034
  -0.34897  -0.74837
  -0.35917  -0.74493
  -0.38322  -0.73617
  -0.39927  -0.72983
  -0.41709  -0.72242
  -0.44787  -0.71022
  -0.45124  -0.70830
  -0.45410  -0.70665
  -0.46032  -0.70487
  -0.48760  -0.69637
  -0.50350  -0.68828
  -0.52167  -0.68690
  -0.52630  -0.68589
  -0.54353  -0.68185
  -0.55959  -0.67767
  -0.56692  -0.67563
  -0.58853  -0.65907
  -0.59667  -0.65116
  -0.60345  -0.64441
  -0.62508  -0.62508
  -0.64062  -0.61342
  -0.65938  -0.60498
  -0.66513  -0.61025
  -0.66521  -0.61033
                    
   2.36274   0.00402
   2.35798   0.00694
   2.35120   0.00806
   2.33299   0.01035
   2.32486   0.01148
   2.31049   0.01258
   2.31268   0.01791
   2.31206   0.01914
   2.31152   0.02017
   2.31258   0.02573
   2.30570   0.02729
   2.29989   0.02833
   2.29016   0.02738
   2.27500   0.02542
   2.26831   0.02582
   2.26580   0.02656
   2.26652   0.02838
   2.26724   0.03171
   2.26796   0.03598
   2.26819   0.03695
   2.26613   0.03736
   2.26229   0.03961
   2.25946   0.04108
   2.25252   0.04003
   2.25918   0.04505
   2.25862   0.04787
   2.25788   0.05101
   2.25925   0.05345
   2.25487   0.05294
   2.25491   0.05622
   2.25476   0.06051
   2.23941   0.04949
   2.22468   0.03918
   2.21257   0.03153
   2.21148   0.03127
   2.21143   0.03134
   2.21138   0.03142
   2.20983   0.03312
   2.20824   0.03472
   2.20816   0.03482
   2.20808   0.03492
   2.20751   0.03742
   2.20734   0.03804
   2.22065   0.05153
   2.22284   0.05617
   2.22065   0.05721
   2.21893   0.05703
   2.21670   0.05672
   2.21475   0.05730
   2.21823   0.06631
   2.21921   0.06848
   2.21947   0.06906
   2.21946   0.07039
   2.21920   0.07503
   2.21570   0.07622
   2.21538   0.07646
   2.21505   0.07671
   2.21147   0.07760
   2.20742   0.07822
   2.20742   0.07822
   2.20736   0.07824
   2.20680   0.07830
   2.20330   0.07857
   2.20145   0.08082
   2.20062   0.08177
   2.20060   0.08193
   2.20056   0.08219
   2.19792   0.08588
   2.19579   0.08303
   2.19196   0.07737
   2.18796   0.06754
   2.18275   0.05332
   2.18093   0.05292
   2.18085   0.05294
   2.18078   0.05296
   2.17989   0.05410
   2.18409   0.07859
   2.18467   0.08311
   2.18433   0.08620
   2.18313   0.09335
   2.17925   0.08708
   2.17817   0.08511
   2.17738   0.08136
   2.17286   0.05534
   2.17152   0.05449
   2.17143   0.05449
   2.17135   0.05450
   2.16909   0.05557
   2.16892   0.05564
   2.16872   0.07704
   2.16667   0.08529
   2.16547   0.08798
   2.16332   0.09226
   2.16257   0.09393
   2.16069   0.09776
   2.15769   0.10264
   2.15560   0.09768
   2.15273   0.11040
   2.15189   0.11220
   2.14720   0.12127
   2.14444   0.12607
   2.14362   0.12025
   2.14197   0.11141
   2.14157   0.10841
   2.14317   0.10598
   2.14709   0.09942
   2.15075   0.09027
   2.15226   0.08680
   2.15523   0.07904
   2.15837   0.05507
   2.15714   0.05431
   2.15709   0.05430
   2.15704   0.05429
   2.15484   0.05335
   2.15277   0.05235
   2.15265   0.05232
   2.15252   0.05229
   2.15040   0.05158
   2.14833   0.05080
   2.14819   0.05075
   2.14806   0.05070
   2.14590   0.05167
   2.13822   0.06867
   2.13405   0.07730
   2.13105   0.08046
   2.12764   0.08370
   2.12793   0.07900
   2.12842   0.07468
   2.12969   0.07102
   2.13925   0.04847
   2.13901   0.04796
   2.13898   0.04795
   2.13845   0.04801
   2.12314   0.06832
   2.12091   0.07092
   2.11762   0.07305
   2.11408   0.07510
   2.11152   0.07269
   2.11100   0.07255
   2.11040   0.07238
   2.10806   0.06984
   2.10756   0.06518
   2.10752   0.06463
   2.10767   0.06438
   2.10858   0.06289
   2.11414   0.05252
   2.10413   0.06189
   2.09152   0.07323
   2.09043   0.06986
   2.08964   0.06708
   2.08557   0.06805
   2.08765   0.06372
   2.08561   0.06220
   2.08338   0.06044
   2.09522   0.05135
   2.11694   0.03525
   2.12112   0.03205
   2.12138   0.03175
   2.12136   0.03172
   2.12102   0.03190
   2.11945   0.03292
   2.09435   0.05012
   2.07793   0.06119
   2.07476   0.05855
   2.07124   0.05535
   2.07070   0.05541
   2.07084   0.05513
   2.06865   0.05102
   2.06665   0.04685
   2.06754   0.04622
   2.06713   0.04600
   2.06746   0.04109
   2.06792   0.03725
   2.06693   0.03630
   2.06694   0.03502
   2.06556   0.03188
   2.06423   0.02856
   2.06441   0.02740
   2.06432   0.02617
   2.06293   0.02300
   2.06155   0.01951
   2.06158   0.01853
   2.05946   0.01833
   2.05817   0.01428
   2.05696   0.00986
   2.05658   0.00963
   2.05652   0.00947
   2.05576   0.00901
   2.04468   0.00888
   2.02533   0.00999
   2.01048   0.01076
   2.01246   0.00673
   2.01400   0.00385
   2.00815  -0.00000
   2.01104  -0.00313
   2.01076  -0.00681
   2.01056  -0.01073
   2.01681  -0.01311
   2.02583  -0.01555
   2.03116  -0.01672
   2.04285  -0.01630
   2.05647  -0.01547
   2.06038  -0.01796
   2.06379  -0.01814
   2.06078  -0.01948
   2.05973  -0.02371
   2.05892  -0.02780
   2.05462  -0.02932
   2.05272  -0.03053
   2.05475  -0.03073
   2.05945  -0.02976
   2.06178  -0.03307
   2.06447  -0.03654
   2.06491  -0.03704
   2.06530  -0.03764
   2.06531  -0.04198
   2.06552  -0.04638
   2.06210  -0.04813
   2.05976  -0.04985
   2.04002  -0.06354
   2.03599  -0.06667
   2.03738  -0.06730
   2.03832  -0.06772
   2.03566  -0.07564
   2.04637  -0.07487
   2.04871  -0.07458
   2.05193  -0.07310
   2.07413  -0.06180
   2.08239  -0.05659
   2.09361  -0.04903
   2.10664  -0.04027
   2.12048  -0.03112
   2.12210  -0.03106
   2.12217  -0.03116
   2.12223  -0.03126
   2.12320  -0.03335
   2.12432  -0.03549
   2.12434  -0.03552
   2.12416  -0.03598
   2.11811  -0.04152
   2.09937  -0.05668
   2.09560  -0.05963
   2.08540  -0.06644
   2.08030  -0.07016
   2.07463  -0.07563
   2.06707  -0.08357
   2.07609  -0.07764
   2.08238  -0.07264
   2.08934  -0.07086
   2.09432  -0.06921
   2.09310  -0.07357
   2.09520  -0.07394
   2.09604  -0.07708
   2.09731  -0.08110
   2.09886  -0.08081
   2.09868  -0.08251
   2.10312  -0.08281
   2.10642  -0.08287
   2.10710  -0.08507
   2.11108  -0.08325
   2.11216  -0.08555
   2.11365  -0.08843
   2.12217  -0.07707
   2.12311  -0.07645
   2.12788  -0.07297
   2.13495  -0.06093
   2.14128  -0.04957
   2.14343  -0.04964
   2.14350  -0.04967
   2.14357  -0.04971
   2.14564  -0.05076
   2.14778  -0.05174
   2.14783  -0.05176
   2.14788  -0.05178
   2.15027  -0.05199
   2.15256  -0.05208
   2.15270  -0.05212
   2.15284  -0.05216
   2.15475  -0.05375
   2.15591  -0.05464
   2.15228  -0.07228
   2.14960  -0.08632
   2.14709  -0.09974
   2.14495  -0.10913
   2.14450  -0.11787
   2.14522  -0.12165
   2.14724  -0.12391
   2.14961  -0.12955
   2.15098  -0.13243
   2.15488  -0.13475
   2.15914  -0.13330
   2.16093  -0.13139
   2.16371  -0.12819
   2.16667  -0.12641
   2.16815  -0.12062
   2.16859  -0.11126
   2.16805  -0.10476
   2.16667  -0.09900
   2.16354  -0.09400
   2.16264  -0.09214
   2.16219  -0.09114
   2.16037  -0.08776
   2.15920  -0.08533
   2.15669  -0.08159
   2.15713  -0.07247
   2.15859  -0.05510
   2.15943  -0.05495
   2.16181  -0.05443
   2.16190  -0.05444
   2.16199  -0.05445
   2.16429  -0.05438
   2.16654  -0.05422
   2.16667  -0.05422
   2.16679  -0.05422
   2.16902  -0.05391
   2.17118  -0.05351
   2.17135  -0.05349
   2.17152  -0.05348
   2.17380  -0.05415
   2.17631  -0.05475
   2.17864  -0.05400
   2.18085  -0.05317
   2.18091  -0.05315
   2.18097  -0.05314
   2.18307  -0.05204
   2.18505  -0.05090
   2.18517  -0.05085
   2.18530  -0.05080
   2.18757  -0.05162
   2.19893  -0.07889
   2.19917  -0.08176
   2.19940  -0.08992
   2.19894  -0.09504
   2.20203  -0.10550
   2.20698  -0.11651
   2.21092  -0.12158
   2.21230  -0.11786
   2.20946  -0.10332
   2.20934  -0.10277
   2.20282  -0.08534
   2.20881  -0.09038
   2.21025  -0.08723
   2.21115  -0.08545
   2.21181  -0.08407
   2.21298  -0.08022
   2.22012  -0.08968
   2.22144  -0.08598
   2.22227  -0.08328
   2.22613  -0.08492
   2.22531  -0.07951
   2.22737  -0.07911
   2.22984  -0.07856
   2.22240  -0.06808
   2.20911  -0.05058
   2.20699  -0.04736
   2.20287  -0.04231
   2.20359  -0.04029
   2.20428  -0.03789
   2.20442  -0.03776
   2.20456  -0.03762
   2.20720  -0.03714
   2.20841  -0.03686
   2.22047  -0.04690
   2.22816  -0.05160
   2.23477  -0.05570
   2.24254  -0.06008
   2.25483  -0.06789
   2.25890  -0.07077
   2.27572  -0.08231
   2.28078  -0.08399
   2.29046  -0.08668
   2.28652  -0.07649
   2.28646  -0.07632
   2.28643  -0.07622
   2.28628  -0.07595
   2.27956  -0.06518
   2.27512  -0.06018
   2.26445  -0.05310
   2.26219  -0.04972
   2.25852  -0.04488
   2.25536  -0.04136
   2.26353  -0.04399
   2.26447  -0.04051
   2.26524  -0.03723
   2.26776  -0.03680
   2.26782  -0.03589
   2.26974  -0.03250
   2.27169  -0.02870
   2.27164  -0.02813
   2.27192  -0.02763
   2.27445  -0.02767
   2.28880  -0.03018
   2.30417  -0.03418
   2.31956  -0.03826
   2.32109  -0.03424
   2.32263  -0.02984
   2.32722  -0.02831
   2.32622  -0.02664
   2.32524  -0.02088
   2.32426  -0.01620
   2.32112  -0.01351
   2.32515  -0.01159
   2.33303  -0.00968
   2.34912  -0.00797
   2.35753  -0.00678
   2.36274  -0.00378
   2.36872   0.00000
   2.36274   0.00402
                    
   2.13896   0.04793
   2.13898   0.04795
                    
   2.12134   0.03170
   2.12136   0.03172
                    
   2.12437  -0.03555
   2.12434  -0.03552
                    
   2.08233  -0.18085
   2.07588  -0.17530
   2.07549  -0.17514
   2.07508  -0.17498
   2.07214  -0.17183
   2.06930  -0.16864
   2.06864  -0.15895
   2.07832  -0.14130
   2.08622  -0.13296
   2.09323  -0.12720
   2.09929  -0.12464
   2.10184  -0.12343
   2.10275  -0.12277
   2.10505  -0.12108
   2.11287  -0.11538
   2.11093  -0.13027
   2.11070  -0.13333
   2.10163  -0.15343
   2.09191  -0.17809
   2.08754  -0.17944
   2.08233  -0.18085
                    
   2.13214  -0.09891
   2.13067  -0.10529
   2.12707  -0.11235
   2.12468  -0.11536
   2.11697  -0.12427
   2.12423  -0.10286
   2.13024  -0.09386
   2.13431  -0.08889
   2.13214  -0.09891
                    
   1.59324   0.69728
   1.59713   0.69256
   1.59827   0.69116
   1.59874   0.68781
   1.59656   0.67943
   1.58821   0.66164
   1.58382   0.65175
   1.58096   0.63918
   1.57939   0.63173
   1.57437   0.61487
   1.57071   0.59595
   1.56971   0.59361
   1.56151   0.57353
   1.55732   0.55837
   1.55425   0.54629
   1.54387   0.52955
   1.54216   0.52403
   1.53599   0.51456
   1.52267   0.49416
   1.51328   0.47891
   1.50490   0.46337
   1.49741   0.43689
   1.49590   0.43099
   1.49593   0.42731
   1.49719   0.39480
   1.49727   0.39049
   1.49751   0.38634
   1.49441   0.37471
   1.48852   0.35302
   1.48595   0.34263
   1.48259   0.31969
   1.48250   0.31903
   1.48217   0.31878
   1.46572   0.30631
   1.45439   0.31102
   1.43464   0.30321
   1.42912   0.30087
   1.42307   0.29298
   1.41016   0.27535
   1.40821   0.25203
   1.40766   0.24309
   1.41015   0.23853
   1.42111   0.21959
   1.43537   0.21804
   1.44135   0.20995
   1.45702   0.19015
   1.45408   0.18522
   1.44918   0.15906
   1.44473   0.12874
   1.44111   0.12793
   1.44377   0.12549
   1.44251   0.10892
   1.44089   0.09555
   1.43810   0.06494
   1.46053   0.06917
   1.47561   0.07170
   1.48392   0.06651
   1.49142   0.06844
   1.50676   0.05972
   1.51111   0.05735
   1.50763   0.03213
   1.51176   0.02859
   1.52848   0.01510
   1.54340   0.02721
   1.54898   0.03148
   1.55324   0.03503
   1.57490   0.05177
   1.57767   0.05347
   1.57958   0.05352
   1.59195   0.06228
   1.60609   0.07135
   1.60758   0.07225
   1.60920   0.07339
   1.63461   0.08971
   1.63669   0.09179
   1.63768   0.09328
   1.66192   0.10074
   1.67047   0.10301
   1.67825   0.10828
   1.69231   0.11705
   1.70164   0.11661
   1.71689   0.12052
   1.71939   0.12099
   1.73617   0.12374
   1.75003   0.13072
   1.75069   0.13116
   1.76327   0.13891
   1.76889   0.14478
   1.78342   0.14885
   1.79127   0.15073
   1.80117   0.15139
   1.81405   0.15183
   1.82634   0.15027
   1.83930   0.15265
   1.84357   0.15460
   1.85330   0.15868
   1.85967   0.15981
   1.87878   0.16220
   1.88218   0.16234
   1.88391   0.16325
   1.90898   0.16240
   1.91063   0.16226
   1.91188   0.16232
   1.91859   0.16254
   1.93561   0.16179
   1.93740   0.16309
   1.94655   0.16890
   1.94919   0.17048
   1.95749   0.17216
   1.96045   0.17304
   1.96563   0.17473
   1.97422   0.17635
   1.97842   0.17700
   1.98710   0.17957
   1.99534   0.18568
   1.99629   0.18593
   1.99691   0.18609
   2.00537   0.19223
   2.00619   0.19236
   2.01566   0.19361
   2.01667   0.19548
   2.01739   0.19680
   2.02665   0.19996
   2.03553   0.19558
   2.04015   0.19860
   2.04484   0.20151
   2.05084   0.20061
   2.05349   0.20380
   2.05887   0.20707
   2.06416   0.21009
   2.06703   0.21368
   2.07142   0.21624
   2.07678   0.21701
   2.08324   0.21777
   2.08672   0.21964
   2.09059   0.21919
   2.09711   0.22061
   2.10413   0.22192
   2.10730   0.22156
   2.10973   0.22176
   2.11738   0.22233
   2.12587   0.22265
   2.12741   0.22265
   2.12895   0.22383
   2.13655   0.22879
   2.14232   0.23222
   2.14614   0.23465
   2.15061   0.23395
   2.15653   0.23214
   2.16406   0.22954
   2.16667   0.22885
   2.16860   0.22757
   2.17641   0.22308
   2.17918   0.22135
   2.18362   0.21603
   2.18552   0.21550
   2.18727   0.21647
   2.19108   0.22035
   2.19599   0.22271
   2.20401   0.22616
   2.20659   0.22641
   2.20867   0.22484
   2.21597   0.22238
   2.22376   0.21945
   2.22518   0.21837
   2.22691   0.21854
   2.23346   0.21185
   2.23406   0.21121
   2.23707   0.20204
   2.23924   0.19940
   2.24260   0.19913
   2.24930   0.19949
   2.25890   0.19955
   2.25967   0.19944
   2.26025   0.19909
   2.26358   0.19940
   2.26979   0.19809
   2.27836   0.19596
   2.27927   0.19504
   2.28110   0.19523
   2.28807   0.19057
   2.29503   0.18552
   2.29710   0.18628
   2.29780   0.18459
   2.29668   0.17957
   2.29247   0.16395
   2.29081   0.15884
   2.29110   0.15158
   2.29111   0.14830
   2.29414   0.14903
   2.30186   0.15058
   2.30892   0.15525
   2.31879   0.16128
   2.32842   0.16687
   2.33553   0.16886
   2.33834   0.16393
   2.33959   0.15845
   2.34114   0.15007
   2.34222   0.14730
   2.35384   0.14897
   2.36167   0.14963
   2.36376   0.14975
   2.36732   0.14997
   2.38119   0.15021
   2.38471   0.14457
   2.39861   0.15021
   2.40213   0.15000
   2.41390   0.14887
   2.41960   0.14603
   2.43604   0.14217
   2.43763   0.14173
   2.43892   0.14172
   2.46588   0.14023
   2.46667   0.14031
   2.46743   0.14025
   2.47030   0.13951
   2.48146   0.13039
   2.48774   0.12479
   2.50067   0.12935
   2.51458   0.13419
   2.52608   0.13495
   2.53132   0.13616
   2.55293   0.14084
   2.55450   0.14116
   2.57375   0.14434
   2.57845   0.14528
   2.60327   0.13766
   2.60658   0.13648
   2.60966   0.13583
   2.62796   0.13141
   2.63810   0.12831
   2.63929   0.12739
   2.64128   0.12717
   2.64454   0.12381
   2.65772   0.10886
   2.66270   0.10279
   2.67344   0.09000
   2.67389   0.08944
   2.68504   0.07677
   2.69966   0.07017
   2.70178   0.06916
   2.72298   0.06876
   2.72769   0.06769
   2.73775   0.06526
   2.75277   0.06344
   2.76638   0.06711
   2.77677   0.07273
   2.78147   0.07536
   2.80004   0.07960
   2.81402   0.07176
   2.81637   0.05684
   2.82698   0.03073
   2.82677   0.02882
   2.82645   0.02602
   2.82876   0.02597
   2.83129   0.02592
   2.85255   0.01134
   2.87481   0.02992
   2.87553   0.03035
   2.87585   0.03054
   2.87599   0.03097
   2.87641   0.03227
   2.88933   0.06322
   2.88475   0.07697
   2.88228   0.09421
   2.87959   0.11031
   2.86866   0.12378
   2.86355   0.14993
   2.86169   0.15408
   2.86064   0.15641
   2.85381   0.18412
   2.85413   0.20539
   2.84993   0.21543
   2.84662   0.22303
   2.84197   0.24579
   2.83930   0.26089
   2.83441   0.27659
   2.82779   0.29606
   2.82465   0.30682
   2.82500   0.31252
   2.82398   0.32280
   2.83616   0.34852
   2.83627   0.34876
   2.83630   0.34892
   2.83666   0.35052
   2.84346   0.38213
   2.84494   0.38598
   2.84462   0.39142
   2.84069   0.41356
   2.83866   0.42811
   2.83828   0.43060
   2.83561   0.43737
   2.82553   0.46134
   2.81704   0.48015
   2.81034   0.49391
   2.79648   0.52035
   2.79342   0.52591
   2.79352   0.52815
   2.79160   0.53192
   2.78802   0.56577
   2.78772   0.56835
   2.78768   0.56865
   2.78759   0.56897
   2.78643   0.57273
   2.77483   0.60816
   2.77497   0.61038
   2.77517   0.61131
   2.77544   0.61279
   2.78246   0.62704
   2.78751   0.63768
   2.78681   0.64514
   2.78930   0.64773
   2.79230   0.65084
                    
   2.35821   0.11078
   2.35853   0.11108
   2.35967   0.11195
   2.35994   0.11159
   2.35919   0.11097
   2.35875   0.11070
   2.35840   0.11051
   2.35809   0.11052
   2.35821   0.11078
                    
   2.74316  -0.69474
   2.73875  -0.68942
   2.73811  -0.68865
   2.73763  -0.68686
   2.73802  -0.68091
   2.74932  -0.65794
   2.75271  -0.65066
   2.75597  -0.64311
   2.76477  -0.62149
   2.76895  -0.61212
   2.76123  -0.59600
   2.75984  -0.59318
   2.75405  -0.57848
   2.75296  -0.57423
   2.76642  -0.54957
   2.77401  -0.53460
   2.77586  -0.51736
   2.77636  -0.51160
   2.79741  -0.48779
   2.79940  -0.48552
   2.80102  -0.48367
   2.82123  -0.45833
   2.82723  -0.43569
   2.82204  -0.41780
   2.82191  -0.41744
   2.81578  -0.40027
   2.81188  -0.39225
   2.80144  -0.37215
   2.79954  -0.36842
   2.79978  -0.36665
   2.79945  -0.36534
   2.80047  -0.36202
   2.81251  -0.33620
   2.82177  -0.31432
   2.82183  -0.30551
   2.82372  -0.27777
   2.82398  -0.27227
   2.82405  -0.27040
   2.82413  -0.26675
   2.82401  -0.23925
   2.84272  -0.21381
   2.84272  -0.21316
   2.84274  -0.21165
   2.84361  -0.21253
   2.84397  -0.21290
   2.86906  -0.20711
   2.87851  -0.20174
   2.88463  -0.19238
   2.89369  -0.17276
   2.89148  -0.16069
   2.88620  -0.13612
   2.87506  -0.13950
   2.86187  -0.14181
   2.85445  -0.14299
   2.83857  -0.14896
   2.83608  -0.14984
   2.83612  -0.14841
   2.83623  -0.12452
   2.81840  -0.11952
   2.79707  -0.11371
   2.79510  -0.11214
   2.79310  -0.11270
   2.77061  -0.11299
   2.75430  -0.11293
   2.74388  -0.11983
   2.72607  -0.11734
   2.72032  -0.11317
   2.70464  -0.10241
   2.69641  -0.10250
   2.68484  -0.11488
   2.67705  -0.12265
   2.66849  -0.13446
   2.66333  -0.13509
   2.64599  -0.13682
   2.63280  -0.14638
   2.63166  -0.14661
   2.61532  -0.14953
   2.60430  -0.15221
   2.59194  -0.15479
   2.57966  -0.15317
   2.57504  -0.15461
   2.55504  -0.15543
   2.54772  -0.15437
   2.54417  -0.15381
   2.54190  -0.15543
   2.53629  -0.15929
   2.52068  -0.16508
   2.51721  -0.16613
   2.51126  -0.16926
   2.49588  -0.17138
   2.48846  -0.17209
   2.48157  -0.17067
   2.46035  -0.16558
   2.45350  -0.16407
   2.45131  -0.16260
   2.44723  -0.16199
   2.42867  -0.15534
   2.41455  -0.14980
   2.40235  -0.15014
   2.39867  -0.15011
   2.38874  -0.15105
   2.38469  -0.15266
   2.37385  -0.15469
   2.36748  -0.15409
   2.36626  -0.15395
   2.36260  -0.15609
   2.35661  -0.15938
   2.35509  -0.16508
   2.35361  -0.17007
   2.35448  -0.17210
   2.36270  -0.19476
   2.36334  -0.19593
   2.36318  -0.19652
   2.36244  -0.19629
   2.36129  -0.19616
   2.33638  -0.18521
   2.33604  -0.18504
   2.33558  -0.18500
   2.32013  -0.18289
   2.31467  -0.18432
   2.30877  -0.18519
   2.29990  -0.18613
   2.29724  -0.18647
   2.29571  -0.18784
   2.29137  -0.19575
   2.28809  -0.20117
   2.28436  -0.20385
   2.28032  -0.20662
   2.27466  -0.20745
   2.26737  -0.20828
   2.26461  -0.21004
   2.26173  -0.21380
   2.25584  -0.21527
   2.24922  -0.21673
   2.24714  -0.22111
   2.24274  -0.22053
   2.23860  -0.22815
   2.23641  -0.23186
   2.22897  -0.23254
   2.22186  -0.23820
   2.21978  -0.23957
   2.21821  -0.24058
   2.21012  -0.24645
   2.19949  -0.24786
   2.19930  -0.24786
   2.19908  -0.24786
   2.18843  -0.24878
   2.18025  -0.24233
   2.17721  -0.24138
   2.17324  -0.24008
   2.16667  -0.23557
   2.16045  -0.23919
   2.15622  -0.23923
   2.15213  -0.23920
   2.14524  -0.24496
   2.13454  -0.24844
   2.13403  -0.24859
   2.13393  -0.24867
   2.13368  -0.24888
   2.12182  -0.25435
   2.11531  -0.24519
   2.11370  -0.24273
   2.11301  -0.24205
   2.11187  -0.24092
   2.10474  -0.23111
   2.10160  -0.22553
   2.10163  -0.21195
   2.10094  -0.20845
   2.09934  -0.19825
   2.09667  -0.19232
   2.09130  -0.18510
   2.08195  -0.20487
   2.08160  -0.20537
   2.07122  -0.21933
   2.06167  -0.22517
   2.05507  -0.21863
   2.05339  -0.21761
   2.05162  -0.21652
   2.04531  -0.21020
   2.04096  -0.20461
   2.03899  -0.20040
   2.03606  -0.19352
   2.03389  -0.18963
   2.02765  -0.19018
   2.02882  -0.17965
   2.02965  -0.17429
   2.02880  -0.16728
   2.02728  -0.16611
   2.02561  -0.16554
   2.01934  -0.16567
   2.00878  -0.17890
   2.00278  -0.18946
   1.99476  -0.20487
   1.99150  -0.21058
   1.98948  -0.21205
   1.98892  -0.21208
   1.98869  -0.21210
   1.98835  -0.21205
   1.97794  -0.20595
   1.96924  -0.20035
   1.96643  -0.20023
   1.96181  -0.19918
   1.95394  -0.19493
   1.94812  -0.19155
   1.93985  -0.19032
   1.92795  -0.18482
   1.92670  -0.18414
   1.92588  -0.18369
   1.92244  -0.18201
   1.91345  -0.17730
   1.91289  -0.16844
   1.91272  -0.16332
   1.91797  -0.15844
   1.93202  -0.14595
   1.94362  -0.13650
   1.95073  -0.12699
   1.95419  -0.12267
   1.94918  -0.12431
   1.93393  -0.12887
   1.92445  -0.13301
   1.91292  -0.13977
   1.90066  -0.14837
   1.88265  -0.16155
   1.87953  -0.16354
   1.85434  -0.16258
   1.85094  -0.16228
   1.84661  -0.16080
   1.83302  -0.15558
   1.82544  -0.15162
   1.81371  -0.15104
   1.79102  -0.15818
   1.78781  -0.15970
   1.78420  -0.16141
   1.76931  -0.16459
   1.76274  -0.16590
   1.75165  -0.15615
   1.73632  -0.15663
   1.72890  -0.15183
   1.72033  -0.14594
   1.71141  -0.14354
   1.69847  -0.13963
   1.68913  -0.13424
   1.67039  -0.13298
   1.66934  -0.13263
   1.65342  -0.12697
   1.64205  -0.12614
   1.62901  -0.11920
   1.62033  -0.11422
   1.61220  -0.10908
   1.59896  -0.10010
   1.59304  -0.09199
   1.58249  -0.07921
   1.57822  -0.07747
   1.56388  -0.07126
   1.55873  -0.05319
   1.55365  -0.04159
   1.54931  -0.03107
   1.54517  -0.02714
   1.52839  -0.01007
   1.51584  -0.01466
   1.50407  -0.00221
   1.50207  -0.00000
   1.49739   0.02058
   1.48077   0.01054
   1.47297   0.00990
   1.47161  -0.00000
   1.47323  -0.00955
   1.48002  -0.02998
   1.48154  -0.03425
   1.49164  -0.04713
   1.48891  -0.05930
   1.48916  -0.06607
   1.48426  -0.06998
   1.47053  -0.07999
   1.46265  -0.08821
   1.46084  -0.09015
   1.45270  -0.09400
   1.44118  -0.09962
   1.42873  -0.11019
   1.43212  -0.12952
   1.43292  -0.15500
   1.43647  -0.16188
   1.44474  -0.17726
   1.43527  -0.18769
   1.42598  -0.19847
   1.43981  -0.20455
   1.45211  -0.20958
   1.45456  -0.22453
   1.45642  -0.23468
   1.46824  -0.25421
   1.47260  -0.27311
   1.47370  -0.28703
   1.47420  -0.29229
   1.48373  -0.31846
   1.48320  -0.32099
   1.47977  -0.33908
   1.47749  -0.35876
   1.47744  -0.35922
   1.47538  -0.37908
   1.48011  -0.39638
   1.48834  -0.42267
   1.49024  -0.42829
   1.49070  -0.43064
   1.49284  -0.44120
   1.49994  -0.46685
   1.49864  -0.47261
   1.50526  -0.48582
   1.51054  -0.50347
   1.51572  -0.51934
   1.52621  -0.53741
   1.52733  -0.54770
   1.52935  -0.56316
   1.53528  -0.57856
   1.54192  -0.59470
   1.54227  -0.60405
   1.54673  -0.61994
   1.54672  -0.62294
   1.54691  -0.63811
   1.54758  -0.64616
   1.54489  -0.64897
   1.54211  -0.65187
                    
   2.43771  -0.04719
   2.43900  -0.04685
   2.44050  -0.04762
   2.44158  -0.04847
   2.44071  -0.04919
   2.43853  -0.04951
   2.43737  -0.04839
   2.43711  -0.04769
   2.43771  -0.04719
                    
   2.53779   0.03941
   2.54870   0.03803
   2.55341   0.03660
   2.55452   0.03393
   2.55264   0.03174
   2.54936   0.03057
   2.54515   0.03031
   2.52370   0.02859
   2.50088   0.02676
   2.49605   0.02644
   2.49157   0.02585
   2.48481   0.02783
   2.48717   0.03268
   2.49439   0.04227
   2.50724   0.03616
   2.52284   0.03782
   2.53779   0.03941
                    
   2.07492   0.79395
   2.06837   0.78962
   2.06323   0.78565
   2.04039   0.76689
   2.03600   0.76359
   2.03228   0.76217
   2.02570   0.75978
   2.00014   0.75115
   1.98307   0.74480
   1.96897   0.73781
   1.94417   0.72587
   1.93867   0.72313
   1.93530   0.72142
   1.92286   0.71465
   1.90936   0.70693
   1.89450   0.69384
   1.88432   0.68164
   1.87718   0.67265
   1.86869   0.66151
   1.86089   0.65575
   1.83939   0.63005
   1.83897   0.62949
   1.83889   0.62938
   1.83869   0.62916
   1.81724   0.60522
   1.81211   0.59570
   1.79613   0.58163
   1.78057   0.56701
   1.77792   0.56169
   1.77523   0.55904
   1.76536   0.52725
   1.76492   0.52562
   1.76405   0.52469
   1.76276   0.52330
   1.74783   0.49915
   1.74344   0.48918
   1.73351   0.47271
   1.72890   0.46461
   1.72990   0.45240
   1.72519   0.44147
   1.72234   0.42437
   1.72115   0.41572
   1.72100   0.40838
   1.72131   0.38625
   1.74307   0.38816
   1.74976   0.38851
   1.76043   0.39282
   1.77017   0.39649
   1.78462   0.39974
   1.79749   0.39350
   1.81181   0.38017
   1.81462   0.37548
   1.81935   0.36774
   1.83272   0.35664
   1.83788   0.35881
   1.85259   0.36456
   1.86130   0.36392
   1.88371   0.36783
   1.88428   0.36801
   1.88460   0.36812
   1.88516   0.36803
   1.91267   0.36274
   1.91624   0.36420
   1.92852   0.36601
   1.93224   0.36798
   1.94804   0.37587
   1.94991   0.37544
   1.95228   0.37650
   1.96700   0.38355
   1.98081   0.38956
   1.98443   0.39081
   1.98756   0.39286
   1.99166   0.40006
   1.98439   0.40764
   1.97839   0.40376
   1.95477   0.41005
   1.95371   0.40908
   1.95210   0.40759
   1.95206   0.41065
   1.95205   0.41130
   1.93675   0.43110
   1.92894   0.45628
   1.92861   0.45634
   1.90064   0.46078
   1.89540   0.46115
   1.89215   0.46451
   1.89204   0.46882
   1.89420   0.47192
   1.89816   0.47307
   1.90494   0.47184
   1.92866   0.45720
   1.92909   0.45691
   1.94525   0.47483
   1.96600   0.47731
   1.96834   0.47881
   1.97157   0.48086
   1.97624   0.47818
   1.99748   0.46485
   2.00115   0.46375
   2.01723   0.47394
   2.02826   0.48041
   2.03785   0.48074
   2.04409   0.48055
   2.05310   0.47520
   2.05028   0.46486
   2.04353   0.45956
   2.03164   0.44324
   2.02965   0.44029
   2.03369   0.42175
   2.03491   0.41631
   2.03555   0.41584
   2.04769   0.40631
   2.05949   0.39999
   2.07172   0.40002
   2.07709   0.39991
   2.07812   0.39943
   2.08137   0.39786
   2.09726   0.39363
   2.10792   0.39704
   2.11382   0.40141
   2.11667   0.40344
   2.13113   0.40616
   2.14818   0.40986
   2.14877   0.40983
   2.14943   0.40981
   2.15403   0.41094
   2.16667   0.41375
   2.17275   0.41109
   2.18177   0.40689
   2.18437   0.40556
   2.18925   0.40298
   2.20134   0.39629
   2.21012   0.39558
   2.21875   0.39565
   2.22609   0.39556
   2.23615   0.39407
   2.24865   0.39460
   2.25411   0.39443
   2.25840   0.39425
   2.27230   0.39425
   2.28293   0.39436
   2.28964   0.39427
   2.29104   0.39446
   2.29377   0.39480
   2.31038   0.39486
   2.31816   0.40328
   2.33073   0.39609
   2.34064   0.39001
   2.34854   0.39002
   2.35347   0.38467
   2.36392   0.37892
   2.37365   0.37321
   2.37666   0.36372
   2.38661   0.36334
   2.39675   0.36115
   2.41410   0.35673
   2.41615   0.35630
   2.41719   0.35631
   2.42073   0.35514
   2.42774   0.36141
   2.44384   0.37131
   2.44862   0.37407
   2.46288   0.38854
   2.46596   0.39004
   2.48061   0.39678
   2.49418   0.39032
   2.50069   0.37776
   2.49867   0.36231
   2.49814   0.35894
   2.49048   0.34325
   2.49202   0.32991
   2.49239   0.32572
   2.49676   0.32517
   2.50983   0.32316
   2.51656   0.32062
   2.53230   0.31409
   2.53828   0.31182
   2.54069   0.31248
   2.54165   0.31321
   2.54483   0.31413
   2.56560   0.32522
   2.57811   0.33155
   2.58976   0.32465
   2.60465   0.31512
   2.60913   0.33952
   2.60987   0.34462
   2.61198   0.34790
   2.61633   0.35484
   2.62375   0.37231
   2.62293   0.37848
   2.62380   0.38358
   2.61955   0.40312
   2.61540   0.41119
   2.61303   0.41565
   2.61518   0.41995
   2.61941   0.42865
   2.62281   0.44658
   2.62140   0.45118
   2.62064   0.45397
   2.61762   0.45783
   2.60928   0.46000
   2.58999   0.46197
   2.58079   0.46262
   2.56433   0.47392
   2.55681   0.48851
   2.55818   0.50420
   2.56233   0.51564
   2.56574   0.52551
   2.56573   0.52894
   2.56541   0.54398
   2.56633   0.55753
   2.56224   0.56205
   2.56138   0.56371
   2.55850   0.56737
   2.53997   0.58596
   2.52867   0.59660
   2.51897   0.61020
   2.50505   0.62363
   2.49818   0.62997
   2.49613   0.63289
   2.48426   0.64908
   2.47448   0.66012
   2.47127   0.66280
   2.46882   0.66705
   2.44969   0.68327
   2.43697   0.69339
   2.42815   0.70837
   2.42585   0.71211
   2.41046   0.72491
   2.39964   0.73889
   2.39685   0.74235
   2.38414   0.75589
   2.37228   0.76737
   2.35471   0.77680
   2.34453   0.78199
   2.34040   0.78365
   2.33326   0.78646
   2.30722   0.79714
   2.29142   0.80122
   2.27298   0.80756
   2.24136   0.81725
   2.23863   0.81775
   2.23821   0.81779
   2.23778   0.81784
   2.20251   0.82084
   2.16938   0.82228
   2.16667   0.82233
   2.16316   0.82275
   2.14257   0.82031
   2.13099   0.81719
   2.10897   0.81071
   2.09605   0.80717
   2.07492   0.79395
                    
   2.41477   0.53395
   2.41558   0.53440
   2.41572   0.53453
   2.41593   0.53455
   2.41609   0.53439
   2.41606   0.53417
   2.42886   0.50367
   2.42953   0.50186
   2.43714   0.49616
   2.44815   0.48755
   2.45959   0.47400
   2.46135   0.46255
   2.46276   0.45107
   2.45691   0.43776
   2.45055   0.42934
   2.44493   0.42183
   2.43703   0.40696
   2.41872   0.39187
   2.41842   0.38899
   2.41674   0.37533
   2.41332   0.38717
   2.41254   0.38967
   2.39258   0.39129
   2.38135   0.40691
   2.37901   0.40790
   2.37635   0.40901
   2.37656   0.41308
   2.37698   0.42818
   2.37494   0.44196
   2.37611   0.44426
   2.37649   0.44996
   2.37195   0.44764
   2.37118   0.44372
   2.36272   0.43794
   2.34986   0.42560
   2.34575   0.42143
   2.34137   0.42178
   2.33410   0.42225
   2.31890   0.41826
   2.31031   0.42963
   2.30367   0.43453
   2.29963   0.43741
   2.29798   0.44435
   2.29172   0.46670
   2.29034   0.47003
   2.29074   0.47256
   2.29144   0.47575
   2.29918   0.49735
   2.30195   0.50487
   2.30775   0.51858
   2.32864   0.51370
   2.34479   0.50931
   2.35108   0.50735
   2.35130   0.50727
   2.35218   0.50754
   2.37854   0.51151
   2.38671   0.51241
   2.39321   0.51770
   2.41477   0.53395
                    
   2.34043  -0.78382
   2.33217  -0.78749
   2.30710  -0.79643
   2.29453  -0.80249
   2.27312  -0.80858
   2.23899  -0.81697
   2.23816  -0.81721
   2.23773  -0.81731
   2.23737  -0.81761
   2.20269  -0.82515
   2.18109  -0.82905
   2.16667  -0.82872
   2.15182  -0.82929
   2.13054  -0.82750
   2.10512  -0.82463
   2.09453  -0.82450
   2.08181  -0.82383
   2.05857  -0.82111
   2.03541  -0.81772
   2.02274  -0.81623
   2.00470  -0.81528
   1.98712  -0.80988
   1.96333  -0.80188
   1.95141  -0.80333
   1.94355  -0.79566
   1.91965  -0.78343
   1.91585  -0.78139
   1.89676  -0.76906
   1.88864  -0.76389
   1.86882  -0.74166
   1.86541  -0.73762
   1.86356  -0.73178
   1.85816  -0.71336
   1.85213  -0.70233
   1.84286  -0.69441
   1.82299  -0.67886
   1.81603  -0.67356
   1.81202  -0.67045
   1.80214  -0.66127
   1.79107  -0.65055
   1.78524  -0.63555
   1.77178  -0.61985
   1.76631  -0.61316
   1.75923  -0.59970
   1.75198  -0.59223
   1.73570  -0.56364
   1.73532  -0.56290
   1.73502  -0.56253
   1.73443  -0.56180
   1.71729  -0.53555
   1.71755  -0.52523
   1.70904  -0.51102
   1.70807  -0.50047
   1.70722  -0.48774
   1.70379  -0.47411
   1.70171  -0.46495
   1.70286  -0.45047
   1.69798  -0.43340
   1.69964  -0.42796
   1.70414  -0.41413
   1.70566  -0.40619
   1.71117  -0.38221
   1.71234  -0.37868
   1.71251  -0.37588
   1.71517  -0.37689
   1.72174  -0.37334
   1.73821  -0.36845
   1.75130  -0.36415
   1.76416  -0.35933
   1.77268  -0.36102
   1.78586  -0.36325
   1.79933  -0.36734
   1.80769  -0.36886
   1.81921  -0.37064
   1.82822  -0.36935
   1.84368  -0.36659
   1.85257  -0.36907
   1.85590  -0.37036
   1.85928  -0.37314
   1.86620  -0.38527
   1.86718  -0.39031
   1.87035  -0.40458
   1.87655  -0.41432
   1.88822  -0.42029
   1.89895  -0.42023
   1.91618  -0.41948
   1.92185  -0.42035
   1.92374  -0.42076
   1.92517  -0.42214
   1.92681  -0.42565
   1.92319  -0.42830
   1.91779  -0.45053
   1.91544  -0.46148
   1.90686  -0.47289
   1.90862  -0.49571
   1.90911  -0.50014
   1.91378  -0.50536
   1.92531  -0.51759
   1.94653  -0.52045
   1.94991  -0.52083
   1.95107  -0.52049
   1.96076  -0.51755
   1.98003  -0.51277
   1.98427  -0.51223
   1.98872  -0.50938
   1.98980  -0.50319
   1.98607  -0.49618
   1.98531  -0.48169
   1.98497  -0.46759
   1.98108  -0.45196
   1.99394  -0.44328
   2.00808  -0.43570
   2.01003  -0.43607
   2.02620  -0.43880
   2.02826  -0.43898
   2.03118  -0.43922
   2.04850  -0.44102
   2.06328  -0.44566
   2.06765  -0.44665
   2.07202  -0.44760
   2.08705  -0.45155
   2.09891  -0.44636
   2.10791  -0.44627
   2.11915  -0.44590
   2.12788  -0.44334
   2.13367  -0.44356
   2.14734  -0.44256
   2.16377  -0.44077
   2.16667  -0.44064
   2.16937  -0.44051
   2.18577  -0.43753
   2.19389  -0.43581
   2.20417  -0.43440
   2.20465  -0.43417
   2.20513  -0.43437
   2.20814  -0.43469
   2.22472  -0.44094
   2.23540  -0.44448
   2.24549  -0.44704
   2.25600  -0.45466
   2.26338  -0.45964
   2.27070  -0.47737
   2.27311  -0.48015
   2.28375  -0.49181
   2.29917  -0.49452
   2.32049  -0.49031
   2.32090  -0.48917
   2.32983  -0.46053
   2.32932  -0.45660
   2.33192  -0.45403
   2.33545  -0.45463
   2.35097  -0.44494
   2.36194  -0.43756
   2.36994  -0.43592
   2.37477  -0.43694
   2.37799  -0.44051
   2.38858  -0.45005
   2.39209  -0.46272
   2.39706  -0.48198
   2.41024  -0.46790
   2.41635  -0.46094
   2.43173  -0.45911
   2.44219  -0.44029
   2.44502  -0.43693
   2.44658  -0.43505
   2.44634  -0.43209
   2.44515  -0.41997
   2.44447  -0.40192
   2.44400  -0.39948
   2.44521  -0.39779
   2.44720  -0.39729
   2.45695  -0.39299
   2.46839  -0.39321
   2.48072  -0.39304
   2.49536  -0.39172
   2.50080  -0.39151
   2.51444  -0.39061
   2.52189  -0.38766
   2.53699  -0.38119
   2.54507  -0.37840
   2.54813  -0.37816
   2.55116  -0.37854
   2.55735  -0.38190
   2.57333  -0.39238
   2.58379  -0.39900
   2.59659  -0.40337
   2.59654  -0.41658
   2.60337  -0.43221
   2.60652  -0.43985
   2.60281  -0.45243
   2.59661  -0.46921
   2.59499  -0.47334
   2.58257  -0.48913
   2.58229  -0.49531
   2.57450  -0.52222
   2.57334  -0.52578
   2.57278  -0.52926
   2.56741  -0.55676
   2.56312  -0.56211
   2.56172  -0.56419
   2.55818  -0.56841
   2.53778  -0.58253
   2.51793  -0.59526
   2.51483  -0.60304
   2.50347  -0.62448
   2.50018  -0.63028
   2.49732  -0.63518
   2.48076  -0.66152
   2.47871  -0.66417
   2.47728  -0.66610
   2.46536  -0.68222
   2.45453  -0.69497
   2.45275  -0.69701
   2.45186  -0.69916
   2.44710  -0.71025
   2.43741  -0.72854
   2.43675  -0.73134
   2.43431  -0.73535
   2.42332  -0.74234
   2.40442  -0.75406
   2.39568  -0.75922
   2.37325  -0.77100
   2.36533  -0.77415
   2.34449  -0.78197
   2.34043  -0.78382
                    
   2.38024  -0.49550
   2.36985  -0.49053
   2.36006  -0.48548
   2.35012  -0.48090
   2.33983  -0.47577
   2.32976  -0.48818
   2.32541  -0.49324
   2.34467  -0.50936
   2.34862  -0.51328
   2.35420  -0.51525
   2.36198  -0.51253
   2.37429  -0.50125
   2.38024  -0.49550
                    
   2.82778  -0.04435
   2.82304  -0.03501
   2.80927  -0.02806
   2.80451  -0.02575
   2.80156  -0.02772
   2.78818  -0.03627
   2.77920  -0.05359
   2.78192  -0.07496
   2.78547  -0.08147
   2.79656  -0.10362
   2.82260  -0.08636
   2.82323  -0.08590
   2.82386  -0.08447
   2.83448  -0.05843
   2.82778  -0.04435
                    
   2.16525   0.63716
   2.16417   0.63836
   2.16519   0.63966
   2.16667   0.64021
   2.16906   0.64047
   2.19466   0.64105
   2.21772   0.64071
   2.22274   0.64092
   2.22672   0.63916
   2.23068   0.63514
   2.22541   0.63278
   2.22200   0.63248
   2.21779   0.63271
   2.19439   0.63507
   2.16867   0.63666
   2.16667   0.63660
   2.16525   0.63716
                    
   3.05899   0.13700
   3.05516   0.13641
   3.05117   0.13580
   3.04212   0.13040
   3.03579   0.13040
   3.02857   0.13037
   3.02041   0.12284
   3.00134   0.10993
   3.00132   0.10994
   3.00126   0.10996
   3.00126   0.10988
   3.00125   0.10971
   2.98967   0.07200
   2.98652   0.06832
   2.98589   0.04848
   2.96855   0.04099
   2.96735   0.07005
   2.96208   0.07803
   2.95295   0.09126
   2.93773   0.09761
   2.92191   0.09102
   2.91754   0.07973
   2.91149   0.06516
   2.91970   0.05576
   2.92845   0.04524
   2.94302   0.03673
   2.95210   0.03429
   2.96307   0.03121
   2.96425   0.00000
   2.96587  -0.00692
   2.97024  -0.02730
   2.98681  -0.02910
   2.98755  -0.03584
   2.98996  -0.06346
   2.99408  -0.07239
   3.00140  -0.10935
   3.00146  -0.10971
   3.00167  -0.10993
   3.01947  -0.12925
   3.02403  -0.13760
   3.03324  -0.14638
   3.04116  -0.15420
   3.04262  -0.16374
   3.04602  -0.16589
   3.04815  -0.16629
   3.05380  -0.16735
                    
   2.93134  -0.06690
   2.92509  -0.08730
   2.92443  -0.09976
   2.92333  -0.11516
   2.91101  -0.12695
   2.90708  -0.13055
   2.91000  -0.13275
   2.92392  -0.14361
   2.93129  -0.13933
   2.93350  -0.13828
   2.93522  -0.13552
   2.93631  -0.13043
   2.94121  -0.10197
   2.94484  -0.07512
   2.94579  -0.06816
   2.95053  -0.05526
   2.94186  -0.05603
   2.93661  -0.05969
   2.93134  -0.06690
                    
   1.27411  -0.13543
   1.27763  -0.13490
   1.28193  -0.13425
   1.29442  -0.11806
   1.29577  -0.11799
   1.29722  -0.11791
   1.29733  -0.11445
   1.29764  -0.10652
   1.30356  -0.07551
   1.30464  -0.07006
   1.30650  -0.06391
   1.31724  -0.05362
   1.32641  -0.05190
   1.33446  -0.05041
   1.33664  -0.03624
   1.34203  -0.00673
   1.34465  -0.00000
   1.34500   0.00168
   1.34611   0.01294
   1.36137   0.03516
   1.36514   0.04034
   1.36854   0.06983
   1.37104   0.07589
   1.37900   0.09415
   1.38268   0.10321
   1.39219   0.12514
   1.39729   0.13566
   1.38369   0.16037
   1.38041   0.16680
   1.36513   0.17614
   1.35030   0.16515
   1.33784   0.14755
   1.33698   0.14630
   1.32317   0.13279
   1.31513   0.13731
   1.31132   0.14074
   1.30053   0.14897
   1.29438   0.15381
   1.29087   0.16398
   1.28743   0.16652
   1.28517   0.16695
   1.27966   0.16800
                    
   1.39365  -0.06934
   1.39249  -0.06872
   1.39206  -0.06838
   1.39173  -0.06780
   1.39129  -0.06632
   1.39199  -0.06285
   1.39328  -0.06609
   1.39355  -0.06764
   1.39365  -0.06934
                    
   3.53340  -0.06999
   3.53185  -0.04027
   3.53130  -0.03502
   3.53070  -0.02871
   3.53080  -0.00000
   3.53426   0.01623
   3.53754   0.03016
   3.53860   0.03470
   3.54067   0.04320
   3.54772   0.06873
   3.55505   0.07533
   3.56092   0.08632
   3.56959   0.10055
   3.57765   0.11305
   3.58592   0.13179
   3.59093   0.13786
   3.60160   0.15026
   3.60892   0.16060
   3.62348   0.17991
   3.62976   0.17951
   3.64732   0.18111
   3.65524   0.18170
   3.66430   0.19291
   3.67170   0.20861
   3.68327   0.23125
   3.68627   0.23551
   3.68781   0.23734
   3.68985   0.23769
   3.71012   0.25814
   3.71775   0.26532
   3.72783   0.28235
   3.73139   0.29963
   3.73214   0.31296
   3.73392   0.33358
   3.72824   0.33853
   3.72081   0.35364
   3.71940   0.35567
   3.70930   0.37074
   3.71269   0.38866
   3.71499   0.39393
   3.72585   0.41733
   3.72976   0.42263
   3.73340   0.42673
   3.74606   0.43746
   3.75488   0.44387
   3.77125   0.45519
   3.78020   0.46413
   3.80432   0.47819
   3.80895   0.48050
   3.81041   0.48122
   3.81400   0.48344
   3.83665   0.49668
   3.85084   0.50461
   3.86329   0.51296
   3.88266   0.52517
   3.88961   0.52881
   3.89343   0.53054
   3.89992   0.53172
   3.92617   0.53062
   3.93105   0.53026
   3.93774   0.53155
   3.95871   0.53502
   3.96994   0.53385
   3.98048   0.53198
   4.00175   0.51845
   4.00232   0.51764
   4.00284   0.51688
   4.00401   0.51693
   4.00912   0.51714
   4.03655   0.51404
   4.03937   0.51343
   4.04570   0.51459
   4.06434   0.51674
   4.07792   0.51784
   4.09028   0.52122
   4.10409   0.51651
   4.11350   0.51297
   4.12075   0.51323
   4.13624   0.51340
   4.14705   0.51181
   4.15039   0.51092
   4.16314   0.51202
   4.17481   0.50278
   4.18144   0.49721
   4.18508   0.49289
   4.19542   0.48007
   4.20301   0.47088
   4.20491   0.46782
   4.20856   0.46564
   4.21990   0.44925
   4.22683   0.43851
   4.23566   0.44056
   4.24454   0.44243
   4.25600   0.43859
   4.25981   0.43493
   4.27587   0.43645
   4.29325   0.43742
   4.29513   0.43669
   4.29638   0.43693
   4.31428   0.43628
   4.31464   0.43626
   4.32846   0.43016
   4.33333   0.42934
   4.33729   0.43141
   4.34039   0.43661
   4.35254   0.43998
   4.36647   0.44334
   4.37222   0.44449
   4.37987   0.44481
   4.39127   0.44011
   4.40804   0.43243
   4.40961   0.43260
   4.41471   0.43550
   4.43033   0.43754
   4.43985   0.43848
   4.44401   0.44994
   4.44956   0.46475
   4.45597   0.47294
   4.45677   0.47868
   4.46424   0.48855
   4.47810   0.48463
   4.48498   0.48095
   4.49446   0.47563
   4.50509   0.47189
   4.51895   0.48007
   4.52710   0.48450
   4.53904   0.49663
   4.54061   0.49816
   4.55722   0.50177
   4.56800   0.50323
   4.59177   0.50254
   4.59390   0.50242
   4.59507   0.50279
   4.62654   0.51144
   4.62776   0.51177
   4.62891   0.51196
   4.63091   0.51127
   4.63568   0.50609
   4.64716   0.49260
   4.65673   0.48059
   4.66325   0.47116
   4.67525   0.46285
   4.68227   0.45474
   4.68667   0.44950
   4.70097   0.43813
   4.71405   0.43437
   4.72848   0.43749
   4.73680   0.45289
   4.73781   0.46251
   4.73933   0.48385
   4.73622   0.48893
   4.73861   0.49321
   4.74314   0.49242
   4.74576   0.49151
   4.75429   0.48918
   4.77520   0.48221
   4.78214   0.47968
   4.79397   0.47629
   4.80589   0.47256
   4.82123   0.45743
   4.82684   0.45221
   4.83349   0.44585
   4.84700   0.43102
   4.85928   0.41747
   4.87060   0.41226
   4.88800   0.40362
   4.89566   0.40062
   4.90113   0.39758
   4.90546   0.39035
   4.91817   0.37258
   4.92923   0.35611
   4.93406   0.34683
   4.93322   0.34068
   4.92935   0.33961
   4.92608   0.33360
   4.91255   0.32179
   4.90261   0.31335
   4.90387   0.29700
   4.90447   0.28515
   4.88688   0.28816
   4.87974   0.28917
   4.87535   0.28937
   4.86083   0.28973
   4.84660   0.28999
   4.84273   0.28989
   4.83192   0.28786
   4.82035   0.28662
   4.80509   0.28458
   4.79265   0.28312
   4.77696   0.27493
   4.76922   0.27373
   4.76647   0.27327
   4.74624   0.26119
   4.73617   0.25663
   4.72499   0.25144
   4.72275   0.25110
   4.71449   0.24974
   4.69602   0.24317
   4.68960   0.24604
   4.68806   0.24838
   4.67773   0.25077
   4.66467   0.25424
   4.66105   0.25509
   4.65620   0.25454
   4.63213   0.25072
   4.62920   0.25200
   4.62367   0.25119
   4.62197   0.24615
   4.60662   0.23153
   4.58671   0.21297
   4.58635   0.21254
   4.58490   0.21213
   4.55944   0.20408
   4.55685   0.20312
   4.55243   0.20077
   4.53385   0.19014
   4.52110   0.17592
   4.51641   0.17099
   4.51276   0.16720
   4.49662   0.14996
   4.47923   0.13478
   4.47731   0.13316
   4.47474   0.13097
   4.45523   0.11363
   4.44959   0.10653
   4.44289   0.09853
   4.44262   0.09171
   4.45014   0.09173
   4.45601   0.09413
   4.46789   0.09832
   4.47743   0.10434
   4.48966   0.10946
   4.49764   0.10708
   4.49960   0.10641
   4.49979   0.10604
   4.49996   0.10570
   4.50772   0.10068
   4.51294   0.09639
   4.52992   0.10249
   4.53072   0.10275
   4.54914   0.10849
   4.54811   0.10015
   4.54197   0.09459
   4.53494   0.09223
   4.52979   0.08906
   4.51162   0.08169
   4.48546   0.07066
   4.48463   0.06986
   4.48297   0.06916
   4.47982   0.06831
   4.46014   0.06322
   4.45402   0.06131
   4.44562   0.05846
   4.43121   0.05293
   4.42575   0.05205
   4.42062   0.05039
   4.40778   0.04690
   4.40666   0.04652
   4.40639   0.04654
   4.40600   0.04657
   4.39638   0.04414
   4.39411   0.04481
   4.39179   0.04486
   4.38874   0.04477
   4.38690   0.04495
   4.38797   0.04778
   4.38240   0.04496
   4.37298   0.03911
   4.37265   0.03931
   4.37210   0.03998
   4.37319   0.04350
   4.37418   0.04788
   4.37231   0.04645
   4.37184   0.04636
   4.36758   0.04392
   4.36718   0.04411
   4.36497   0.04509
   4.36493   0.04512
   4.36416   0.04638
   4.36615   0.05150
   4.36834   0.05863
   4.36808   0.06018
   4.36608   0.05848
   4.35908   0.04938
   4.35904   0.04937
   4.35632   0.04897
   4.35620   0.04903
   4.35607   0.04909
   4.35355   0.04881
   4.35130   0.04843
   4.35100   0.04854
   4.35070   0.04865
   4.34882   0.04912
   4.34696   0.04951
   4.34662   0.04960
   4.34629   0.04969
   4.34450   0.05038
   4.34264   0.05102
   4.34234   0.05108
   4.34204   0.05113
   4.34014   0.05168
   4.33817   0.05217
   4.33790   0.05220
   4.33763   0.05222
   4.33562   0.05240
   4.33359   0.05250
   4.33333   0.05250
   4.33307   0.05250
   4.33102   0.05295
   4.32885   0.05333
   4.32867   0.05331
   4.32849   0.05329
   4.32643   0.05244
   4.32453   0.05154
   4.32425   0.05149
   4.32398   0.05144
   4.32192   0.05147
   4.31978   0.05141
   4.31957   0.05136
   4.31937   0.05130
   4.31719   0.05120
   4.31491   0.05099
   4.31479   0.05095
   4.31467   0.05091
   4.31237   0.05060
   4.30997   0.05017
   4.30995   0.05015
   4.30957   0.05036
   4.29805   0.06777
   4.29506   0.07161
   4.28953   0.07587
   4.29024   0.06921
   4.29361   0.06235
   4.30245   0.04634
   4.30279   0.04394
   4.30264   0.04384
   4.30249   0.04373
   4.29988   0.04360
   4.29852   0.04347
   4.29240   0.04977
   4.28975   0.05194
   4.27427   0.06522
   4.27302   0.06616
   4.27302   0.06582
   4.27301   0.06558
   4.26620   0.06714
   4.26704   0.06120
   4.26664   0.06112
   4.26612   0.06101
   4.26761   0.05850
   4.27280   0.05079
   4.26406   0.05425
   4.26231   0.05482
   4.26137   0.05522
   4.25791   0.05659
   4.24853   0.05938
   4.24707   0.05860
   4.23973   0.06017
   4.21824   0.07450
   4.21543   0.07858
   4.21109   0.08560
   4.20111   0.09418
   4.19770   0.09683
   4.18990   0.11006
   4.18702   0.11577
   4.18114   0.12368
   4.17473   0.13308
   4.18546   0.12882
   4.19300   0.12543
   4.21037   0.11247
   4.21112   0.11199
   4.22375   0.10347
   4.23146   0.10187
   4.22993   0.10954
   4.22072   0.12284
   4.22018   0.12349
   4.20500   0.14213
   4.20238   0.14599
   4.19589   0.15597
   4.18803   0.16744
   4.17945   0.17668
   4.17897   0.18397
   4.17385   0.19319
   4.16707   0.20629
   4.16101   0.21602
   4.15197   0.22432
   4.14343   0.22631
   4.13891   0.21985
   4.13826   0.21289
   4.13769   0.19598
   4.13761   0.19573
   4.13724   0.19569
   4.12219   0.19348
   4.11461   0.19193
   4.10665   0.19021
   4.10080   0.18344
   4.09898   0.17983
   4.09687   0.17545
   4.09189   0.16906
   4.09207   0.16147
   4.10175   0.15076
   4.10173   0.14755
   4.10200   0.13749
   4.10303   0.13297
   4.10333   0.12525
   4.09866   0.12216
   4.09116   0.11680
   4.10107   0.10831
   4.08595   0.11307
   4.08170   0.11420
   4.07789   0.11699
   4.06409   0.12555
   4.05851   0.13133
   4.05015   0.14061
   4.03839   0.14900
   4.03593   0.15482
   4.03178   0.16574
   4.02359   0.17883
   4.02349   0.17969
   4.02237   0.19264
   4.01881   0.20037
   4.01371   0.21268
   3.99935   0.22104
   3.99010   0.22634
   3.98262   0.23058
   3.96780   0.23887
   3.95947   0.23818
   3.94715   0.23675
   3.93454   0.23591
   3.92614   0.23509
   3.91306   0.23635
   3.90532   0.23561
   3.88321   0.23432
   3.87828   0.23386
   3.87400   0.23224
   3.85364   0.22368
   3.84827   0.21810
   3.83781   0.20525
   3.83053   0.19575
   3.82350   0.18993
   3.82042   0.18668
   3.82069   0.18222
   3.81810   0.16245
   3.81773   0.15900
   3.81523   0.14134
   3.81565   0.13871
   3.82095   0.12564
   3.82728   0.11219
   3.82836   0.11003
   3.82977   0.10649
   3.83812   0.08732
   3.82615   0.08769
   3.80614   0.08803
   3.79920   0.07640
   3.78908   0.07165
   3.77885   0.06650
   3.77114   0.05726
   3.76518   0.04971
   3.75330   0.04234
   3.75346   0.02532
   3.75401   0.01058
   3.75050  -0.00000
   3.75415  -0.01072
   3.75124  -0.02541
   3.74734  -0.04974
   3.75608  -0.05050
   3.77171  -0.06253
   3.77826  -0.06722
   3.77839  -0.07306
   3.77855  -0.07784
   3.78760  -0.09623
   3.78538  -0.11661
   3.78725  -0.12106
   3.78999  -0.12742
   3.78419  -0.13333
   3.76756  -0.15160
   3.76566  -0.15368
   3.76477  -0.15579
   3.76076  -0.15819
   3.74392  -0.17352
   3.73804  -0.17919
   3.72296  -0.18695
   3.71010  -0.17904
   3.69458  -0.17615
   3.68414  -0.17395
   3.67311  -0.17190
   3.66921  -0.17177
   3.65113  -0.15124
   3.64511  -0.14392
   3.64005  -0.12225
   3.63251  -0.11074
   3.62582  -0.10000
   3.61583  -0.09446
   3.60647  -0.08902
   3.58652  -0.09499
   3.58421  -0.09474
   3.58100  -0.09437
   3.56830  -0.10072
   3.56303  -0.10343
   3.56195  -0.10156
   3.55140  -0.08245
   3.53743  -0.07287
   3.53340  -0.06999
                    
   4.36488   0.04515
   4.36493   0.04512
                    
   4.30992   0.05014
   4.30995   0.05015
                    
   5.10141  -0.05630
   5.10938  -0.04260
   5.11482  -0.03412
   5.12330  -0.02025
   5.12880   0.00000
   5.11954   0.01409
   5.10992   0.03133
   5.10784   0.03382
   5.09622   0.04715
   5.08694   0.06593
   5.08534   0.06822
   5.07413   0.08359
   5.06765   0.09667
   5.05597   0.11853
   5.05185   0.12158
   5.04720   0.12587
   5.02991   0.13488
   5.01960   0.13986
   5.00450   0.14879
   5.00277   0.14977
   4.98332   0.14960
   4.97824   0.15208
   4.95233   0.16363
   4.95026   0.16402
   4.94922   0.16369
   4.92871   0.15183
   4.91570   0.14470
   4.90553   0.14190
   4.90182   0.12603
   4.89847   0.11348
   4.89102   0.09834
   4.89024   0.09587
   4.88488   0.08018
   4.88191   0.07222
   4.87171   0.04796
   4.87130   0.04707
   4.87546   0.04349
   4.89683   0.02460
   4.89737   0.02409
   4.89799   0.02221
   4.90477   0.00000
   4.90500  -0.01805
   4.90552  -0.02498
   4.90606  -0.03372
   4.90541  -0.05005
   4.90278  -0.06659
   4.91874  -0.06956
   4.92780  -0.07826
   4.93546  -0.08602
   4.93887  -0.10417
   4.93931  -0.10685
   4.93795  -0.10935
   4.92878  -0.12546
   4.91586  -0.12914
   4.90808  -0.13118
   4.89472  -0.12446
   4.88733  -0.12086
   4.88645  -0.11576
   4.88269  -0.09687
   4.88420  -0.08066
   4.86708  -0.07906
   4.85801  -0.08472
   4.84078  -0.08611
   4.82651  -0.08696
   4.82746  -0.10035
   4.81981  -0.10785
   4.80710  -0.11939
   4.80370  -0.12415
   4.80379  -0.12606
   4.80403  -0.12705
   4.80501  -0.12742
   4.80743  -0.12941
   4.82987  -0.13553
   4.85135  -0.14139
   4.84086  -0.16002
   4.83378  -0.17162
   4.83436  -0.18236
   4.83131  -0.18845
   4.83044  -0.20591
   4.83010  -0.21061
   4.83866  -0.20931
   4.85140  -0.20706
   4.85937  -0.20644
   4.88285  -0.20387
   4.88673  -0.20319
   4.89662  -0.23332
   4.89759  -0.23671
   4.89650  -0.24569
   4.89422  -0.26155
   4.88475  -0.27103
   4.87693  -0.27852
   4.86934  -0.27903
   4.85227  -0.27973
   4.83817  -0.27271
   4.82661  -0.27571
   4.81534  -0.27829
   4.80341  -0.27877
   4.79575  -0.27804
   4.77445  -0.28102
   4.76885  -0.28160
   4.76341  -0.28276
   4.74240  -0.28643
   4.73725  -0.29365
   4.72292  -0.29894
   4.71866  -0.30039
   4.71933  -0.29618
   4.72129  -0.28129
   4.72218  -0.27228
   4.71683  -0.26004
   4.71197  -0.24989
   4.70105  -0.23549
   4.68216  -0.22586
   4.67828  -0.22371
   4.67349  -0.22104
   4.65432  -0.21063
   4.63691  -0.19541
   4.63469  -0.19358
   4.63320  -0.19236
   4.62702  -0.18710
   4.61320  -0.17569
   4.60954  -0.17596
   4.59752  -0.17648
   4.59397  -0.18250
   4.58545  -0.18729
   4.59743  -0.19860
   4.60625  -0.20942
   4.61241  -0.21736
   4.61156  -0.22557
   4.61062  -0.23267
   4.60446  -0.23405
   4.59543  -0.23580
   4.58935  -0.23460
   4.57060  -0.22999
   4.56526  -0.21252
   4.56340  -0.20732
   4.56570  -0.19693
   4.56602  -0.19525
   4.56689  -0.18368
   4.54991  -0.17163
   4.53956  -0.16614
   4.53528  -0.16946
   4.53477  -0.17485
   4.53036  -0.18054
   4.52548  -0.18650
   4.52393  -0.19059
   4.51726  -0.19114
   4.51369  -0.19683
   4.50891  -0.20395
   4.49514  -0.19124
   4.48833  -0.18472
   4.48045  -0.18178
   4.47948  -0.19047
   4.47889  -0.19448
   4.47089  -0.19645
   4.46407  -0.19400
   4.45586  -0.18476
   4.44831  -0.17305
   4.44549  -0.16088
   4.44519  -0.15974
   4.44653  -0.16015
   4.45508  -0.16238
   4.45843  -0.16303
   4.46591  -0.16419
   4.47168  -0.16488
   4.46177  -0.14820
   4.45524  -0.13808
   4.45433  -0.13204
   4.45108  -0.11792
   4.43437  -0.11026
   4.43137  -0.10863
   4.42738  -0.10597
   4.41370  -0.09577
   4.41230  -0.09793
   4.40611  -0.09485
   4.39839  -0.09028
   4.39696  -0.09067
   4.39682  -0.09067
   4.39669  -0.09073
   4.39109  -0.09066
   4.38703  -0.09036
   4.38578  -0.09085
   4.38457  -0.09149
   4.38135  -0.09224
   4.37847  -0.09281
   4.37693  -0.09349
   4.37553  -0.09439
   4.37290  -0.09552
   4.37024  -0.09658
   4.36877  -0.09737
   4.36676  -0.09705
   4.36387  -0.09684
   4.36143  -0.09659
   4.35903  -0.09590
   4.35621  -0.09527
   4.35454  -0.09566
   4.35287  -0.09601
   4.35007  -0.09490
   4.34698  -0.09438
   4.34579  -0.09465
   4.34457  -0.09492
   4.34156  -0.09406
   4.33831  -0.09346
   4.33743  -0.09387
   4.33642  -0.09432
   4.33333  -0.09337
   4.33024  -0.09422
   4.32923  -0.09400
   4.32828  -0.09378
   4.32508  -0.09435
   4.32203  -0.09351
   4.32112  -0.09277
   4.32039  -0.09216
   4.31726  -0.09118
   4.31393  -0.09207
   4.31293  -0.09204
   4.31187  -0.09199
   4.30854  -0.09251
   4.30551  -0.09393
   4.30374  -0.09385
   4.30180  -0.09371
   4.29895  -0.09447
   4.29672  -0.09492
   4.29354  -0.09607
   4.28889  -0.09747
   4.28783  -0.09759
   4.28697  -0.09782
   4.28273  -0.09910
   4.28025  -0.10197
   4.27261  -0.11003
   4.27011  -0.10951
   4.26756  -0.10855
   4.26643  -0.10502
   4.26514  -0.10015
   4.26358  -0.09962
   4.24842  -0.11342
   4.24559  -0.11572
   4.24012  -0.12148
   4.23050  -0.13113
   4.21916  -0.14254
   4.21119  -0.14556
   4.20398  -0.14274
   4.20409  -0.14105
   4.20439  -0.13734
   4.19505  -0.13829
   4.19455  -0.13857
   4.18185  -0.14531
   4.17446  -0.15463
   4.16646  -0.16175
   4.16677  -0.16656
   4.15996  -0.18082
   4.15692  -0.18799
   4.14700  -0.20334
   4.14672  -0.20380
   4.14638  -0.20403
   4.13101  -0.21362
   4.11808  -0.21550
   4.11780  -0.21554
   4.11741  -0.21483
   4.11217  -0.20476
   4.11362  -0.20133
   4.12382  -0.18018
   4.12775  -0.17603
   4.12504  -0.17478
   4.12598  -0.16838
   4.12581  -0.15924
   4.12589  -0.15476
   4.13071  -0.14731
   4.13833  -0.13654
   4.12664  -0.14153
   4.11412  -0.14641
   4.10224  -0.14722
   4.09954  -0.14732
   4.08083  -0.15668
   4.07204  -0.15653
   4.06308  -0.15603
   4.05227  -0.15670
   4.04305  -0.15111
   4.03769  -0.14761
   4.01800  -0.16168
   4.01490  -0.16398
   4.01319  -0.16526
   4.00733  -0.16971
   3.99423  -0.18000
   3.99407  -0.19180
   3.97645  -0.20414
   3.96316  -0.21372
   3.95844  -0.21875
   3.95707  -0.22160
   3.95321  -0.22256
   3.93523  -0.22985
   3.93198  -0.23154
   3.91084  -0.24249
   3.90896  -0.24211
   3.90539  -0.24354
   3.88322  -0.24964
   3.87140  -0.25258
   3.85915  -0.25745
   3.85563  -0.26741
   3.84082  -0.27707
   3.82442  -0.28792
   3.82115  -0.29191
   3.81514  -0.29259
   3.79711  -0.29998
   3.78315  -0.30553
   3.76850  -0.29744
   3.75808  -0.31105
   3.75551  -0.32428
   3.75378  -0.33460
   3.75563  -0.34942
   3.75536  -0.36821
   3.75536  -0.36949
   3.75454  -0.38819
   3.75841  -0.40256
   3.77043  -0.41978
   3.77433  -0.42894
   3.77636  -0.43356
   3.79247  -0.45384
   3.80864  -0.45971
   3.82260  -0.46800
   3.84198  -0.47869
   3.84744  -0.47841
   3.85316  -0.48018
   3.86879  -0.48732
   3.88340  -0.49102
   3.88614  -0.49166
   3.89737  -0.49897
   3.90872  -0.50603
   3.92765  -0.51512
   3.93515  -0.51892
   3.94720  -0.52477
   3.96160  -0.53088
   3.96955  -0.53237
   3.99006  -0.53883
   3.99186  -0.53935
   4.00948  -0.53922
   4.02025  -0.54227
   4.04733  -0.54380
   4.04920  -0.54385
   4.05004  -0.54421
   4.05104  -0.54463
   4.07702  -0.54967
   4.08954  -0.54800
   4.10536  -0.55038
   4.12931  -0.55309
   4.13091  -0.55242
   4.13229  -0.55236
   4.14822  -0.54656
   4.16302  -0.54017
   4.16384  -0.53979
   4.16524  -0.53952
   4.19029  -0.53383
   4.19825  -0.52986
   4.20635  -0.52441
   4.20341  -0.51516
   4.20983  -0.49967
   4.21442  -0.48817
   4.21532  -0.47411
   4.22590  -0.45810
   4.22766  -0.45114
   4.22937  -0.44437
   4.23513  -0.44299
   4.24758  -0.43964
   4.25688  -0.43359
   4.25836  -0.43186
   4.27588  -0.43638
   4.29129  -0.43971
   4.29498  -0.43843
   4.29744  -0.43874
   4.31416  -0.43922
   4.33167  -0.43905
   4.33333  -0.43913
   4.33519  -0.43932
   4.35245  -0.43783
   4.37115  -0.43543
   4.37143  -0.43544
   4.37206  -0.43580
   4.39078  -0.43636
   4.40624  -0.43620
   4.41345  -0.45436
   4.41727  -0.45568
   4.42999  -0.45975
   4.43606  -0.46335
   4.45451  -0.47331
   4.45269  -0.48727
   4.44910  -0.50152
   4.44816  -0.50497
   4.44768  -0.51578
   4.44697  -0.52746
   4.45093  -0.53044
   4.46319  -0.53920
   4.47447  -0.54719
   4.48115  -0.55165
   4.49624  -0.55203
   4.50870  -0.55618
   4.51935  -0.55941
   4.53322  -0.55760
   4.53610  -0.55709
   4.54166  -0.55698
   4.56146  -0.55075
   4.57842  -0.54481
   4.58880  -0.54786
   4.60901  -0.54911
   4.61543  -0.54933
   4.62015  -0.55097
   4.64317  -0.55813
   4.65087  -0.55767
   4.65483  -0.55684
   4.66336  -0.55492
   4.68119  -0.54603
   4.69550  -0.53838
   4.71073  -0.53898
   4.72443  -0.53486
   4.73536  -0.53131
   4.73994  -0.52990
   4.75216  -0.52595
   4.76936  -0.51964
   4.77635  -0.51561
   4.79647  -0.50543
   4.79805  -0.50459
   4.81751  -0.49254
   4.82269  -0.48935
   4.82927  -0.48373
   4.84743  -0.47108
   4.85779  -0.46344
   4.87027  -0.45054
   4.87937  -0.43636
   4.88460  -0.42300
   4.89467  -0.39430
   4.89435  -0.39375
   4.87231  -0.38540
   4.85758  -0.37947
   4.85130  -0.37312
   4.84958  -0.36786
   4.84984  -0.36166
   4.85493  -0.35350
   4.86779  -0.34908
   4.88141  -0.35938
   4.88504  -0.36696
   4.89508  -0.38983
   4.89667  -0.39143
   4.91580  -0.37107
   4.92918  -0.35574
   4.93632  -0.34813
   4.93905  -0.33827
   4.94937  -0.32069
   4.95833  -0.30440
   4.96188  -0.29310
   4.96707  -0.28375
   4.97124  -0.26423
   4.97526  -0.24186
   4.97412  -0.23703
   4.97466  -0.23342
   4.97710  -0.23197
   4.97914  -0.23132
   5.00409  -0.21149
   5.00812  -0.20804
   5.01331  -0.20261
   5.02818  -0.18618
   5.03557  -0.17612
   5.04712  -0.15824
   5.04899  -0.15521
   5.05821  -0.13494
   5.06251  -0.12857
   5.08165  -0.10093
   5.08250  -0.09962
   5.08297  -0.09869
   5.08445  -0.09576
   5.09896  -0.06698
   5.10141  -0.05630
                    
   4.46852   0.17618
   4.48162   0.18515
   4.48940   0.18599
   4.49190   0.17927
   4.48268   0.16385
   4.47428   0.15381
   4.46704   0.14529
   4.46618   0.14426
   4.46501   0.14287
   4.44688   0.12197
   4.44156   0.11811
   4.43282   0.11136
   4.42830   0.11317
   4.42951   0.12016
   4.43560   0.13157
   4.45199   0.15363
   4.45325   0.15518
   4.45472   0.15698
   4.46674   0.17386
   4.46821   0.17595
   4.46852   0.17618
                    
   4.23103   0.13332
   4.22098   0.15046
   4.22405   0.15607
   4.23172   0.15286
   4.24362   0.14043
   4.24992   0.12637
   4.25179   0.11645
   4.24370   0.12016
   4.23247   0.13145
   4.23177   0.13212
   4.23103   0.13332
                    
   4.21005  -0.11296
   4.19692  -0.11938
   4.19826  -0.11334
   4.19728  -0.11125
   4.20399  -0.10508
   4.20765  -0.10408
   4.20982  -0.10364
   4.21126  -0.10470
   4.21058  -0.11248
   4.21057  -0.11269
   4.21005  -0.11296
                    
   4.59652   0.16767
   4.61804   0.16772
   4.62126   0.16790
   4.62371   0.16765
   4.62213   0.16537
   4.62068   0.16316
   4.61721   0.16131
   4.59957   0.14796
   4.58838   0.13988
   4.57555   0.13301
   4.56176   0.12324
   4.55073   0.12552
   4.54965   0.12635
   4.54243   0.13159
   4.54161   0.13269
   4.54074   0.13384
   4.53295   0.13977
   4.53719   0.14560
   4.54386   0.15547
   4.55498   0.16503
   4.57029   0.17635
   4.58257   0.17452
   4.58333   0.17401
   4.59248   0.16746
   4.59652   0.16767
                    
   4.58925   0.09488
   4.59178   0.09780
   4.59810   0.09924
   4.60147   0.09759
   4.59814   0.09427
   4.59418   0.09121
   4.59104   0.09249
   4.59101   0.09379
   4.58925   0.09488
                    
   4.15377   0.30992
   4.15660   0.30611
   4.15460   0.31040
   4.14553   0.33041
   4.14433   0.33417
   4.14147   0.33706
   4.13847   0.33751
   4.13610   0.33537
   4.13831   0.33070
   4.14103   0.32660
   4.15377   0.30992
                    
   4.40733   0.41967
   4.41080   0.40377
   4.41291   0.39216
   4.40935   0.37632
   4.40444   0.36752
   4.39744   0.36356
   4.39243   0.36993
   4.39081   0.37959
   4.39370   0.39345
   4.39982   0.40573
   4.40733   0.41967
                    
   4.64393  -0.47812
   4.64096  -0.47403
   4.63826  -0.47031
   4.63502  -0.44734
   4.61136  -0.43641
   4.60965  -0.43555
   4.60722  -0.43578
   4.58574  -0.43719
   4.57406  -0.45494
   4.57252  -0.45713
   4.57275  -0.45991
   4.57400  -0.48292
   4.59183  -0.50045
   4.59194  -0.50245
   4.59221  -0.50772
   4.59578  -0.50415
   4.59760  -0.50230
   4.62249  -0.50083
   4.63576  -0.48198
   4.63933  -0.48031
   4.64393  -0.47812
                    
   3.80647   0.73309
   3.80979   0.72848
   3.81109   0.72667
   3.81405   0.72357
   3.82889   0.72042
   3.83043   0.72074
   3.84987   0.72444
   3.86367   0.72346
   3.86752   0.70921
   3.86375   0.69873
   3.85744   0.67965
   3.85667   0.67180
   3.85221   0.66483
   3.85788   0.66154
   3.87431   0.65555
   3.87629   0.65566
   3.89577   0.65635
   3.91137   0.66235
   3.94277   0.67320
   3.94446   0.67356
   3.94504   0.67373
   3.94685   0.67431
   3.97580   0.68681
   3.99972   0.69609
   4.00721   0.69938
   4.01646   0.70270
   4.02561   0.71371
   4.02879   0.73522
   4.02928   0.73810
   4.02862   0.73887
   4.02819   0.73938
   4.02534   0.76067
   4.03536   0.77426
   4.04861   0.78228
   4.06417   0.78496
   4.08630   0.78350
   4.08856   0.78331
   4.09716   0.76705
   4.10114   0.76476
   4.11599   0.75585
   4.12233   0.74803
   4.12611   0.74395
   4.13454   0.74190
   4.13887   0.74855
   4.13612   0.75178
   4.16129   0.77603
   4.16441   0.77884
   4.18545   0.78543
   4.19438   0.78804
   4.19744   0.78760
   4.21912   0.78409
   4.23158   0.77290
   4.23381   0.77082
   4.23289   0.76291
   4.23154   0.75025
   4.22949   0.74792
   4.21267   0.72777
   4.20955   0.72176
   4.23816   0.72294
   4.26198   0.72306
   4.27010   0.72271
   4.27986   0.72336
   4.30165   0.72566
   4.32659   0.72748
   4.33333   0.72740
   4.34035   0.72729
   4.36514   0.72851
   4.39600   0.72884
   4.39709   0.72873
   4.39834   0.72851
   4.42848   0.72272
   4.45222   0.71721
   4.45946   0.71530
   4.46768   0.71383
   4.49079   0.71022
   4.51706   0.70519
   4.52195   0.70392
   4.52668   0.70274
   4.55341   0.69800
   4.55715   0.69726
   4.55573   0.70534
   4.55329   0.71795
   4.55543   0.72169
   4.55699   0.72442
   4.55795   0.74405
   4.56844   0.74565
   4.58559   0.74789
   4.60496   0.74629
   4.62516   0.73590
   4.63534   0.72910
   4.65490   0.71533
   4.66410   0.70934
   4.66885   0.70539
   4.67374   0.69871
   4.68539   0.67629
   4.68821   0.67048
   4.71285   0.65735
   4.73496   0.64613
   4.74223   0.64184
   4.75013   0.63707
   4.77086   0.62485
   4.78747   0.61505
   4.79974   0.60783
   4.81691   0.59720
   4.82809   0.58963
   4.83578   0.58587
   4.84427   0.58567
   4.85207   0.59283
   4.85038   0.60946
   4.84966   0.61534
   4.84827   0.63062
   4.85251   0.63556
   4.85362   0.64849
   4.85176   0.66330
   4.85122   0.66713
   4.85523   0.68014
   4.85682   0.68552
   4.84692   0.70249
   4.84627   0.71364
   4.84489   0.73058
   4.84280   0.73389
   4.84212   0.73615
   4.84275   0.73707
   4.84662   0.74266
                    
   4.85883  -0.73407
   4.85533  -0.72918
   4.85423  -0.72763
   4.85321  -0.72262
   4.84437  -0.71499
   4.83352  -0.70543
   4.83381  -0.70250
   4.83397  -0.69441
   4.82747  -0.68158
   4.82188  -0.67073
   4.83305  -0.65124
   4.83331  -0.65078
   4.83279  -0.65090
   4.81129  -0.65566
   4.79466  -0.65884
   4.76643  -0.67402
   4.76369  -0.67553
   4.76147  -0.67675
   4.74874  -0.68280
   4.73192  -0.69037
   4.70837  -0.69857
   4.69882  -0.70209
   4.68413  -0.70724
   4.66569  -0.71274
   4.65041  -0.72216
   4.63561  -0.72975
   4.62363  -0.73561
   4.60496  -0.74629
   4.59609  -0.75481
   4.58498  -0.76503
   4.57633  -0.77069
   4.55317  -0.78498
   4.54506  -0.79018
   4.51711  -0.78398
   4.50657  -0.78143
   4.50544  -0.78115
   4.50438  -0.78072
   4.48356  -0.77175
   4.46943  -0.76521
   4.46888  -0.76487
   4.46818  -0.76477
   4.46702  -0.76488
   4.43406  -0.76512
   4.41329  -0.76454
   4.40025  -0.76484
   4.38431  -0.76509
   4.36668  -0.76378
   4.35486  -0.76268
   4.33333  -0.76191
   4.31112  -0.76219
   4.30011  -0.76094
   4.29139  -0.75983
   4.26697  -0.75858
   4.24820  -0.76025
   4.23319  -0.76069
   4.20913  -0.76077
   4.19919  -0.76078
   4.19266  -0.76006
   4.16532  -0.75787
   4.15742  -0.75705
   4.13955  -0.75887
   4.13008  -0.75855
   4.10279  -0.76526
   4.09674  -0.76657
   4.08736  -0.78293
   4.08639  -0.78321
   4.06710  -0.78834
   4.04717  -0.78623
   4.03001  -0.77512
   4.02328  -0.75984
   4.02458  -0.74539
   4.02525  -0.73876
   4.02354  -0.73675
   4.00218  -0.71016
   3.98959  -0.70644
   3.96972  -0.69850
   3.95468  -0.69207
   3.93699  -0.68648
   3.91616  -0.68172
   3.90643  -0.67927
   3.90211  -0.67688
   3.89691  -0.67395
   3.86981  -0.66198
   3.85561  -0.65623
   3.83689  -0.64697
   3.81155  -0.63343
   3.80822  -0.63547
   3.80098  -0.63443
   3.78847  -0.64176
   3.77462  -0.64957
   3.77293  -0.65569
   3.77374  -0.65921
   3.77690  -0.66313
   3.78829  -0.67901
   3.80276  -0.69145
   3.81472  -0.70132
   3.80775  -0.70437
   3.80350  -0.70619
   3.80468  -0.72201
   3.80241  -0.72512
   3.80000  -0.72840
                    
   5.16474   0.22507
   5.15945   0.24801
   5.16837   0.23652
   5.17730   0.22614
   5.16847   0.22074
   5.16722   0.22048
   5.16613   0.22177
   5.16552   0.22298
   5.16474   0.22507
                    
