   0.34859  -0.31942
   0.37427  -0.31405
   0.34859  -0.31942
   0.34277  -0.32036
   0.33279  -0.32240
   0.32395  -0.32395
   0.31144  -0.32611
   0.29877  -0.32605
   0.29081  -0.32574
   0.27995  -0.32263
   0.26823  -0.31966
   0.26227  -0.31662
   0.24887  -0.30931
   0.23752  -0.30162
   0.22719  -0.29608
   0.21884  -0.29127
   0.20598  -0.29303
   0.20524  -0.29311
   0.19159  -0.28815
   0.17805  -0.27948
   0.17721  -0.27890
   0.16472  -0.26937
   0.15285  -0.26474
   0.15147  -0.26426
   0.14022  -0.25990
   0.13363  -0.25671
   0.11976  -0.24904
   0.11683  -0.24502
   0.11421  -0.24492
   0.10102  -0.23654
   0.09653  -0.23305
   0.09587  -0.23252
   0.09464  -0.23195
   0.08201  -0.22532
   0.07607  -0.22076
   0.06988  -0.22162
   0.06284  -0.22237
   0.05912  -0.22063
   0.05715  -0.21850
   0.05071  -0.21582
   0.04738  -0.19963
   0.05531  -0.20640
   0.05867  -0.18713
   0.05873  -0.18669
   0.05841  -0.18525
   0.05192  -0.15835
   0.04344  -0.13654
   0.04970  -0.13655
   0.05436  -0.13174
   0.06314  -0.15422
   0.06692  -0.16157
   0.07449  -0.17560
   0.08017  -0.17898
   0.08457  -0.18137
   0.09136  -0.17879
   0.09321  -0.17906
   0.09624  -0.17946
   0.10224  -0.17708
   0.10703  -0.17195
   0.10834  -0.17006
   0.10931  -0.16864
   0.11416  -0.16304
   0.12497  -0.17301
   0.13101  -0.17073
   0.13844  -0.16760
   0.14095  -0.16798
   0.14097  -0.16531
   0.14571  -0.15902
   0.14955  -0.15353
   0.13863  -0.13872
   0.13831  -0.13831
   0.13152  -0.12587
   0.12165  -0.11390
   0.11292  -0.10895
   0.10883  -0.10883
   0.09847  -0.10188
   0.09081  -0.09625
   0.08952  -0.09769
   0.08825  -0.09907
   0.08080  -0.09630
   0.08168  -0.10303
   0.07951  -0.10362
   0.07695  -0.10425
   0.08210  -0.11548
   0.08390  -0.11982
   0.07968  -0.12293
   0.07864  -0.12344
   0.07765  -0.12391
   0.07322  -0.12681
   0.06790  -0.12854
   0.06692  -0.12856
   0.06616  -0.12856
   0.06070  -0.13018
   0.05565  -0.13031
   0.05412  -0.13030
   0.04957  -0.11967
   0.04244  -0.10286
   0.03610  -0.09215
   0.03203  -0.08801
   0.03177  -0.09414
   0.03415  -0.10590
   0.04082  -0.12946
   0.04213  -0.13431
   0.03866  -0.13631
   0.03680  -0.13733
   0.03398  -0.14503
   0.03483  -0.15710
   0.03508  -0.16291
   0.04078  -0.18853
   0.03966  -0.19206
   0.03573  -0.20263
   0.02741  -0.19419
   0.02592  -0.19252
   0.02507  -0.19041
   0.01654  -0.16582
   0.01568  -0.16042
   0.01316  -0.15044
   0.01264  -0.16130
   0.01245  -0.16618
   0.00801  -0.18352
   0.00621  -0.18914
   0.00000  -0.19089
  -0.00675  -0.19077
  -0.00833  -0.19074
  -0.00988  -0.19070
  -0.01664  -0.19023
  -0.02499  -0.19312
  -0.02543  -0.19315
  -0.02581  -0.19318
  -0.02816  -0.19408
  -0.03462  -0.19633
  -0.03826  -0.19235
  -0.04107  -0.18905
  -0.04151  -0.18726
  -0.04317  -0.17962
  -0.04578  -0.17084
  -0.04912  -0.17171
  -0.05038  -0.15978
  -0.05044  -0.15883
  -0.04359  -0.13680
  -0.04273  -0.13509
  -0.04258  -0.13478
  -0.03354  -0.10610
  -0.03177  -0.09414
  -0.03232  -0.08881
  -0.03456  -0.08494
  -0.03476  -0.08392
  -0.03488  -0.08329
  -0.03701  -0.07982
  -0.03713  -0.07962
  -0.03722  -0.07973
  -0.04312  -0.08570
  -0.05017  -0.09638
  -0.05168  -0.09854
  -0.05585  -0.10729
  -0.06297  -0.12274
  -0.06344  -0.12669
  -0.06419  -0.13765
  -0.06089  -0.13982
  -0.06056  -0.14621
  -0.05952  -0.15565
  -0.06596  -0.16960
  -0.07152  -0.18261
  -0.07577  -0.19234
  -0.08335  -0.20544
  -0.08535  -0.20605
  -0.09458  -0.20854
  -0.09889  -0.21207
  -0.11231  -0.21927
  -0.11435  -0.21966
  -0.11543  -0.21986
  -0.11706  -0.22148
  -0.13028  -0.23378
  -0.13766  -0.23960
  -0.13825  -0.23990
  -0.13863  -0.24012
  -0.13993  -0.24067
  -0.15476  -0.24292
  -0.16186  -0.24361
  -0.17219  -0.25125
  -0.17940  -0.25621
  -0.18835  -0.25960
  -0.19794  -0.26459
  -0.20368  -0.26544
  -0.21531  -0.26673
  -0.22661  -0.27006
  -0.23561  -0.26977
  -0.24305  -0.26930
  -0.24980  -0.27261
  -0.26380  -0.27893
  -0.27358  -0.28029
  -0.28284  -0.28284
  -0.29390  -0.27628
  -0.29854  -0.27356
  -0.30163  -0.27169
  -0.31373  -0.26325
  -0.31578  -0.26328
  -0.33009  -0.26311
  -0.34493  -0.26777
  -0.35169  -0.26986
  -0.36532  -0.27374
  -0.37241  -0.27569
  -0.39380  -0.28085
  -0.39904  -0.28191
  -0.40071  -0.28189
  -0.40231  -0.28170
  -0.40621  -0.27982
  -0.42334  -0.26970
  -0.43058  -0.26507
  -0.44551  -0.25776
  -0.44601  -0.25750
  -0.46110  -0.25013
  -0.47440  -0.24696
  -0.48058  -0.24531
  -0.49448  -0.24164
  -0.50826  -0.23701
  -0.51854  -0.22462
  -0.52314  -0.21880
  -0.52501  -0.21747
  -0.53285  -0.21169
  -0.54605  -0.19874
  -0.55147  -0.19584
  -0.55706  -0.19293
  -0.56855  -0.17926
  -0.57765  -0.16771
  -0.58408  -0.15650
  -0.59638  -0.13542
  -0.59740  -0.13244
  -0.59820  -0.13010
  -0.60130  -0.12634
  -0.61519  -0.10847
  -0.61994  -0.09645
  -0.62678  -0.08252
  -0.63515  -0.06396
  -0.63698  -0.05706
  -0.63747  -0.05577
  -0.63862  -0.05307
  -0.64508  -0.02816
  -0.64867  -0.01205
  -0.65517  -0.00000
  -0.65488   0.01971
  -0.65565   0.02863
  -0.65614   0.03527
  -0.65458   0.05727
  -0.64968   0.07522
  -0.64494   0.08491
  -0.63307   0.10731
  -0.63131   0.11132
  -0.62984   0.11279
  -0.62815   0.11374
  -0.60483   0.13409
  -0.60185   0.13649
  -0.59776   0.14215
  -0.58635   0.15711
  -0.57879   0.16992
  -0.56822   0.17916
  -0.55921   0.18659
  -0.54966   0.19179
  -0.54343   0.19779
  -0.52774   0.21390
  -0.52401   0.21705
  -0.52283   0.21804
  -0.51994   0.22136
  -0.50639   0.23613
  -0.49567   0.24481
  -0.48342   0.25165
  -0.47493   0.25608
  -0.46394   0.25872
  -0.45400   0.26212
  -0.44167   0.26428
  -0.43083   0.26583
  -0.42235   0.26906
  -0.40359   0.27537
  -0.39929   0.27661
  -0.39667   0.27775
  -0.38356   0.28156
  -0.37178   0.28527
  -0.36864   0.28618
  -0.36446   0.28612
  -0.33915   0.28458
  -0.33528   0.28357
  -0.33284   0.28266
  -0.30952   0.28363
  -0.30443   0.28360
  -0.29344   0.28797
  -0.28945   0.28945
  -0.27632   0.29409
  -0.26743   0.29184
  -0.25398   0.28790
  -0.24499   0.28040
  -0.23203   0.27286
  -0.22562   0.26888
  -0.21483   0.26423
  -0.20471   0.25939
  -0.19808   0.25814
  -0.18784   0.25582
  -0.17716   0.25301
  -0.17333   0.25046
  -0.16162   0.24213
  -0.15087   0.23151
  -0.13460   0.21128
  -0.11966   0.20726
  -0.11294   0.20241
  -0.10581   0.19482
  -0.10209   0.18475
  -0.10661   0.18466
  -0.10820   0.17714
  -0.11421   0.17927
  -0.12572   0.18261
  -0.13460   0.21128
  -0.11966   0.20726
                    
  -0.03202   0.14442
  -0.04313   0.16097
  -0.03202   0.14442
  -0.03062   0.14200
  -0.02549   0.13938
  -0.02448   0.13881
  -0.02257   0.13988
  -0.01898   0.14178
  -0.01868   0.14191
  -0.01834   0.14207
  -0.01266   0.14470
  -0.00749   0.14612
  -0.00639   0.14637
  -0.00519   0.14664
  -0.00000   0.14775
   0.00485   0.14827
   0.00649   0.14868
   0.00841   0.14914
   0.01307   0.14941
   0.01848   0.14067
   0.01852   0.14070
   0.01859   0.14075
   0.01859   0.14047
   0.01857   0.13964
   0.01833   0.10975
   0.01839   0.10734
   0.01876   0.10641
   0.01945   0.10692
   0.02079   0.10931
   0.02591   0.12755
   0.02912   0.13867
   0.03058   0.14344
   0.03315   0.14954
   0.03899   0.16202
   0.04321   0.16312
   0.04390   0.16384
   0.04494   0.16434
   0.05108   0.16202
   0.05733   0.15936
   0.05826   0.16007
   0.05888   0.15948
   0.05903   0.15584
   0.05613   0.14481
   0.05110   0.13215
   0.04515   0.11705
   0.04407   0.10639
   0.04348   0.10243
   0.04602   0.09956
   0.04632   0.09934
   0.04674   0.09954
   0.04765   0.10055
   0.05451   0.11175
   0.06425   0.12629
   0.06631   0.12916
   0.06948   0.13347
   0.07970   0.14635
   0.08654   0.15561
   0.09600   0.17101
   0.10771   0.18949
   0.10998   0.19250
   0.11120   0.19358
   0.11239   0.19466
   0.11399   0.19483
   0.11317   0.19064
   0.10975   0.18508
   0.10125   0.16796
   0.09524   0.15636
   0.08660   0.14237
   0.08354   0.13112
   0.08141   0.12455
   0.08098   0.11627
   0.08092   0.11556
   0.08145   0.11594
   0.09027   0.12171
   0.10114   0.13244
   0.10279   0.13395
   0.11506   0.14461
   0.11938   0.14227
   0.12777   0.14178
   0.11243   0.12301
   0.11188   0.12209
   0.10418   0.11003
   0.10281   0.10281
   0.10874   0.10215
   0.11272   0.10329
   0.12485   0.10593
   0.12620   0.10589
   0.12698   0.10607
   0.12806   0.10664
   0.12936   0.10799
   0.12998   0.10906
   0.13053   0.11098
   0.13672   0.12528
   0.13819   0.12938
   0.13670   0.13670
   0.13661   0.14070
   0.13627   0.14673
   0.15157   0.16179
   0.16646   0.17762
   0.17142   0.18268
   0.17679   0.18815
   0.18926   0.20135
   0.20317   0.21614
   0.21029   0.22035
   0.23186   0.23186
   0.23313   0.23171
   0.23511   0.23220
   0.24199   0.23630
   0.26074   0.24557
   0.26583   0.24789
   0.27936   0.25599
   0.28381   0.25855
   0.29915   0.26262
   0.31268   0.26695
   0.32099   0.26934
   0.33188   0.26973
   0.34203   0.27146
   0.35302   0.27088
   0.36420   0.26991
   0.37765   0.26846
   0.38247   0.26781
   0.39476   0.26086
   0.40250   0.25642
   0.42118   0.24466
   0.42236   0.24385
   0.42289   0.24361
   0.42362   0.24343
   0.44470   0.23150
   0.45217   0.22683
   0.46517   0.22031
   0.46857   0.21850
   0.48146   0.20970
   0.49503   0.20505
   0.49981   0.20327
   0.51525   0.20096
   0.53057   0.19311
   0.53134   0.19238
   0.54399   0.17981
   0.55049   0.17357
   0.56896   0.15435
   0.56993   0.15345
   0.57042   0.15284
   0.57084   0.15176
   0.58420   0.12951
   0.59070   0.11773
   0.59402   0.10474
   0.60058   0.08727
   0.60204   0.07926
   0.60327   0.07192
   0.61115   0.05347
   0.61240   0.04987
   0.61817   0.03207
   0.62022   0.02708
   0.62485   0.01531
   0.62956   0.00000
   0.62868  -0.01111
   0.63177  -0.02758
   0.63593  -0.05564
   0.60993  -0.08030
   0.60950  -0.08067
   0.60899  -0.08160
   0.59518  -0.10495
   0.58825  -0.11387
   0.58068  -0.12873
   0.57117  -0.14594
   0.56801  -0.14992
   0.56742  -0.15204
   0.56653  -0.15439
   0.55296  -0.17435
   0.54598  -0.18389
   0.54055  -0.19674
   0.52422  -0.21103
   0.52099  -0.21369
   0.51968  -0.21526
   0.51721  -0.21820
   0.50105  -0.23364
   0.49232  -0.23608
   0.48069  -0.24508
   0.47437  -0.24694
   0.46120  -0.25043
   0.44861  -0.25901
   0.43935  -0.26813
   0.43330  -0.27382
   0.43198  -0.27520
   0.43008  -0.27716
   0.41517  -0.29071
   0.40448  -0.29588
   0.39418  -0.30247
   0.37427  -0.31405
   0.39418  -0.30247
                    
  -0.05113   0.16218
  -0.04313   0.16097
  -0.05113   0.16218
  -0.05771   0.16282
  -0.06054   0.16634
  -0.06440   0.16747
  -0.06859   0.16558
  -0.07281   0.16354
  -0.07729   0.16576
  -0.07829   0.16068
  -0.07240   0.15009
  -0.06749   0.13429
  -0.06414   0.12634
  -0.06213   0.12171
  -0.06203   0.11915
  -0.06148   0.11232
  -0.05853   0.10137
  -0.06086   0.10284
  -0.05717   0.09546
  -0.05650   0.08868
  -0.05560   0.08327
  -0.05629   0.08039
  -0.06027   0.08294
  -0.06630   0.08936
  -0.07724   0.10452
  -0.08273   0.11503
  -0.08733   0.12472
  -0.08822   0.13057
  -0.09378   0.13775
  -0.10136   0.15209
  -0.11016   0.16225
  -0.12422   0.17740
  -0.12681   0.18014
  -0.12763   0.18128
  -0.12843   0.18257
  -0.12941   0.18482
  -0.13460   0.21128
  -0.12572   0.18261
                    
  -0.18108   0.09426
  -0.18066   0.09753
  -0.18405   0.10626
  -0.17641   0.10805
  -0.17373   0.11068
  -0.17143   0.11285
  -0.16219   0.11025
  -0.15331   0.10735
  -0.14879   0.11019
  -0.13233   0.10130
  -0.12567   0.09182
  -0.12500   0.08753
  -0.11787   0.07863
  -0.11376   0.07399
  -0.11441   0.07289
  -0.11506   0.07176
  -0.11128   0.06425
  -0.12127   0.06422
  -0.12185   0.06343
  -0.12239   0.06268
  -0.12649   0.06384
  -0.14663   0.06837
  -0.14837   0.06803
  -0.15172   0.06893
  -0.15617   0.07149
  -0.15790   0.07363
  -0.17573   0.08707
  -0.18135   0.09175
  -0.18108   0.09426
                    
  -0.17087  -0.15657
  -0.17892  -0.15793
  -0.18546  -0.15562
  -0.18636  -0.14870
  -0.17982  -0.13798
  -0.17692  -0.13360
  -0.15980  -0.12088
  -0.15606  -0.11877
  -0.15454  -0.11791
  -0.13245  -0.10113
  -0.12873  -0.09878
  -0.11557  -0.09016
  -0.11125  -0.08774
  -0.08797  -0.07321
  -0.08538  -0.07136
  -0.08488  -0.07105
  -0.08460  -0.07099
  -0.08471  -0.07126
  -0.08510  -0.07169
  -0.08983  -0.07675
  -0.10508  -0.09505
  -0.10644  -0.09683
  -0.10884  -0.09973
  -0.12063  -0.11497
  -0.13441  -0.12743
  -0.14170  -0.13558
  -0.15328  -0.14902
  -0.15948  -0.15401
  -0.17087  -0.15657
                    
  -0.11176   0.10700
  -0.12222   0.11328
  -0.13287   0.12660
  -0.13112   0.13112
  -0.12497   0.12988
  -0.11387   0.12168
  -0.10769   0.11217
  -0.10050   0.10050
  -0.11176   0.10700
                    
  -0.12393  -0.15199
  -0.11706  -0.14948
  -0.10832  -0.14116
  -0.10029  -0.13309
  -0.09779  -0.12745
  -0.09320  -0.11793
  -0.09143  -0.10897
  -0.09962  -0.11160
  -0.10636  -0.11607
  -0.11456  -0.12102
  -0.12823  -0.13994
  -0.13066  -0.14352
  -0.13017  -0.14668
  -0.12885  -0.15356
  -0.12393  -0.15199
                    
  -0.12941   0.18482
  -0.13460   0.21128
  -0.15087   0.23151
                    
  -0.88708   0.16762
  -0.88149   0.16656
  -0.87931   0.16615
  -0.87691   0.16225
  -0.87679   0.15460
  -0.87269   0.11974
  -0.87218   0.11482
  -0.87203   0.11352
  -0.87163   0.11241
  -0.86754   0.10140
  -0.85895   0.07858
  -0.83880   0.11043
  -0.83634   0.11406
  -0.83350   0.11835
  -0.81562   0.14382
  -0.81499   0.16114
  -0.81518   0.18072
  -0.81510   0.18961
  -0.81118   0.21735
  -0.79855   0.23436
  -0.78399   0.24256
  -0.77318   0.23073
  -0.76950   0.21597
  -0.76664   0.20542
  -0.76543   0.18764
  -0.75494   0.18473
  -0.74751   0.19137
  -0.74368   0.19927
  -0.72714   0.22146
  -0.72341   0.22809
  -0.72146   0.23149
  -0.71845   0.23237
  -0.71023   0.23469
  -0.69055   0.24371
  -0.68627   0.24370
  -0.68043   0.24766
  -0.66652   0.26479
  -0.65944   0.27315
  -0.65670   0.27631
  -0.65067   0.28292
  -0.63711   0.29709
  -0.62566   0.30759
  -0.60957   0.31463
  -0.60711   0.31604
  -0.59131   0.32471
  -0.57874   0.33414
  -0.57021   0.35215
  -0.56472   0.35976
  -0.55996   0.36617
  -0.54923   0.38457
  -0.54765   0.39772
  -0.53641   0.41160
  -0.52594   0.42390
  -0.51964   0.43603
  -0.51052   0.44401
  -0.49842   0.45672
  -0.48699   0.46814
  -0.47568   0.47568
  -0.45822   0.48784
  -0.45193   0.49320
  -0.44622   0.49796
  -0.42640   0.50817
  -0.42377   0.50937
  -0.40520   0.51740
  -0.39725   0.51770
  -0.37332   0.51782
  -0.36732   0.51840
  -0.35502   0.50148
  -0.34203   0.48355
  -0.33956   0.48191
  -0.33861   0.48066
  -0.33271   0.47516
  -0.30809   0.47373
  -0.30431   0.47337
  -0.30185   0.47382
  -0.29609   0.47480
  -0.27476   0.47590
  -0.26790   0.47564
  -0.26180   0.47180
  -0.24827   0.46045
  -0.24308   0.45369
  -0.23947   0.44892
  -0.23209   0.44584
  -0.21580   0.43834
  -0.20855   0.43525
  -0.20194   0.43306
  -0.18119   0.42646
  -0.17806   0.42533
  -0.17606   0.42504
  -0.17066   0.42420
  -0.15270   0.41953
  -0.14736   0.41757
  -0.13983   0.41367
  -0.12940   0.41041
  -0.11884   0.40669
  -0.10827   0.40407
  -0.09593   0.40772
  -0.09035   0.40755
  -0.08652   0.40738
  -0.07239   0.41053
  -0.05588   0.41007
  -0.05402   0.41029
  -0.05219   0.41050
  -0.04112   0.40908
  -0.03572   0.40826
  -0.02096   0.40576
  -0.01770   0.40532
  -0.01355   0.40474
  -0.00000   0.40185
   0.01082   0.40083
   0.01738   0.39804
   0.02806   0.39312
   0.03428   0.39186
   0.04050   0.39186
   0.05188   0.39407
   0.05953   0.39533
   0.06954   0.39439
   0.08094   0.39355
   0.08729   0.39373
   0.09191   0.39379
   0.10498   0.39180
   0.12049   0.39309
   0.12329   0.39325
   0.12400   0.39327
   0.12515   0.39329
   0.14323   0.39352
   0.15379   0.39492
   0.16415   0.39628
   0.18021   0.39774
   0.18392   0.39925
   0.18627   0.39945
   0.19532   0.40177
   0.21098   0.40529
   0.21483   0.40603
   0.22154   0.40696
   0.23584   0.40848
   0.24656   0.41001
   0.25994   0.41369
   0.27556   0.43381
   0.27625   0.43429
   0.27649   0.43446
   0.27969   0.43902
   0.29065   0.45459
   0.30591   0.46519
   0.31840   0.46686
   0.32758   0.46784
   0.34012   0.47308
   0.34540   0.47774
   0.36582   0.48669
   0.36984   0.49065
   0.37289   0.49362
   0.37678   0.49104
   0.38127   0.48801
   0.40430   0.48183
   0.41197   0.47893
   0.42302   0.47808
   0.44288   0.48332
   0.44819   0.48457
   0.45509   0.48159
   0.47324   0.47324
   0.48552   0.45090
   0.48710   0.44784
   0.48709   0.44634
   0.48566   0.41429
   0.48655   0.41075
   0.48764   0.40918
   0.48900   0.40745
   0.49257   0.40605
   0.52567   0.40336
   0.49257   0.40605
                    
   0.88481  -0.17924
   0.88156  -0.17858
   0.87705  -0.17767
   0.87174  -0.17018
   0.86672  -0.15283
   0.86606  -0.14942
   0.86199  -0.13022
   0.85349  -0.12461
   0.84456  -0.13571
   0.83943  -0.14801
   0.82400  -0.17247
   0.82050  -0.17773
   0.81625  -0.18096
   0.79724  -0.19465
   0.78861  -0.19838
   0.77853  -0.20861
   0.76807  -0.22100
   0.75964  -0.23056
   0.74603  -0.23522
   0.74016  -0.23712
   0.72264  -0.23560
   0.71651  -0.23827
   0.69117  -0.24839
   0.68879  -0.24864
   0.68792  -0.24967
   0.68727  -0.25015
   0.68202  -0.25467
   0.65896  -0.27295
   0.65636  -0.27489
   0.65286  -0.27782
   0.63170  -0.29457
   0.62454  -0.30222
   0.61324  -0.30742
   0.60558  -0.31525
   0.59195  -0.32851
   0.58542  -0.33799
   0.57216  -0.35145
   0.56528  -0.36012
   0.56000  -0.36659
   0.54534  -0.37635
   0.54123  -0.37897
   0.53859  -0.38595
   0.53223  -0.40180
   0.52884  -0.40579
   0.52584  -0.40928
   0.51310  -0.43054
   0.49767  -0.44626
   0.49264  -0.45142
   0.48799  -0.45609
   0.47126  -0.47126
   0.46475  -0.48730
   0.45705  -0.49878
   0.44225  -0.51940
   0.43945  -0.52372
   0.42724  -0.52590
   0.40779  -0.53144
   0.40159  -0.53306
   0.39776  -0.52993
   0.39199  -0.52515
   0.37408  -0.51727
   0.36797  -0.51583
   0.35250  -0.50326
   0.35222  -0.50303
   0.33397  -0.50299
   0.31764  -0.49663
   0.31602  -0.49606
   0.30046  -0.49015
   0.29100  -0.48441
   0.27280  -0.47251
   0.26896  -0.47105
   0.26626  -0.46929
   0.25861  -0.46391
   0.24757  -0.45126
   0.24072  -0.44315
   0.22983  -0.44150
   0.21503  -0.43872
   0.20771  -0.43840
   0.20463  -0.43883
   0.19873  -0.43922
   0.18168  -0.43862
   0.17437  -0.43812
   0.15974  -0.43887
   0.15226  -0.43762
   0.14163  -0.43556
   0.13744  -0.43591
   0.13149  -0.43634
   0.11648  -0.43471
   0.10809  -0.43468
   0.09611  -0.43353
   0.07663  -0.43084
   0.07595  -0.43076
   0.07550  -0.43073
   0.07432  -0.43029
   0.05624  -0.42721
   0.04437  -0.42469
   0.03715  -0.42466
   0.02959  -0.42539
   0.01865  -0.42711
   0.00590  -0.42874
   0.00000  -0.42890
  -0.00571  -0.42901
  -0.01862  -0.42657
  -0.02872  -0.42437
  -0.03709  -0.42389
  -0.04447  -0.42451
  -0.05616  -0.42659
  -0.07488  -0.42916
  -0.07568  -0.42918
  -0.07624  -0.42923
  -0.08118  -0.42905
  -0.09529  -0.42981
  -0.10992  -0.43007
  -0.11511  -0.42958
  -0.12302  -0.42993
  -0.13592  -0.43110
  -0.14300  -0.43155
  -0.15669  -0.43051
  -0.16874  -0.43153
  -0.17622  -0.43197
  -0.17888  -0.43186
  -0.18370  -0.43161
  -0.20097  -0.43099
  -0.20942  -0.43182
  -0.22298  -0.43473
  -0.22762  -0.43725
  -0.24057  -0.44385
  -0.25532  -0.44223
  -0.25959  -0.44445
  -0.27345  -0.45121
  -0.28460  -0.45840
  -0.29756  -0.46708
  -0.30467  -0.47160
  -0.30990  -0.47254
  -0.33323  -0.47590
  -0.33930  -0.47728
  -0.34245  -0.47986
  -0.35535  -0.48548
  -0.36685  -0.49289
  -0.37235  -0.49631
  -0.37974  -0.49489
  -0.40568  -0.48898
  -0.40979  -0.48837
  -0.41042  -0.48850
  -0.41109  -0.48837
  -0.41613  -0.48913
  -0.43976  -0.49563
  -0.44633  -0.49721
  -0.45166  -0.49290
  -0.45773  -0.48788
  -0.47817  -0.47817
  -0.48698  -0.46817
  -0.49830  -0.45661
  -0.50993  -0.44412
  -0.51740  -0.43415
  -0.52595  -0.42004
  -0.53419  -0.40990
  -0.54258  -0.39912
  -0.54873  -0.38423
  -0.56025  -0.36922
  -0.56734  -0.36143
  -0.57786  -0.34937
  -0.58566  -0.33813
  -0.59222  -0.33018
  -0.60599  -0.31546
  -0.61337  -0.30715
  -0.62378  -0.29876
  -0.62875  -0.29319
  -0.65047  -0.28337
  -0.65757  -0.27989
  -0.66270  -0.27450
  -0.67852  -0.25702
  -0.68579  -0.24961
  -0.68749  -0.24808
  -0.68988  -0.24561
  -0.71954  -0.22687
  -0.71999  -0.22656
  -0.72044  -0.22611
  -0.74497  -0.19961
  -0.74896  -0.19571
  -0.75258  -0.19413
  -0.75833  -0.19429
  -0.76175  -0.20411
  -0.76832  -0.22014
  -0.77256  -0.23129
  -0.78059  -0.24612
  -0.78202  -0.24887
  -0.78377  -0.24712
  -0.79807  -0.23244
  -0.80590  -0.21594
  -0.81187  -0.19304
  -0.81357  -0.18036
  -0.81559  -0.16287
  -0.81925  -0.14446
  -0.83226  -0.12681
  -0.83809  -0.11848
  -0.85483  -0.11507
  -0.86768  -0.12088
  -0.87016  -0.12329
  -0.87482  -0.12790
  -0.88477  -0.13405
  -0.88911  -0.13471
  -0.89259  -0.13524
                    
   0.89325   0.13084
   0.89064   0.13046
   0.88542   0.12969
   0.87502   0.12868
   0.86713   0.14303
   0.86200   0.15199
   0.85305   0.16544
   0.84565   0.16984
   0.82935   0.17385
   0.82352   0.17477
   0.81974   0.17535
   0.80660   0.17882
   0.80061   0.18031
   0.78684   0.19263
   0.77646   0.20805
   0.76773   0.22218
   0.76043   0.23346
   0.75165   0.23699
   0.73861   0.24192
   0.72087   0.22950
   0.71963   0.22869
   0.71878   0.22813
   0.71477   0.22537
   0.69990   0.21539
   0.69016   0.21761
   0.67894   0.21995
   0.67401   0.22165
   0.65617   0.22736
   0.64637   0.22972
   0.64352   0.23122
   0.64214   0.23372
   0.64053   0.23719
   0.63019   0.26103
   0.61998   0.28240
   0.61691   0.28767
   0.60020   0.30044
   0.59165   0.30799
   0.58868   0.31054
   0.58497   0.31120
   0.56790   0.31387
   0.55430   0.31664
   0.55239   0.31671
   0.55061   0.31790
   0.55150   0.31966
   0.55202   0.32060
   0.55472   0.32893
   0.56416   0.34750
   0.56692   0.35330
   0.56298   0.35866
   0.55964   0.36312
   0.55200   0.38651
   0.52567   0.40336
   0.55200   0.38651
                    
   0.63177  -0.02758
   0.63593  -0.05564
   0.60993  -0.08030
                    
  -0.55736   0.71018
  -0.55614   0.70863
  -0.55247   0.70396
  -0.54209   0.70646
  -0.52779   0.70965
  -0.51758   0.71027
  -0.49787   0.71103
  -0.49247   0.71024
  -0.49054   0.70947
  -0.45468   0.71370
  -0.45016   0.71410
  -0.44049   0.71743
  -0.41831   0.72453
  -0.40058   0.72764
  -0.38247   0.73471
  -0.35484   0.74455
  -0.34794   0.74615
  -0.34473   0.74686
  -0.31427   0.75872
  -0.30129   0.76335
  -0.28350   0.76771
  -0.27983   0.76883
  -0.27327   0.76974
  -0.24302   0.77076
  -0.23284   0.77083
  -0.20749   0.77437
  -0.19806   0.77431
  -0.17949   0.77382
  -0.17192   0.77550
  -0.16424   0.77713
  -0.13724   0.77832
  -0.11216   0.78584
  -0.10362   0.78705
  -0.09517   0.78815
  -0.07217   0.79597
  -0.06971   0.79676
  -0.04031   0.80150
  -0.03506   0.80303
  -0.02306   0.80636
  -0.00000   0.80988
   0.01985   0.79899
   0.02774   0.79440
   0.03429   0.78544
   0.04082   0.77615
   0.05219   0.76577
   0.06659   0.76118
   0.08352   0.76159
   0.10070   0.76487
   0.11963   0.76796
   0.12884   0.77111
   0.13582   0.77028
   0.14839   0.77101
   0.17080   0.77043
   0.18342   0.76981
   0.20670   0.77142
   0.23367   0.76431
   0.24015   0.76245
   0.24038   0.76238
   0.24058   0.76231
   0.27362   0.75175
   0.29969   0.74686
   0.30875   0.74538
   0.32869   0.74174
   0.34419   0.73813
   0.35262   0.73516
   0.36969   0.73268
   0.37956   0.72914
   0.40558   0.71910
   0.41448   0.71790
   0.43653   0.71060
   0.44881   0.70449
   0.45750   0.70002
   0.47123   0.69762
   0.48639   0.69464
   0.50277   0.68986
   0.51626   0.69098
   0.53340   0.69766
   0.53417   0.69788
   0.53458   0.69800
   0.53610   0.69866
   0.55115   0.70500
   0.55501   0.70995
   0.55602   0.71123
                    
  -0.54331  -0.72099
  -0.54236  -0.71973
  -0.53854  -0.71467
  -0.52255  -0.71831
  -0.50541  -0.72180
  -0.50184  -0.72148
  -0.48642  -0.71986
  -0.47097  -0.72261
  -0.46168  -0.72470
  -0.44208  -0.72870
  -0.42466  -0.73553
  -0.39693  -0.74700
  -0.39021  -0.74958
  -0.38580  -0.75124
  -0.36384  -0.75918
  -0.35535  -0.76206
  -0.32820  -0.76988
  -0.32016  -0.77293
  -0.31101  -0.77627
  -0.28505  -0.78318
  -0.26899  -0.78516
  -0.24774  -0.78573
  -0.23671  -0.78578
  -0.22234  -0.78233
  -0.20993  -0.78345
  -0.17482  -0.77988
  -0.17357  -0.77972
  -0.17289  -0.77987
  -0.17221  -0.78001
  -0.13770  -0.78094
  -0.10864  -0.79182
  -0.10548  -0.79292
  -0.10449  -0.79371
  -0.07280  -0.81742
  -0.07227  -0.81790
  -0.07158  -0.81821
  -0.07038  -0.81837
  -0.03598  -0.82398
  -0.01100  -0.82711
   0.00000  -0.82760
   0.00822  -0.82551
   0.01133  -0.82058
   0.02564  -0.80467
   0.02210  -0.79893
   0.01479  -0.78664
   0.03467  -0.79398
   0.03913  -0.79553
   0.06899  -0.78858
   0.10278  -0.79170
   0.10421  -0.79154
   0.10554  -0.79140
   0.10732  -0.79200
   0.14149  -0.80245
   0.15071  -0.80105
   0.17673  -0.79718
   0.20783  -0.79141
   0.21181  -0.79049
   0.21562  -0.78939
   0.24640  -0.78149
   0.28068  -0.77117
   0.24640  -0.78149
                    
   0.31561  -0.76195
   0.28068  -0.77117
   0.31561  -0.76195
   0.33923  -0.75475
   0.35066  -0.75198
   0.36877  -0.74567
   0.38420  -0.73805
   0.39893  -0.73040
   0.41784  -0.72372
   0.44444  -0.71498
   0.45091  -0.71270
   0.45381  -0.71234
   0.48663  -0.70742
   0.49420  -0.70579
   0.49534  -0.70533
   0.49679  -0.70511
   0.49921  -0.70564
   0.51681  -0.71084
   0.52563  -0.71324
   0.53958  -0.71389
   0.54356  -0.71915
   0.54435  -0.72020
                    
   2.20170   0.04190
   2.20057   0.04418
   2.20170   0.04190
   2.20178   0.04184
   2.20185   0.04178
   2.20369   0.04040
   2.20554   0.03887
   2.20558   0.03882
   2.20625   0.03628
   2.20672   0.03395
   2.20689   0.03375
   2.20706   0.03355
   2.20851   0.03211
   2.20993   0.03057
   2.21006   0.03038
   2.21019   0.03020
   2.21301   0.03088
   2.24075   0.04722
   2.24086   0.04729
   2.24101   0.04739
   2.24100   0.04733
   2.24100   0.04733
   2.25298   0.04984
   2.24874   0.04361
   2.24887   0.04279
   2.24898   0.04206
   2.24535   0.03938
   2.23133   0.03015
   2.24781   0.03403
   2.24885   0.03421
   2.24906   0.03413
   2.24935   0.03402
   2.25841   0.03339
   2.25709   0.02975
   2.25670   0.02839
   2.25636   0.02731
   2.25439   0.02351
   2.26044   0.02223
   2.26616   0.02206
   2.27590   0.02120
   2.28411   0.02201
   2.28858   0.02150
   2.28794   0.01947
   2.28227   0.01522
   2.27729   0.01197
   2.27560   0.00996
   2.27534   0.00951
   2.27682   0.00947
   2.27756   0.00921
   2.28646   0.00908
   2.30813   0.00797
   2.31298   0.00754
   2.31969   0.00668
   2.33325   0.00444
   2.34435   0.00276
   2.34934   0.00000
   2.34414  -0.00270
   2.33326  -0.00415
   2.32335  -0.00684
   2.31602  -0.00848
   2.30786  -0.01187
   2.30679  -0.01226
   2.30777  -0.01294
   2.31410  -0.01773
   2.31453  -0.01947
   2.31501  -0.02159
   2.31869  -0.02681
   2.30511  -0.03015
   2.30425  -0.03031
   2.30247  -0.03011
   2.27484  -0.02606
   2.26865  -0.02599
   2.26800  -0.02715
   2.26812  -0.02849
   2.26653  -0.03149
   2.26498  -0.03417
   2.26491  -0.03576
   2.26026  -0.03638
   2.25977  -0.03857
   2.25919  -0.04089
   2.24663  -0.03671
   2.24094  -0.03463
   2.24560  -0.03888
   2.24865  -0.04196
   2.24985  -0.04330
   2.25263  -0.04664
   2.25662  -0.05193
   2.25370  -0.05251
   2.25634  -0.05713
   2.25886  -0.06230
   2.26154  -0.06568
   2.26233  -0.06698
   2.26027  -0.06614
   2.25747  -0.06432
   2.25300  -0.06180
   2.23773  -0.05188
   2.22769  -0.04504
   2.21597  -0.03783
   2.21059  -0.03423
   2.20882  -0.03529
   2.20878  -0.03533
   2.20874  -0.03538
   2.20596  -0.03600
   2.20349  -0.03638
   2.20327  -0.03660
   2.20304  -0.03682
   2.20245  -0.03906
   2.20165  -0.04150
   2.20156  -0.04158
   2.20146  -0.04166
   2.20205  -0.04300
   2.21693  -0.06411
   2.22068  -0.06946
   2.22224  -0.07174
   2.22176  -0.07180
   2.22136  -0.07185
   2.22329  -0.08086
   2.21705  -0.07773
   2.21683  -0.07874
   2.21649  -0.08012
   2.21261  -0.07504
   2.19604  -0.05088
   2.19612  -0.05149
   2.19692  -0.05812
   2.19705  -0.06249
   2.19682  -0.06466
   2.19438  -0.06163
   2.18944  -0.05082
   2.18746  -0.05020
   2.18486  -0.04920
   2.18461  -0.04929
   2.18436  -0.04938
   2.18257  -0.05045
   2.18066  -0.05147
   2.18047  -0.05153
   2.18028  -0.05158
   2.17827  -0.05234
   2.17618  -0.05304
   2.17602  -0.05307
   2.17587  -0.05310
   2.17358  -0.05249
   2.17150  -0.05183
   2.17120  -0.05186
   2.17091  -0.05188
   2.16895  -0.05226
   2.16692  -0.05256
   2.16667  -0.05256
   2.16641  -0.05256
   2.16437  -0.05271
   2.16227  -0.05279
   2.16205  -0.05277
   2.16182  -0.05275
   2.15965  -0.05326
   2.15730  -0.05370
   2.15720  -0.05368
   2.15710  -0.05366
   2.15512  -0.05211
   2.15340  -0.05059
   2.15313  -0.05052
   2.15286  -0.05045
   2.15078  -0.05040
   2.14859  -0.05024
   2.14840  -0.05018
   2.14822  -0.05011
   2.14628  -0.04921
   2.14441  -0.04824
   2.14421  -0.04815
   2.14402  -0.04806
   2.14167  -0.04802
   2.13910  -0.04783
   2.13903  -0.04779
   2.13858  -0.04809
   2.12453  -0.06801
   2.11972  -0.07442
   2.11872  -0.07571
   2.11862  -0.07542
   2.11854  -0.07519
   2.11106  -0.07941
   2.11015  -0.07527
   2.10885  -0.07535
   2.10709  -0.07542
   2.10833  -0.06952
   2.10314  -0.07112
   2.10285  -0.06964
   2.10264  -0.06850
   2.09852  -0.06815
   2.10184  -0.05949
   2.10189  -0.05938
   2.10203  -0.05922
   2.12476  -0.03668
   2.12575  -0.03456
   2.12564  -0.03443
   2.12552  -0.03429
   2.12454  -0.03233
   2.12367  -0.03041
   2.12353  -0.03021
   2.12339  -0.03000
   2.11983  -0.03013
   2.09246  -0.04727
   2.11983  -0.03013
                    
   2.20549   0.03891
   2.20554   0.03887
                    
   2.20729   0.05610
   2.20057   0.04418
   2.20729   0.05610
   2.20768   0.05858
   2.20629   0.05884
   2.20372   0.05817
   2.20061   0.05715
   2.19966   0.05715
   2.19878   0.05709
   2.19588   0.05612
   2.19254   0.05472
   2.19214   0.05462
   2.19198   0.05506
   2.18876   0.05334
   2.18662   0.05199
   2.18570   0.05227
   2.18301   0.05182
   2.18062   0.05126
   2.18042   0.05132
   2.18021   0.05138
   2.17854   0.05355
   2.17765   0.05460
   2.17942   0.06675
   2.17926   0.07144
   2.17754   0.06748
   2.17506   0.05505
   2.17382   0.05433
   2.17151   0.05280
   2.17129   0.05282
   2.17107   0.05284
   2.16902   0.05386
   2.16674   0.05485
   2.16667   0.05485
   2.16659   0.05485
   2.16426   0.05507
   2.16187   0.05518
   2.16184   0.05518
   2.15957   0.05393
   2.15757   0.05267
   2.15738   0.05264
   2.15720   0.05261
   2.15520   0.05172
   2.15333   0.05079
   2.15308   0.05072
   2.15282   0.05065
   2.15090   0.05001
   2.14902   0.04929
   2.14876   0.04920
   2.14850   0.04910
   2.14580   0.05038
   2.14428   0.05099
   2.13852   0.06288
   2.13570   0.06640
   2.13659   0.06198
   2.14149   0.04967
   2.14115   0.04902
   2.13998   0.04656
   2.13983   0.04648
   2.13968   0.04639
   2.13684   0.04681
   2.13655   0.04685
   2.12680   0.05927
   2.12321   0.06206
   2.12191   0.06071
   2.12164   0.05868
   2.12141   0.05615
   2.12053   0.05498
   2.12077   0.05286
   2.12917   0.04118
   2.12911   0.04099
   2.12829   0.03854
   2.12821   0.03846
   2.12813   0.03838
   2.12697   0.03906
   2.11289   0.05138
   2.10273   0.06045
   2.09727   0.06520
   2.09696   0.06387
   2.09672   0.06278
   2.08914   0.06505
   2.09355   0.05705
   2.09290   0.05660
   2.09218   0.05610
   2.09630   0.05283
   2.10262   0.04787
   2.12145   0.03251
   2.12285   0.03090
   2.12275   0.03075
   2.12265   0.03061
   2.12088   0.03171
   2.11296   0.03676
   2.09395   0.04954
   2.08063   0.05837
   2.07815   0.05639
   2.07539   0.05400
   2.07246   0.05439
   2.07327   0.05292
   2.07149   0.04955
   2.06983   0.04613
   2.07436   0.04304
   2.07240   0.04212
   2.07279   0.03888
   2.07320   0.03635
   2.07133   0.03470
   2.07142   0.03239
   2.07050   0.03032
   2.06959   0.02814
   2.07002   0.02590
   2.06992   0.02353
   2.06906   0.02164
   2.06817   0.01957
   2.06830   0.01735
   2.06294   0.01695
   2.06191   0.01379
   2.06091   0.01035
   2.05917   0.00940
   2.05892   0.00872
   2.05560   0.00671
   2.03460   0.00577
   2.02848   0.00529
   2.02502   0.00353
   2.01881  -0.00000
   2.02509  -0.00565
   2.02558  -0.00605
   2.02593  -0.00614
   2.02819  -0.00672
   2.04320  -0.01080
   2.04806  -0.01161
   2.05598  -0.01138
   2.05987  -0.01406
   2.06401  -0.01654
   2.07139  -0.01680
   2.06482  -0.01957
   2.06393  -0.02278
   2.06300  -0.02682
   2.06174  -0.02811
   2.06216  -0.02868
   2.06469  -0.03215
   2.06697  -0.03500
   2.06785  -0.03597
   2.06865  -0.03714
   2.06858  -0.04063
   2.06869  -0.04482
   2.06924  -0.04543
   2.07078  -0.04590
   2.06751  -0.05049
   2.06137  -0.05481
   2.05135  -0.06244
   2.04885  -0.06802
   2.05690  -0.06686
   2.07249  -0.05926
   2.09246  -0.04727
   2.07249  -0.05926
                    
   2.16181   0.05517
   2.16184   0.05518
                    
   2.13910  -0.04783
   2.13906  -0.04781
                    
   1.61985   0.71833
   1.62027   0.71778
   1.62464   0.71204
   1.62533   0.70549
   1.62645   0.69586
   1.62548   0.69246
   1.62208   0.67987
   1.62093   0.66794
   1.61820   0.66193
   1.61609   0.65615
   1.60679   0.62870
   1.60479   0.62221
   1.60315   0.61497
   1.59861   0.59228
   1.59124   0.58153
   1.58895   0.57772
   1.58341   0.56831
   1.56930   0.54738
   1.56161   0.53531
   1.55525   0.51473
   1.55486   0.51337
   1.53961   0.48913
   1.53652   0.48353
   1.53151   0.47418
   1.52001   0.45279
   1.51652   0.44025
   1.51662   0.42604
   1.51635   0.41430
   1.51635   0.39971
   1.51720   0.38516
   1.51806   0.37447
   1.51388   0.35741
   1.51150   0.34106
   1.50935   0.32278
   1.50584   0.31112
   1.50497   0.30856
   1.50387   0.30461
   1.49417   0.27856
   1.48668   0.25604
   1.48577   0.24783
   1.48462   0.22953
   1.48244   0.21574
   1.48119   0.20689
   1.48389   0.19296
   1.48620   0.18233
   1.47708   0.16697
   1.47200   0.15798
   1.47119   0.15418
   1.47043   0.15049
   1.46091   0.12444
   1.46521   0.10666
   1.46774   0.09719
   1.47700   0.09080
   1.48595   0.08485
   1.49933   0.08786
   1.50780   0.08962
   1.51068   0.09336
   1.52662   0.11286
   1.53086   0.12289
   1.54035   0.12343
   1.55372   0.12339
   1.56416   0.12044
   1.57640   0.11704
   1.58915   0.11839
   1.60738   0.11742
   1.61402   0.11797
   1.61762   0.11824
   1.63963   0.11561
   1.64170   0.11638
   1.65694   0.12168
   1.66837   0.12892
   1.67369   0.13209
   1.68536   0.13973
   1.69635   0.14829
   1.70262   0.15289
   1.71433   0.15545
   1.72521   0.16068
   1.73246   0.16174
   1.74690   0.16344
   1.75725   0.16959
   1.76644   0.17462
   1.77504   0.17686
   1.78618   0.17742
   1.79551   0.17684
   1.81018   0.17551
   1.81671   0.18217
   1.82676   0.19177
   1.83136   0.19359
   1.83319   0.19375
   1.83537   0.19400
   1.84438   0.19248
   1.86144   0.18743
   1.86845   0.18517
   1.87534   0.18559
   1.89343   0.18582
   1.89787   0.18556
   1.90139   0.18575
   1.90483   0.18863
   1.91252   0.19502
   1.91850   0.19970
   1.92404   0.20359
   1.93977   0.20321
   1.94321   0.20298
   1.94432   0.20375
   1.94571   0.20470
   1.95922   0.20745
   1.96605   0.20873
   1.97168   0.21279
   1.97808   0.21717
   1.98326   0.21857
   1.98660   0.21968
   1.99632   0.22200
   2.00424   0.22356
   2.00876   0.22277
   2.01027   0.22335
   2.01853   0.22030
   2.03037   0.21395
   2.03172   0.21316
   2.03481   0.21300
   2.04416   0.21219
   2.05123   0.21992
   2.05196   0.22034
   2.05267   0.22076
   2.05602   0.22475
   2.05984   0.22908
   2.06843   0.23383
   2.06940   0.23483
   2.07080   0.23625
   2.07910   0.24059
   2.09057   0.23985
   2.09109   0.23970
   2.09139   0.23961
   2.09342   0.23956
   2.10260   0.23911
   2.11172   0.23995
   2.11344   0.24009
   2.11535   0.24023
   2.12424   0.24059
   2.13350   0.24652
   2.13416   0.24688
   2.13465   0.24715
   2.13736   0.24879
   2.14454   0.25288
   2.15522   0.25141
   2.15569   0.25138
   2.15612   0.25135
   2.16084   0.25044
   2.16667   0.24918
   2.17499   0.24432
   2.17728   0.24315
   2.18053   0.24143
   2.18740   0.23694
   2.19398   0.23828
   2.19826   0.23998
   2.20113   0.24106
   2.20929   0.24170
   2.21592   0.23704
   2.21899   0.23602
   2.22230   0.23487
   2.22846   0.23063
   2.23577   0.23102
   2.23866   0.22832
   2.24269   0.22436
   2.24899   0.22619
   2.25667   0.22525
   2.25982   0.22489
   2.26237   0.22456
   2.27064   0.22296
   2.27651   0.21705
   2.27928   0.21632
   2.28162   0.21568
   2.28788   0.20995
   2.29953   0.21003
   2.30018   0.20958
   2.30085   0.20912
   2.30342   0.20989
   2.31586   0.21306
   2.32059   0.20407
   2.32272   0.20337
   2.32557   0.20240
   2.32529   0.19389
   2.32491   0.18859
   2.32878   0.19098
   2.34036   0.19765
   2.34854   0.19848
   2.35838   0.19902
   2.36256   0.19658
   2.36300   0.19634
   2.36395   0.19618
   2.37179   0.18796
   2.37930   0.17943
   2.38086   0.17973
   2.38627   0.18005
   2.39928   0.17849
   2.40433   0.17766
   2.41268   0.17959
   2.42697   0.18227
   2.43297   0.18055
   2.43999   0.17413
   2.44906   0.16520
   2.45083   0.16406
   2.45196   0.16370
   2.45373   0.16366
   2.46628   0.16572
   2.48280   0.16837
   2.48652   0.16886
   2.49010   0.16837
   2.51387   0.16385
   2.51558   0.16368
   2.52184   0.16562
   2.54046   0.17121
   2.55785   0.17606
   2.56539   0.17804
   2.57755   0.17019
   2.58666   0.16380
   2.60006   0.16389
   2.61588   0.16350
   2.62239   0.16115
   2.62841   0.15970
   2.64236   0.14998
   2.65063   0.14374
   2.66125   0.14251
   2.68500   0.13889
   2.68639   0.13724
   2.68934   0.13396
   2.70161   0.13228
   2.71718   0.12754
   2.72092   0.12631
   2.73550   0.12611
   2.74259   0.12592
   2.76118   0.12390
   2.76835   0.12449
   2.77724   0.12519
   2.79283   0.12420
   2.80908   0.14242
   2.81135   0.14513
   2.81223   0.14929
   2.81676   0.17419
   2.82105   0.18372
   2.82331   0.19848
   2.82484   0.20752
   2.82729   0.22444
   2.82427   0.23935
   2.82006   0.26349
   2.81915   0.27027
   2.81868   0.27358
   2.81457   0.28920
   2.81132   0.30061
   2.81256   0.31928
   2.81076   0.33529
   2.80827   0.35299
   2.81183   0.36109
   2.81443   0.37398
   2.81635   0.38481
   2.81853   0.39900
   2.81637   0.41391
   2.81345   0.43097
   2.81160   0.44244
   2.80861   0.44950
   2.80255   0.46343
   2.79423   0.48155
   2.78990   0.49050
   2.77812   0.51307
   2.77823   0.51456
   2.77917   0.53297
   2.76899   0.55193
   2.76109   0.56581
   2.75949   0.57702
   2.75567   0.58900
   2.75665   0.60054
   2.75758   0.61523
   2.75982   0.62622
   2.76232   0.64375
   2.76310   0.64548
   2.76367   0.64678
   2.76322   0.65102
   2.76097   0.66902
   2.76437   0.67285
   2.76623   0.67493
                    
   1.99184  -0.22784
   2.00817  -0.22636
   1.99184  -0.22784
   1.98431  -0.22808
   1.97474  -0.22873
   1.96192  -0.22551
   1.96071  -0.22517
   1.96031  -0.22520
   1.95902  -0.22528
   1.94327  -0.22339
   1.93665  -0.22120
   1.92615  -0.22039
   1.91982  -0.21967
   1.91148  -0.21725
   1.90764  -0.21735
   1.89607  -0.21602
   1.88943  -0.21273
   1.88560  -0.21073
   1.87867  -0.21296
   1.85218  -0.22021
   1.84562  -0.20453
   1.84111  -0.19235
   1.83852  -0.18945
   1.83561  -0.18908
   1.83143  -0.18710
   1.81794  -0.19132
   1.80391  -0.19350
   1.79976  -0.19406
   1.77934  -0.20163
   1.76613  -0.19302
   1.76253  -0.18845
   1.74369  -0.17868
   1.74105  -0.17630
   1.73981  -0.17517
   1.73775  -0.17527
   1.73228  -0.17550
   1.70956  -0.17252
   1.70458  -0.17204
   1.69352  -0.17221
   1.67919  -0.16517
   1.67194  -0.16131
   1.66112  -0.15940
   1.65052  -0.15725
   1.63343  -0.15951
   1.62364  -0.15639
   1.60619  -0.15018
   1.60035  -0.14680
   1.59484  -0.14336
   1.58351  -0.14420
   1.56898  -0.14245
   1.56205  -0.14150
   1.54461  -0.14334
   1.52752  -0.14935
   1.52206  -0.15336
   1.51089  -0.16185
   1.50117  -0.16640
   1.49675  -0.17206
   1.49687  -0.17947
   1.49374  -0.20298
   1.49183  -0.21278
   1.49152  -0.21445
   1.49209  -0.21991
   1.49520  -0.24439
   1.49891  -0.26401
   1.50188  -0.27536
   1.50647  -0.29158
   1.51047  -0.30599
   1.51147  -0.31427
   1.51202  -0.32818
   1.50928  -0.34221
   1.50726  -0.35409
   1.50600  -0.36563
   1.50460  -0.38224
   1.50406  -0.39387
   1.51407  -0.41575
   1.52678  -0.44115
   1.52866  -0.44526
   1.52899  -0.44651
   1.52236  -0.47291
   1.52043  -0.48182
   1.52567  -0.49185
   1.53525  -0.50929
   1.54138  -0.52468
   1.54419  -0.52966
   1.54716  -0.53824
   1.55079  -0.56435
   1.55183  -0.57060
   1.55448  -0.57789
   1.56413  -0.60254
   1.56740  -0.61297
   1.57191  -0.62469
   1.57292  -0.64796
   1.57191  -0.62469
                    
   2.01766  -0.23389
   2.00817  -0.22636
   2.01766  -0.23389
   2.02687  -0.24057
   2.02758  -0.24091
   2.02826  -0.24108
   2.03742  -0.24828
   2.04569  -0.25426
   2.04786  -0.25479
   2.04970  -0.25468
   2.05985  -0.25788
   2.07102  -0.26092
   2.07171  -0.26089
   2.07221  -0.26110
   2.08317  -0.26481
   2.09428  -0.26806
   2.09480  -0.26823
   2.09534  -0.26846
   2.10604  -0.27347
   2.11532  -0.27736
   2.11763  -0.27811
   2.12017  -0.27866
   2.13008  -0.27788
   2.14199  -0.27643
   2.14248  -0.27650
   2.14296  -0.27650
   2.14484  -0.27547
   2.15508  -0.26529
   2.15954  -0.26034
   2.16667  -0.25686
   2.17358  -0.26086
   2.17825  -0.26535
   2.18995  -0.27535
   2.19061  -0.27574
   2.19079  -0.27579
   2.19100  -0.27577
   2.20274  -0.27397
   2.19100  -0.27577
                    
   2.21411  -0.27139
   2.20274  -0.27397
   2.21411  -0.27139
   2.21451  -0.27133
   2.21496  -0.27106
   2.22517  -0.26390
   2.23156  -0.25898
   2.23534  -0.25630
   2.24011  -0.25575
   2.24909  -0.26142
   2.25168  -0.26293
   2.26096  -0.26449
   2.26293  -0.26448
   2.26382  -0.26255
   2.27249  -0.25549
   2.27300  -0.25505
   2.27645  -0.24457
   2.27931  -0.24156
   2.28340  -0.23910
   2.28812  -0.23331
   2.29114  -0.22939
   2.29691  -0.22559
   2.30294  -0.22139
   2.30688  -0.22009
   2.31176  -0.21838
   2.31670  -0.21427
   2.32264  -0.21281
   2.32841  -0.21078
   2.33603  -0.20783
   2.33989  -0.20644
   2.34297  -0.20660
   2.34767  -0.20880
   2.35967  -0.21062
   2.36826  -0.21149
   2.38145  -0.21478
   2.38501  -0.20388
   2.38076  -0.19618
   2.37321  -0.18357
   2.37004  -0.17541
   2.37125  -0.17166
   2.37463  -0.16962
   2.38434  -0.17023
   2.39560  -0.17567
   2.40568  -0.18022
   2.41249  -0.17985
   2.42223  -0.17895
   2.43217  -0.17898
   2.44249  -0.18197
   2.45607  -0.18437
   2.46514  -0.18563
   2.47117  -0.18859
   2.47957  -0.19264
   2.49579  -0.19767
   2.50355  -0.20009
   2.51881  -0.20331
   2.52567  -0.20037
   2.53467  -0.19620
   2.54032  -0.19451
   2.56117  -0.18719
   2.56314  -0.18578
   2.56423  -0.18539
   2.59467  -0.17750
   2.59482  -0.17745
   2.59508  -0.17746
   2.62197  -0.17722
   2.63059  -0.17518
   2.64259  -0.17322
   2.65355  -0.16693
   2.66173  -0.16189
   2.67271  -0.15955
   2.68285  -0.15712
   2.70125  -0.16190
   2.70802  -0.16207
   2.71990  -0.16223
   2.73264  -0.16497
   2.74162  -0.16258
   2.74471  -0.15489
   2.76433  -0.14253
   2.76981  -0.13882
   2.78143  -0.13629
   2.79079  -0.13407
   2.79743  -0.13984
   2.80697  -0.14848
   2.80969  -0.15989
   2.81249  -0.17305
   2.80291  -0.19641
   2.80208  -0.20035
   2.80099  -0.20531
   2.79040  -0.22360
   2.78870  -0.22640
   2.78901  -0.22742
   2.79406  -0.24509
   2.79262  -0.25928
   2.78838  -0.28991
   2.79123  -0.32513
   2.79144  -0.32980
   2.78810  -0.34240
   2.78406  -0.35645
   2.78815  -0.37186
   2.78480  -0.39265
   2.78556  -0.39428
   2.79265  -0.41023
   2.79531  -0.41830
   2.80333  -0.44579
   2.78213  -0.47226
   2.76266  -0.49464
   2.76069  -0.49845
   2.75950  -0.50037
   2.75907  -0.50312
   2.75494  -0.53905
   2.75475  -0.54028
   2.75402  -0.54202
   2.73993  -0.57326
   2.73577  -0.58307
   2.73029  -0.59650
   2.73202  -0.61698
   2.73230  -0.62139
   2.73093  -0.62476
   2.71721  -0.65611
   2.71410  -0.66213
   2.71124  -0.66889
   2.71242  -0.67767
   2.71160  -0.68951
   2.71117  -0.69469
   2.71431  -0.70772
   2.71871  -0.71340
   2.71916  -0.71398
                    
   1.82900   0.83725
   1.82963   0.83568
   1.83196   0.82991
   1.84972   0.83086
   1.86490   0.82910
   1.87780   0.83002
   1.89394   0.83088
   1.90488   0.83027
   1.92695   0.82856
   1.92386   0.81381
   1.92455   0.80629
   1.92513   0.80028
   1.91890   0.78582
   1.91726   0.78184
   1.90813   0.76662
   1.89878   0.75300
   1.89480   0.74694
   1.88454   0.73397
   1.88747   0.72534
   1.87157   0.71242
   1.85857   0.70126
   1.84644   0.68674
   1.84576   0.68351
   1.84247   0.66631
   1.82995   0.65029
   1.82887   0.64890
   1.81663   0.63251
   1.80741   0.62225
   1.79859   0.60657
   1.79389   0.59770
   1.78878   0.59316
   1.78094   0.58600
   1.76787   0.56954
   1.76293   0.56247
   1.75412   0.54807
   1.75192   0.54051
   1.74803   0.52595
   1.73835   0.51045
   1.73458   0.50233
   1.72871   0.48893
   1.72471   0.48231
   1.71660   0.46825
   1.71079   0.45587
   1.70780   0.45088
   1.69588   0.43140
   1.69541   0.43061
   1.69263   0.41268
   1.69246   0.39790
   1.69471   0.39342
   1.70303   0.37764
   1.70801   0.37037
   1.71570   0.36883
   1.73142   0.36041
   1.74856   0.35083
   1.75277   0.35105
   1.76256   0.35753
   1.77690   0.35716
   1.78635   0.35662
   1.78973   0.35048
   1.79133   0.34763
   1.81051   0.33446
   1.82177   0.33838
   1.82636   0.34031
   1.83903   0.34375
   1.84827   0.34747
   1.85311   0.34931
   1.86150   0.34866
   1.87542   0.34709
   1.88499   0.34853
   1.89953   0.34542
   1.90118   0.34599
   1.91597   0.35076
   1.91925   0.35335
   1.92553   0.35460
   1.93686   0.36072
   1.94694   0.36580
   1.95692   0.36329
   1.96935   0.36857
   1.97375   0.37059
   1.97784   0.37241
   1.99088   0.37697
   2.00220   0.38437
   2.00521   0.38978
   2.01672   0.40840
   2.01772   0.40922
   2.04097   0.39145
   2.04246   0.39019
   2.04384   0.38957
   2.04939   0.38697
   2.06557   0.37728
   2.06918   0.37723
   2.07692   0.37328
   2.08400   0.37289
   2.09728   0.37176
   2.10100   0.37243
   2.10485   0.37293
   2.11701   0.37718
   2.13297   0.38204
   2.13324   0.38205
   2.13356   0.38202
   2.14997   0.38243
   2.16549   0.38216
   2.16667   0.38192
   2.16806   0.38183
   2.18319   0.37853
   2.19471   0.37555
   2.19946   0.37488
   2.20431   0.37462
   2.21589   0.37388
   2.22827   0.37270
   2.23229   0.37218
   2.23616   0.37150
   2.24869   0.36999
   2.26262   0.36782
   2.26506   0.36719
   2.26737   0.36686
   2.28136   0.36376
   2.29658   0.35975
   2.29752   0.35952
   2.29820   0.35983
   2.29860   0.36054
   2.30308   0.36485
   2.31822   0.38219
   2.32248   0.38674
   2.32599   0.38463
   2.32879   0.38292
   2.34544   0.38339
   2.35557   0.37187
   2.35919   0.36983
   2.36259   0.36786
   2.36500   0.36013
   2.36810   0.34889
   2.38454   0.34866
   2.38751   0.34853
   2.38857   0.34832
   2.39038   0.34794
   2.40828   0.34507
   2.41744   0.34534
   2.42868   0.34146
   2.44676   0.33437
   2.44715   0.33427
   2.44733   0.33404
   2.46083   0.32102
   2.47285   0.30842
   2.47360   0.30693
   2.47509   0.30621
   2.47955   0.30460
   2.49768   0.30332
   2.50631   0.30234
   2.52132   0.29759
   2.52172   0.29771
   2.53893   0.30269
   2.54601   0.30791
   2.56888   0.31370
   2.57312   0.31578
   2.57572   0.31704
   2.57806   0.31567
   2.58306   0.31269
   2.60307   0.30557
   2.60667   0.29984
   2.61918   0.29387
   2.62356   0.30735
   2.62763   0.32277
   2.62823   0.32603
   2.63071   0.34172
   2.63704   0.35537
   2.63654   0.36055
   2.63455   0.37710
   2.63735   0.39495
   2.63455   0.37710
                    
   1.87867  -0.21296
   1.85218  -0.22021
   1.84562  -0.20453
                    
   2.46321   0.35603
   2.45318   0.34145
   2.46632   0.35341
   2.48076   0.36613
   2.48330   0.37209
   2.48363   0.37485
   2.48272   0.37666
   2.48079   0.37757
   2.47816   0.37641
   2.47477   0.37327
   2.46321   0.35603
                    
   1.79976  -0.19406
   1.77934  -0.20163
   1.76613  -0.19302
                    
   2.42118  -0.80723
   2.41483  -0.80822
   2.38635  -0.81989
   2.37006  -0.82806
   2.35166  -0.83446
   2.32427  -0.84311
   2.31585  -0.84608
   2.29947  -0.84350
   2.27688  -0.83716
   2.27427  -0.83638
   2.26272  -0.83636
   2.23979  -0.83585
   2.21108  -0.83614
   2.20324  -0.83767
   2.19855  -0.83855
   2.16667  -0.83818
   2.13384  -0.83904
   2.13005  -0.83869
   2.12551  -0.83824
   2.09333  -0.83819
   2.08204  -0.83760
   2.05836  -0.83585
   2.05663  -0.83578
   2.05428  -0.83567
   2.01996  -0.83201
   1.99401  -0.83039
   1.98196  -0.83314
   1.96038  -0.83751
   1.94889  -0.83747
   1.94040  -0.84443
   1.92351  -0.83589
   1.92384  -0.82765
   1.91002  -0.81397
   1.90170  -0.80533
   1.88296  -0.79262
   1.87915  -0.78993
   1.85142  -0.77687
   1.84625  -0.77354
   1.83628  -0.76696
   1.81484  -0.75451
   1.81144  -0.74459
   1.80285  -0.73561
   1.79599  -0.71206
   1.79521  -0.70911
   1.79321  -0.70662
   1.77362  -0.68078
   1.77214  -0.67341
   1.77134  -0.66917
   1.75902  -0.63987
   1.75789  -0.63692
   1.75516  -0.63311
   1.73952  -0.61003
   1.73313  -0.59991
   1.72034  -0.58166
   1.71882  -0.57939
   1.71039  -0.56202
   1.70368  -0.55177
   1.70366  -0.53762
   1.70400  -0.52451
   1.69696  -0.51259
   1.68249  -0.48594
   1.68245  -0.48517
   1.68226  -0.48441
   1.68393  -0.45388
   1.68443  -0.44849
   1.68291  -0.44328
   1.67748  -0.42275
   1.67573  -0.41195
   1.67474  -0.40989
   1.67435  -0.40637
   1.67818  -0.38955
   1.68197  -0.37761
   1.68295  -0.37470
   1.68320  -0.37098
   1.68630  -0.34174
   1.70855  -0.35152
   1.71700  -0.35487
   1.72398  -0.35124
   1.73441  -0.34569
   1.74911  -0.34173
   1.75437  -0.33786
   1.76868  -0.33395
   1.77654  -0.33574
   1.78834  -0.33809
   1.79493  -0.34064
   1.81146  -0.34645
   1.81849  -0.34818
   1.82086  -0.34850
   1.82382  -0.34809
   1.84222  -0.35407
   1.85276  -0.35705
   1.86360  -0.36119
   1.87458  -0.37004
   1.87804  -0.37615
   1.88541  -0.38842
   1.89165  -0.39277
   1.90308  -0.39560
   1.91347  -0.39744
   1.91850  -0.39823
   1.93480  -0.40161
   1.94701  -0.41354
   1.94907  -0.41799
   1.95841  -0.43636
   1.96141  -0.44018
   1.98342  -0.42558
   1.98783  -0.42237
   1.99277  -0.41982
   2.01249  -0.40854
   2.01688  -0.40894
   2.01775  -0.40915
   2.01856  -0.40953
   2.03597  -0.41451
   2.05230  -0.41848
   2.05434  -0.41919
   2.05690  -0.41926
   2.07286  -0.42312
   2.08896  -0.42637
   2.09157  -0.42589
   2.09487  -0.42628
   2.11035  -0.42779
   2.12468  -0.42869
   2.12915  -0.42887
   2.13406  -0.42891
   2.14794  -0.42900
   2.16073  -0.42868
   2.16667  -0.42827
   2.17448  -0.42605
   2.18522  -0.42501
   2.19494  -0.42383
   2.20337  -0.41957
   2.21179  -0.42339
   2.22253  -0.42432
   2.23727  -0.42514
   2.24179  -0.42603
   2.24478  -0.42556
   2.26054  -0.42342
   2.27786  -0.42038
   2.27922  -0.42005
   2.28046  -0.41989
   2.29277  -0.41806
   2.30070  -0.42511
   2.30940  -0.43236
   2.31990  -0.42101
   2.33880  -0.42508
   2.34346  -0.42682
   2.34425  -0.42710
   2.34753  -0.42659
   2.36419  -0.42358
   2.37736  -0.42659
   2.38642  -0.43637
   2.39983  -0.44791
   2.40533  -0.45240
   2.41334  -0.45175
   2.42666  -0.45032
   2.43166  -0.44125
   2.43641  -0.43206
   2.43651  -0.42357
   2.43619  -0.40751
   2.43426  -0.39680
   2.43942  -0.38953
   2.44800  -0.38740
   2.45983  -0.38206
   2.47684  -0.37363
   2.47931  -0.37260
   2.48075  -0.37191
   2.48636  -0.36946
   2.50547  -0.36974
   2.51407  -0.36953
   2.52967  -0.36490
   2.53110  -0.36444
   2.54748  -0.36343
   2.56384  -0.36522
   2.56693  -0.36677
   2.58287  -0.37448
   2.58855  -0.37596
   2.60683  -0.38020
   2.61519  -0.38258
   2.61593  -0.41167
   2.61588  -0.41543
   2.61704  -0.41795
   2.61956  -0.42353
   2.62513  -0.44420
   2.62436  -0.45097
   2.62338  -0.45671
   2.61630  -0.47246
   2.60879  -0.48250
   2.60379  -0.48896
   2.60336  -0.49834
   2.60179  -0.51856
   2.59953  -0.52578
   2.59837  -0.53311
   2.58736  -0.54826
   2.57623  -0.56269
   2.56856  -0.57397
   2.54861  -0.59650
   2.54725  -0.59740
   2.54596  -0.59825
   2.54528  -0.60006
   2.53169  -0.63224
   2.53071  -0.63400
   2.52955  -0.63606
   2.51142  -0.66226
   2.50666  -0.66868
   2.50021  -0.67743
   2.48920  -0.69167
   2.48092  -0.70229
   2.47580  -0.71309
   2.47133  -0.73552
   2.47076  -0.73810
   2.46998  -0.73945
   2.46204  -0.75260
   2.45215  -0.76940
   2.45218  -0.77208
   2.45316  -0.78715
   2.44472  -0.79462
   2.43202  -0.80541
   2.42118  -0.80723
                    
   2.29690  -0.44467
   2.28337  -0.43554
   2.28255  -0.44863
   2.28120  -0.46350
   2.28590  -0.47381
   2.29022  -0.47844
   2.29511  -0.47935
   2.30181  -0.47817
   2.30509  -0.46856
   2.30338  -0.44871
   2.29690  -0.44467
                    
   2.41741   0.48168
   2.43344   0.48032
   2.44064   0.47454
   2.44458   0.46982
   2.44585   0.46172
   2.44065   0.44858
   2.43789   0.43744
   2.43649   0.43209
   2.42714   0.41336
   2.41431   0.40239
   2.39980   0.40381
   2.39105   0.41555
   2.38977   0.42858
   2.38895   0.43509
   2.39981   0.45477
   2.40011   0.45872
   2.40076   0.46989
   2.40882   0.48217
   2.41741   0.48168
                    
   2.33586   0.48610
   2.32444   0.48392
   2.31661   0.47555
   2.30927   0.46731
   2.31173   0.46007
   2.31540   0.44815
   2.32536   0.43600
   2.34064   0.43940
   2.35237   0.44832
   2.35553   0.45060
   2.35688   0.45921
   2.35884   0.47313
   2.35160   0.48033
   2.34409   0.48746
   2.33586   0.48610
                    
   1.95625   0.42776
   1.94909   0.43746
   1.94557   0.44969
   1.95303   0.45814
   1.96459   0.45939
   1.97932   0.45123
   1.98108   0.43262
   1.96854   0.42489
   1.95625   0.42776
                    
   1.91922  -0.49664
   1.91752  -0.47860
   1.91922  -0.49664
   1.92975  -0.50807
   1.94578  -0.51015
   1.95673  -0.50683
   1.96986  -0.50239
   1.96754  -0.48072
   1.96723  -0.47672
   1.96651  -0.47419
   1.95942  -0.44445
   1.93382  -0.45903
   1.93012  -0.46093
   1.91752  -0.47860
   1.93012  -0.46093
                    
   2.40797   0.76532
   2.37907   0.79270
   2.40797   0.76532
   2.41021   0.76306
   2.41267   0.76043
   2.43448   0.73580
   2.43712   0.73143
   2.43678   0.72877
   2.45600   0.69851
   2.45643   0.69778
   2.45736   0.69689
   2.48065   0.67333
   2.48826   0.66588
   2.50518   0.65027
   2.50727   0.64827
   2.51828   0.63270
   2.52710   0.62428
   2.54407   0.60081
   2.54583   0.59824
   2.54705   0.59709
   2.54912   0.59511
   2.56775   0.57280
   2.57306   0.56258
   2.58650   0.54714
   2.59733   0.53394
   2.59636   0.52585
   2.58720   0.51205
   2.57599   0.49547
   2.57429   0.49127
   2.57405   0.48900
   2.57517   0.48684
   2.57765   0.48517
   2.58183   0.48492
   2.60620   0.47967
   2.61577   0.47726
   2.62834   0.46167
   2.63147   0.45038
   2.63684   0.43178
   2.63661   0.43062
   2.63281   0.41371
   2.63735   0.39495
   2.63281   0.41371
                    
   2.84152   0.06884
   2.84826   0.07744
   2.85581   0.06866
   2.85866   0.06054
   2.85571   0.05374
   2.85087   0.04941
   2.84551   0.05281
   2.84296   0.05917
   2.84152   0.06884
                    
   2.79262  -0.25928
   2.78838  -0.28991
   2.79123  -0.32513
                    
   1.45328   0.24749
   1.46513   0.25534
   1.46229   0.27206
   1.46065   0.28335
   1.44526   0.28920
   1.43236   0.28375
   1.42275   0.27076
   1.42144   0.25438
   1.42814   0.24217
   1.44276   0.24013
   1.45328   0.24749
                    
   2.79531  -0.41830
   2.80333  -0.44579
   2.78213  -0.47226
                    
   3.05726  -0.14784
   3.05125  -0.14684
   3.04945  -0.14654
   3.04441  -0.13977
   3.03564  -0.13139
   3.03074  -0.12684
   3.02277  -0.11271
   3.02199  -0.11136
   3.00978  -0.09848
   3.00517  -0.07513
   3.00478  -0.07333
   2.99614  -0.05449
   2.99447  -0.03614
   2.99079  -0.00584
   2.98925   0.00000
   2.99093   0.00609
   2.99321   0.03609
   2.99416   0.05739
   3.00554   0.07085
   3.00777   0.07359
   3.01371   0.09300
   3.02347   0.09933
   3.03707   0.11135
   3.03821   0.11309
   3.03860   0.11368
   3.04120   0.11513
   3.05318   0.12199
   3.05997   0.12293
   3.06102   0.12307
                    
   2.34532   0.80585
   2.37907   0.79270
   2.34532   0.80585
   2.32345   0.81346
   2.31029   0.81453
   2.29931   0.81657
   2.27494   0.82239
   2.25678   0.82621
   2.23912   0.82816
   2.22051   0.82990
   2.20296   0.83120
   2.18650   0.83207
   2.16667   0.83264
   2.14098   0.83526
   2.13026   0.83380
   2.11522   0.83152
   2.09346   0.83676
   2.06224   0.83240
   2.05775   0.82733
   2.04435   0.81149
   2.03392   0.80444
   2.02595   0.79803
   2.01015   0.79583
   1.98927   0.80020
   1.98671   0.80069
   1.98719   0.80955
   1.98791   0.82083
   1.98958   0.82302
   1.99809   0.83392
   2.00455   0.84717
   2.00799   0.85153
   1.98738   0.86037
   1.98257   0.86231
   1.98207   0.87562
   1.98082   0.88152
   1.98044   0.88336
                    
   1.27609   0.14793
   1.28211   0.14693
   1.28390   0.14663
   1.28821   0.14281
   1.29826   0.13511
   1.30473   0.13031
   1.31295   0.12306
   1.33045   0.11374
   1.33287   0.11622
   1.35169   0.13455
   1.34008   0.10882
   1.33625   0.09972
   1.34283   0.07208
   1.33954   0.05792
   1.33639   0.03625
   1.33444   0.02013
   1.33018  -0.00000
   1.32493  -0.01418
   1.32016  -0.02791
   1.30950  -0.03742
   1.30512  -0.04146
   1.29925  -0.05978
   1.29594  -0.07618
   1.29271  -0.09265
   1.29035  -0.10607
   1.28204  -0.11646
   1.27980  -0.11935
   1.27247  -0.12034
   1.27195  -0.12041
                    
   2.47979  -0.84674
   2.47737  -0.84019
   2.47704  -0.83932
   2.47610  -0.83783
   2.46835  -0.82888
   2.46210  -0.82771
   2.44655  -0.82452
   2.42899  -0.83199
   2.41717  -0.83675
   2.39194  -0.84075
   2.36568  -0.85602
   2.36079  -0.85872
   2.36035  -0.87365
   2.36206  -0.88138
   2.36035  -0.87365
   2.36079  -0.85872
                    
   1.57292  -0.64796
   1.57566  -0.67194
   1.57292  -0.64796
                    
   1.57044  -0.67788
   1.57287  -0.67511
   1.57566  -0.67194
                    
   4.65052   0.16639
   4.66582   0.19196
   4.65052   0.16639
   4.64988   0.16544
   4.64927   0.16447
   4.63244   0.14044
   4.63099   0.13981
   4.60730   0.13311
   4.59455   0.12910
   4.58099   0.12258
   4.57202   0.11672
   4.57179   0.11119
   4.56232   0.10160
   4.55590   0.09562
   4.53618   0.08948
   4.52082   0.08052
   4.51341   0.07768
   4.50348   0.07381
   4.49780   0.06812
   4.48878   0.06006
   4.47749   0.05606
   4.46571   0.05053
   4.44092   0.03969
   4.43769   0.03863
   4.42916   0.03969
   4.42445   0.03992
   4.41884   0.03987
   4.41246   0.03847
   4.40561   0.03661
   4.39864   0.03400
   4.38214   0.02682
   4.38059   0.02717
   4.38054   0.02726
   4.38049   0.02734
   4.37889   0.02902
   4.37730   0.03056
   4.37719   0.03071
   4.37709   0.03086
   4.37549   0.03235
   4.37390   0.03372
   4.37374   0.03391
   4.37359   0.03409
   4.37181   0.03525
   4.37007   0.03628
   4.36984   0.03651
   4.36961   0.03674
   4.36838   0.03825
   4.36706   0.03974
   4.36684   0.03993
   4.36661   0.04011
   4.36476   0.04096
   4.36297   0.04170
   4.36268   0.04191
   4.36238   0.04211
   4.36137   0.04401
   4.36015   0.04603
   4.35997   0.04614
   4.35979   0.04624
   4.35720   0.04585
   4.35495   0.04536
   4.35457   0.04554
   4.35419   0.04572
   4.35211   0.04534
   4.35026   0.04490
   4.34975   0.04509
   4.34922   0.04528
   4.34772   0.04563
   4.34623   0.04593
   4.34568   0.04608
   4.34513   0.04622
   4.34371   0.04680
   4.34223   0.04735
   4.34170   0.04745
   4.34116   0.04754
   4.33965   0.04801
   4.33809   0.04844
   4.33758   0.04849
   4.33706   0.04853
   4.33546   0.04867
   4.33384   0.04877
   4.33333   0.04877
   4.33282   0.04877
   4.33119   0.04918
   4.32945   0.04955
   4.32900   0.04952
   4.32855   0.04947
   4.32692   0.04871
   4.32541   0.04792
   4.32490   0.04783
   4.32439   0.04774
   4.32273   0.04781
   4.32101   0.04782
   4.32055   0.04770
   4.32010   0.04758
   4.31834   0.04756
   4.31650   0.04746
   4.31611   0.04732
   4.31572   0.04718
   4.31387   0.04700
   4.31192   0.04672
   4.31161   0.04658
   4.31130   0.04643
   4.30803   0.04861
   4.30712   0.04914
   4.30050   0.05865
   4.29813   0.06098
   4.29886   0.05789
   4.30424   0.04749
   4.30446   0.04533
   4.30520   0.04097
   4.30482   0.04072
   4.30445   0.04045
   4.30226   0.04049
   4.29979   0.04038
   4.29959   0.04021
   4.29939   0.04005
   4.29639   0.04167
   4.28713   0.05042
   4.27959   0.05689
   4.27478   0.05856
   4.27598   0.05409
   4.28035   0.04855
   4.29123   0.03645
   4.29199   0.03487
   4.29190   0.03477
   4.29181   0.03466
   4.28945   0.03367
   4.28872   0.03333
   4.28213   0.03647
   4.27902   0.03803
   4.27757   0.03793
   4.28196   0.03273
   4.28572   0.02889
   4.28538   0.02772
   4.28537   0.02769
   4.28501   0.02769
   4.27896   0.03085
   4.25613   0.04220
   4.24872   0.04557
   4.24166   0.04772
   4.23380   0.04974
   4.21908   0.05634
   4.20604   0.06222
   4.18980   0.06929
   4.18305   0.07202
   4.17140   0.07937
   4.17361   0.07448
   4.15470   0.08094
   4.14076   0.08525
   4.12851   0.08484
   4.14076   0.08525
                    
   4.28535   0.02767
   4.28537   0.02769
                    
   4.52310  -0.15923
   4.53208  -0.15250
   4.51237  -0.13075
   4.49777  -0.12242
   4.49139  -0.11609
   4.47273  -0.09882
   4.47243  -0.10673
   4.47192  -0.11242
   4.46502  -0.11050
   4.46341  -0.11035
   4.46463  -0.12031
   4.46496  -0.12594
   4.46082  -0.12748
   4.46641  -0.14405
   4.46670  -0.14510
   4.46743  -0.14634
   4.47864  -0.16744
   4.50126  -0.18326
   4.50228  -0.18391
   4.50341  -0.18393
   4.51692  -0.18359
   4.52016  -0.17382
   4.52136  -0.17230
   4.52248  -0.17086
   4.52295  -0.16371
   4.52310  -0.15923
   4.53208  -0.15250
   4.53226  -0.13929
   4.53159  -0.13180
   4.51748  -0.12346
   4.50891  -0.11839
   4.49528  -0.11061
   4.47134  -0.09619
   4.47001  -0.09534
   4.46960  -0.09527
   4.46945  -0.09531
   4.46918  -0.09537
   4.46427  -0.10047
   4.45959  -0.10495
   4.45807  -0.10467
   4.45417  -0.10414
   4.44476  -0.10210
   4.44147  -0.10121
   4.43430  -0.09941
   4.43209  -0.09876
   4.42196  -0.09284
   4.41086  -0.08460
   4.40811  -0.08240
   4.40187  -0.07962
   4.40089  -0.08051
   4.39903  -0.08066
   4.39589  -0.08153
   4.39325  -0.08217
   4.39070  -0.08193
   4.38849  -0.08282
   4.38590  -0.08251
   4.38400  -0.08222
   4.38136  -0.08319
   4.37881  -0.08449
   4.37744  -0.08473
   4.37622  -0.08493
   4.37350  -0.08613
   4.37104  -0.08779
   4.36990  -0.08827
   4.36874  -0.08874
   4.36617  -0.09023
   4.36251  -0.08934
   4.36145  -0.08918
   4.36056  -0.08904
   4.35683  -0.08767
   4.35253  -0.08631
   4.35247  -0.08632
   4.35241  -0.08634
   4.35177  -0.08603
   4.34817  -0.08415
   4.34483  -0.08329
   4.34423  -0.08280
   4.34344  -0.08213
   4.34041  -0.08088
   4.33781  -0.08018
   4.33678  -0.07891
   4.33540  -0.07710
   4.33333  -0.07613
   4.33128  -0.07700
   4.32991  -0.07834
   4.32880  -0.07936
   4.32633  -0.08002
   4.32395  -0.07921
   4.32286  -0.07952
   4.32188  -0.07978
   4.31942  -0.07888
   4.31640  -0.08009
   4.31545  -0.08067
   4.31470  -0.08111
   4.31137  -0.08198
   4.30775  -0.08418
   4.30674  -0.08474
   4.30662  -0.08474
   4.30648  -0.08474
   4.30186  -0.08647
   4.29820  -0.08749
   4.29684  -0.08810
   4.29489  -0.08891
   4.29153  -0.08964
   4.28880  -0.09057
   4.28556  -0.09177
   4.28049  -0.09330
   4.27932  -0.09355
   4.27858  -0.09356
   4.27567  -0.09052
   4.27321  -0.08773
   4.27206  -0.08751
   4.27133  -0.08680
   4.26667  -0.08688
   4.26368  -0.08678
   4.25767  -0.09210
   4.24273  -0.10894
   4.23303  -0.11954
   4.23269  -0.11361
   4.23568  -0.10657
   4.23620  -0.10543
   4.23314  -0.10019
   4.22661  -0.09905
   4.23314  -0.10019
   4.23620  -0.10543
                    
   4.53305   0.17433
   4.54086   0.18247
   4.54992   0.18736
   4.56178   0.19169
   4.56045   0.18210
   4.54889   0.17290
   4.53771   0.16257
   4.52839   0.15719
   4.50739   0.14421
   4.50462   0.14076
   4.50141   0.13929
   4.48449   0.12495
   4.46669   0.10996
   4.46166   0.10632
   4.46008   0.10571
   4.45940   0.10578
   4.45935   0.10643
   4.46047   0.10774
   4.46300   0.10979
   4.48309   0.12663
   4.50142   0.14192
   4.50276   0.14299
   4.50457   0.14474
   4.52304   0.16361
   4.53305   0.17433
                    
   4.43976   0.12721
   4.44015   0.12791
   4.44133   0.12939
   4.45584   0.14600
   4.44221   0.12898
   4.44087   0.12730
   4.44003   0.12664
   4.43972   0.12678
   4.43976   0.12721
                    
   4.23919   0.13214
   4.23610   0.13534
   4.23312   0.14061
   4.23382   0.14212
   4.23594   0.14107
   4.23933   0.13760
   4.24105   0.13391
   4.24137   0.13134
   4.23919   0.13214
                    
   4.18153   0.14598
   4.17038   0.15033
   4.16246   0.16357
   4.16434   0.16899
   4.17066   0.16887
   4.17982   0.15995
   4.18517   0.15287
   4.19666   0.14064
   4.21060   0.12594
   4.21671   0.11903
   4.21884   0.11605
   4.21905   0.11428
   4.21727   0.11451
   4.21427   0.11660
   4.20513   0.12404
   4.19217   0.13613
   4.18153   0.14598
                    
   4.11824   0.13528
   4.11950   0.13049
   4.12209   0.12196
   4.12304   0.11422
   4.13343   0.10406
   4.13623   0.10149
   4.14395   0.09859
   4.15628   0.09371
   4.16265   0.09854
   4.16391   0.09878
   4.17252   0.10008
   4.17391   0.10157
   4.17547   0.10321
   4.18279   0.10541
   4.17597   0.11703
   4.17406   0.12070
   4.17158   0.12412
   4.16129   0.13983
   4.13993   0.15095
   4.13575   0.15400
   4.13225   0.15654
   4.13140   0.15495
   4.13066   0.15356
   4.11679   0.15163
   4.11789   0.14061
   4.11810   0.13712
   4.11824   0.13528
                    
   4.22661  -0.09905
   4.22690  -0.09753
   4.22706  -0.09675
   4.22192  -0.09348
   4.21353  -0.09569
   4.20570  -0.09793
   4.19957  -0.09938
   4.18019  -0.11596
   4.17381  -0.11170
   4.17246  -0.11216
   4.15945  -0.11608
   4.14859  -0.12256
   4.13000  -0.12954
   4.12436  -0.13143
   4.12039  -0.13195
   4.10215  -0.13347
   4.09800  -0.13244
   4.09087  -0.13256
   4.07553  -0.13420
   4.06764  -0.13471
   4.05882  -0.13198
   4.05393  -0.13029
   4.04377  -0.12634
   4.03529  -0.12345
   4.02528  -0.11956
   4.01113  -0.12614
   4.00011  -0.13136
   3.99176  -0.13539
   3.97692  -0.14269
   3.97335  -0.14911
   3.96781  -0.15997
   3.97136  -0.16879
   3.96610  -0.18485
   3.96480  -0.18936
   3.96021  -0.19424
   3.94883  -0.20697
   3.92507  -0.21253
   3.92277  -0.21301
   3.92175  -0.21282
   3.89212  -0.20574
   3.89157  -0.20418
   3.88874  -0.20261
   3.87730  -0.20304
   3.86313  -0.20935
   3.84937  -0.21547
   3.84390  -0.20273
   3.83876  -0.18985
   3.83089  -0.18287
   3.83213  -0.17304
   3.83713  -0.15645
   3.83830  -0.15291
   3.83805  -0.14005
   3.83806  -0.13271
   3.83707  -0.11477
   3.83949  -0.10948
   3.85218  -0.08484
   3.82573  -0.08521
   3.85218  -0.08484
   3.83949  -0.10948
                    
   4.10706   0.09095
   4.12851   0.08484
   4.10706   0.09095
   4.10052   0.09249
   4.08644   0.09553
   4.07492   0.09790
   4.06015   0.10761
   4.05107   0.11447
   4.04870   0.11633
   4.04214   0.12062
   4.02929   0.12941
   4.02077   0.13900
   4.01082   0.15039
   4.00957   0.15320
   4.00488   0.16464
   3.99924   0.17392
   3.99500   0.18145
   3.97791   0.19080
   3.97097   0.19424
   3.96478   0.19729
   3.94843   0.20622
   3.93511   0.20730
   3.92521   0.20782
   3.91888   0.20717
   3.89613   0.20387
   3.89265   0.20184
   3.88471   0.19352
   3.87900   0.18819
   3.86811   0.17746
   3.86284   0.17125
   3.86276   0.16305
   3.86737   0.14692
   3.86276   0.16305
                    
   4.17981  -0.12882
   4.17612  -0.12174
   4.16834  -0.12661
   4.15651  -0.13373
   4.15335  -0.13811
   4.14603  -0.14901
   4.14339  -0.15938
   4.15202  -0.16245
   4.16884  -0.14864
   4.17910  -0.13674
   4.17981  -0.12882
                    
   4.51237  -0.13075
   4.53208  -0.15250
   4.53226  -0.13929
                    
   4.62663   0.13114
   4.61386   0.11865
   4.61177   0.11674
   4.58677   0.11015
   4.58047   0.10237
   4.57466   0.09577
   4.58331   0.09098
   4.58325   0.08494
   4.59177   0.08148
   4.59827   0.07853
   4.61052   0.08740
   4.61709   0.09254
   4.62188   0.09756
   4.63146   0.10851
   4.61828   0.11631
   4.61967   0.11861
   4.62663   0.13114
                    
   4.14115  -0.19427
   4.13940  -0.19685
   4.13664  -0.19851
   4.13437  -0.19896
   4.13352  -0.19722
   4.13546  -0.19289
   4.14151  -0.18564
   4.14253  -0.19080
   4.14115  -0.19427
                    
   4.53208  -0.15250
   4.55548  -0.16434
   4.53208  -0.15250
                    
   4.69296   0.19925
   4.66582   0.19196
   4.69296   0.19925
   4.70411   0.20181
   4.71806   0.20654
   4.73640   0.21532
   4.74186   0.21863
   4.74806   0.22242
   4.76450   0.22979
   4.77661   0.23076
   4.78738   0.23135
   4.79389   0.22980
   4.81412   0.22420
   4.81939   0.22054
   4.82597   0.22010
   4.84381   0.22077
   4.85336   0.22116
   4.85749   0.22128
   4.86633   0.22077
   4.88041   0.21965
   4.89344   0.21567
   4.90301   0.20735
   4.89910   0.19582
   4.89181   0.18878
   4.88238   0.17311
   4.87829   0.16678
   4.87675   0.15501
   4.87524   0.14520
   4.87088   0.13080
   4.86412   0.11767
   4.86111   0.11218
   4.84537   0.10595
   4.83740   0.10408
   4.82881   0.10208
   4.81226   0.09666
   4.80650   0.08949
   4.80251   0.08273
   4.81166   0.08139
   4.81498   0.08201
   4.82360   0.07972
   4.84140   0.08240
   4.85814   0.08490
   4.85732   0.06898
   4.85647   0.05815
   4.86304   0.04634
   4.86457   0.03995
   4.87227   0.02607
   4.87505   0.02365
   4.88666   0.01302
   4.89070   0.00000
   4.89095  -0.01735
   4.89031  -0.02432
   4.88950  -0.03204
   4.88889  -0.04860
   4.88629  -0.06463
   4.86915  -0.06353
   4.86035  -0.06938
   4.85063  -0.07545
   4.84236  -0.07623
   4.82755  -0.07740
   4.81535  -0.07980
   4.81021  -0.07966
   4.79028  -0.07675
   4.76836  -0.07347
   4.76383  -0.07312
   4.75933  -0.07150
   4.74837  -0.07318
   4.75234  -0.08131
   4.76046  -0.09079
   4.76675  -0.09609
   4.77628  -0.10459
   4.77770  -0.11907
   4.77946  -0.12517
   4.78242  -0.13656
   4.80026  -0.14385
   4.80611  -0.14907
   4.81600  -0.15830
   4.81748  -0.17472
   4.81758  -0.17625
   4.81516  -0.18100
   4.80778  -0.19478
   4.80610  -0.19582
   4.79861  -0.20031
   4.78772  -0.21188
   4.78193  -0.21866
   4.76961  -0.22711
   4.76399  -0.23074
   4.75790  -0.22101
   4.75216  -0.21241
   4.74740  -0.20795
   4.73666  -0.19826
   4.72705  -0.18885
   4.71792  -0.18682
   4.70157  -0.18285
   4.69281  -0.18054
   4.67483  -0.17541
   4.65210  -0.16533
   4.65118  -0.16512
   4.65082  -0.16503
   4.64306  -0.16123
   4.62625  -0.15295
   4.60993  -0.14981
   4.60087  -0.14560
   4.58883  -0.13992
   4.57476  -0.13444
   4.56937  -0.13341
   4.56380  -0.13306
   4.55848  -0.13678
   4.56865  -0.14487
   4.57427  -0.15350
   4.57949  -0.16226
   4.57537  -0.16948
   4.56838  -0.17289
   4.55548  -0.16434
                    
   4.66948   0.21415
   4.67025   0.22105
   4.66372   0.23134
   4.65323   0.23298
   4.63976   0.23129
   4.62875   0.21922
   4.62327   0.21031
   4.61412   0.19661
   4.63182   0.19798
   4.63828   0.19820
   4.64309   0.19734
   4.66582   0.19196
   4.66948   0.21415
   4.66582   0.19196
   4.64309   0.19734
                    
   4.01196   0.55157
   3.97732   0.55883
   4.01196   0.55157
   4.01335   0.55061
   4.01554   0.55044
   4.04849   0.54441
   4.04934   0.54422
   4.04997   0.54433
   4.05129   0.54456
   4.07912   0.54515
   4.08700   0.54166
   4.09483   0.53913
   4.11260   0.53291
   4.12036   0.52990
   4.13345   0.52857
   4.14131   0.52758
   4.15607   0.52387
   4.16786   0.52480
   4.18654   0.52570
   4.19268   0.52492
   4.19526   0.52424
   4.21163   0.52566
   4.20528   0.51396
   4.21170   0.50013
   4.21582   0.49095
   4.21655   0.47442
   4.23156   0.45907
   4.23465   0.45569
   4.24071   0.45400
   4.25401   0.44988
   4.26303   0.44145
   4.27507   0.44254
   4.28809   0.44336
   4.29476   0.44087
   4.29920   0.44170
   4.31407   0.44114
   4.33108   0.43988
   4.33333   0.44020
   4.33648   0.44112
   4.35279   0.44562
   4.36347   0.44816
   4.37270   0.44999
   4.38502   0.45040
   4.39224   0.44744
   4.40297   0.44275
   4.41156   0.44364
   4.43019   0.45311
   4.43270   0.45428
   4.43468   0.45714
   4.44778   0.47499
   4.44990   0.49282
   4.45529   0.50005
   4.47163   0.52037
   4.47091   0.52173
   4.47285   0.52145
   4.47306   0.52147
   4.47350   0.52152
   4.49611   0.51626
   4.51639   0.51066
   4.51985   0.51245
   4.53746   0.51673
   4.54834   0.51908
   4.55061   0.51953
   4.55436   0.52008
   4.57707   0.52269
   4.58714   0.52227
   4.59947   0.52603
   4.60867   0.52893
   4.62141   0.53256
   4.63584   0.53480
   4.64261   0.53569
   4.66041   0.52891
   4.67124   0.53041
   4.68612   0.53202
   4.69614   0.53604
   4.70789   0.53492
   4.72945   0.53116
   4.73570   0.52990
   4.73894   0.52859
   4.74547   0.52589
   4.76774   0.51770
   4.77649   0.51495
   4.79056   0.51138
   4.80652   0.51639
   4.81354   0.51843
   4.82083   0.51552
   4.84046   0.50713
   4.85416   0.49858
   4.87062   0.49233
   4.87819   0.48927
   4.89156   0.49886
   4.90889   0.48295
   4.91823   0.47755
   4.93176   0.46936
   4.93789   0.46389
   4.94857   0.45407
   4.96366   0.44136
   4.96687   0.41084
   4.96717   0.40699
   4.96838   0.40457
   4.97002   0.40129
   4.97856   0.37252
   5.00104   0.35261
   5.00332   0.35048
   5.00479   0.34954
   5.02247   0.33777
   5.03601   0.32766
   5.03351   0.30203
   5.03189   0.28935
   5.03176   0.28843
   5.03158   0.28744
   5.02354   0.25121
   5.02398   0.24875
   5.02313   0.24584
   5.01185   0.21394
   5.01127   0.21245
   5.02039   0.18410
   5.03521   0.17521
   5.04563   0.16997
   5.05841   0.16074
   5.06681   0.15435
   5.07501   0.13078
   5.07780   0.12620
   5.08744   0.10971
   5.09484   0.10025
   5.10584   0.08542
   5.11326   0.07851
   5.11794   0.06864
   5.13118   0.04707
   5.13496   0.04054
   5.13867   0.03516
   5.15391   0.01166
   5.15761   0.00610
   5.15789   0.00000
   5.15692  -0.00493
   5.15500  -0.03587
   5.15141  -0.07077
   5.15124  -0.07156
   5.15118  -0.07215
   5.15073  -0.07311
   5.14752  -0.07617
   5.12732  -0.09141
   5.12162  -0.09546
   5.11686  -0.10315
   5.09979  -0.12889
   5.09777  -0.13266
   5.09648  -0.13456
   5.09113  -0.14305
   5.07546  -0.16453
   5.07248  -0.16840
   5.06720  -0.17777
   5.05755  -0.19405
   5.05122  -0.21974
   5.04733  -0.22512
   5.03586  -0.24038
   5.03297  -0.25465
   5.02426  -0.26062
   5.01721  -0.26186
   5.00303  -0.27740
   4.99276  -0.28803
   4.98433  -0.30357
   4.97918  -0.31931
   4.97731  -0.33523
   4.97466  -0.35350
   4.98105  -0.35987
   4.99045  -0.37196
   5.00010  -0.38496
   4.98410  -0.38297
   4.96883  -0.38073
   4.95250  -0.39101
   4.95037  -0.39310
   4.93308  -0.40940
   4.92686  -0.41559
   4.92293  -0.42363
   4.90902  -0.44174
   4.89521  -0.45862
   4.88975  -0.46689
   4.88352  -0.47347
   4.86955  -0.49135
   4.85210  -0.51218
   4.84857  -0.51523
   4.84227  -0.51929
   4.82084  -0.53202
   4.80957  -0.53829
   4.79282  -0.54760
   4.76876  -0.56019
   4.76558  -0.56177
   4.76465  -0.56210
   4.76229  -0.56293
   4.73495  -0.57357
   4.72399  -0.57116
   4.71858  -0.56759
   4.69416  -0.56639
   4.68701  -0.56581
   4.67129  -0.56993
   4.66347  -0.57181
   4.64414  -0.57589
   4.63340  -0.57641
   4.60690  -0.57677
   4.60435  -0.57587
   4.60182  -0.57577
   4.56964  -0.56717
   4.56881  -0.56691
   4.56824  -0.56711
   4.56757  -0.56733
   4.54034  -0.56876
   4.52629  -0.57125
   4.51392  -0.57273
   4.49501  -0.57447
   4.48745  -0.57516
   4.48363  -0.57329
   4.47296  -0.57275
   4.45811  -0.56281
   4.45153  -0.55811
   4.44545  -0.55386
   4.42879  -0.54135
   4.42235  -0.53867
   4.40410  -0.53749
   4.39207  -0.53636
   4.40364  -0.53402
   4.42408  -0.52922
   4.42094  -0.50719
   4.41734  -0.48269
   4.41764  -0.48125
   4.41647  -0.47977
   4.40717  -0.45743
   4.40213  -0.44438
   4.39185  -0.44447
   4.37938  -0.44426
   4.37184  -0.44013
   4.36850  -0.43996
   4.35263  -0.44193
   4.33800  -0.44322
   4.33333  -0.44276
   4.32916  -0.44255
   4.31401  -0.44266
   4.29955  -0.44227
   4.29469  -0.44167
   4.28742  -0.44411
   4.27522  -0.44145
   4.26129  -0.43796
   4.25481  -0.44535
   4.24052  -0.45396
   4.23524  -0.45689
   4.23024  -0.46503
   4.22316  -0.47600
   4.22209  -0.50177
   4.22208  -0.50240
   4.22214  -0.50255
   4.22280  -0.50407
   4.23178  -0.52992
   4.21284  -0.54352
   4.20796  -0.54675
   4.20217  -0.54966
   4.18377  -0.55817
   4.17501  -0.56000
   4.16426  -0.56476
   4.15536  -0.56445
   4.13625  -0.56328
   4.12762  -0.56520
   4.10481  -0.56522
   4.09953  -0.56446
   4.09650  -0.56401
   4.09133  -0.56476
   4.06877  -0.56736
   4.05761  -0.56518
   4.03857  -0.56623
   4.01861  -0.56556
   4.00804  -0.56343
   3.98344  -0.55804
   3.97874  -0.55660
   3.97636  -0.55584
   3.97134  -0.55498
   3.94800  -0.55032
   3.93473  -0.54447
   3.92022  -0.53839
   3.89239  -0.52549
   3.86210  -0.51426
   3.85168  -0.50996
   3.83491  -0.49842
   3.82295  -0.49287
   3.81105  -0.48704
   3.80415  -0.48491
   3.77620  -0.47525
   3.77271  -0.47538
   3.76883  -0.47368
   3.76060  -0.46762
   3.74325  -0.45279
   3.73362  -0.44412
   3.71710  -0.43149
   3.70252  -0.40825
   3.70016  -0.40338
   3.69686  -0.39640
   3.68487  -0.37439
   3.68302  -0.35862
   3.69035  -0.35047
   3.69686  -0.33133
   3.69911  -0.32524
   3.69929  -0.31843
   3.70052  -0.29508
   3.69987  -0.28389
   3.69957  -0.26251
   3.70559  -0.24489
   3.69957  -0.26251
   3.69987  -0.28389
                    
   3.86744   0.12932
   3.86737   0.14692
   3.86744   0.12932
   3.86630   0.12514
   3.86737   0.11791
   3.86772   0.10322
   3.86820   0.09387
   3.87397   0.08100
   3.85565   0.08063
   3.85159   0.08144
   3.84250   0.07939
   3.82484   0.07970
   3.81255   0.07976
   3.80638   0.06937
   3.79614   0.05057
   3.79371   0.04931
   3.79205   0.04736
   3.76927   0.03414
   3.76348   0.03047
   3.76360   0.02488
   3.76375   0.02002
   3.75675  -0.00000
   3.76403  -0.02028
   3.76311  -0.02490
   3.76171  -0.03247
   3.76922  -0.03328
   3.77988  -0.03433
   3.79542  -0.04223
   3.79911  -0.04328
   3.80063  -0.04661
   3.80526  -0.05446
   3.80655  -0.06935
   3.80837  -0.08510
   3.82573  -0.08521
                    
   3.76067  -0.26704
   3.76185  -0.24621
   3.75972  -0.23760
   3.75830  -0.23158
   3.76343  -0.22965
   3.76840  -0.22777
   3.78326  -0.21203
   3.79909  -0.21106
   3.80646  -0.20429
   3.82389  -0.18916
   3.83128  -0.20796
   3.83935  -0.22647
   3.84299  -0.22865
   3.83130  -0.25941
   3.83091  -0.26057
   3.82918  -0.26244
   3.81420  -0.27936
   3.79377  -0.28088
   3.78902  -0.28113
   3.78637  -0.27991
   3.76067  -0.26704
                    
   4.61686  -0.49107
   4.61243  -0.49136
   4.59699  -0.49204
   4.58278  -0.47844
   4.58156  -0.46044
   4.59104  -0.44637
   4.60799  -0.44508
   4.62086  -0.45132
   4.62566  -0.45352
   4.62659  -0.46032
   4.62822  -0.47450
   4.61959  -0.48723
   4.61686  -0.49107
                    
   4.90252  -0.08569
   4.91615  -0.08870
   4.92303  -0.09571
   4.92465  -0.10426
   4.92029  -0.11189
   4.91164  -0.11444
   4.90298  -0.11035
   4.90107  -0.10011
   4.90252  -0.08569
                    
   4.05761  -0.56518
   4.03857  -0.56623
   4.01861  -0.56556
                    
   4.99947   0.22073
   5.00006   0.24267
   4.99947   0.22073
   4.97930   0.23087
   4.97723   0.23237
   4.97567   0.23379
   4.97214   0.23826
   4.95129   0.25596
   4.94718   0.25923
   4.93429   0.28023
   4.93586   0.29936
   4.94397   0.31255
   4.96069   0.31624
   4.97521   0.30235
   4.97729   0.30028
   4.98905   0.27235
   4.98973   0.27189
   4.99985   0.26479
   5.00006   0.24267
   4.99985   0.26479
                    
   3.93987   0.56192
   3.97732   0.55883
   3.93987   0.56192
   3.90565   0.55736
   3.93987   0.56192
                    
   3.90565   0.55736
   3.89960   0.55632
   3.88485   0.54980
   3.87561   0.54549
   3.85635   0.53482
   3.84718   0.53054
   3.82484   0.51936
   3.81801   0.51532
   3.81477   0.51342
   3.80805   0.51023
   3.78341   0.50392
   3.77546   0.50162
   3.76157   0.49321
   3.75245   0.48742
   3.73506   0.47139
   3.72894   0.46377
   3.72261   0.45569
   3.70718   0.43844
   3.69623   0.42329
   3.68563   0.41264
   3.66577   0.39142
   3.66295   0.38705
   3.66062   0.38161
   3.64859   0.35645
   3.63909   0.33473
   3.63616   0.32510
   3.63956   0.29807
   3.64050   0.29206
   3.63876   0.28770
   3.63697   0.28312
   3.63298   0.25491
   3.62489   0.23603
   3.62024   0.22484
   3.61669   0.21589
   3.60888   0.19412
   3.60111   0.18441
   3.59240   0.17305
   3.58575   0.16574
   3.57028   0.14773
   3.56418   0.14383
   3.56135   0.13612
   3.54104   0.10512
   3.54077   0.10468
   3.54046   0.10438
   3.51659   0.08013
   3.51034   0.08303
   3.49487   0.07553
   3.49121   0.07368
   3.48556   0.05018
   3.48608   0.03699
   3.48658   0.02750
   3.48397  -0.00000
   3.49196  -0.02874
   3.49360  -0.03415
   3.49384  -0.03665
   3.49413  -0.03965
   3.50166  -0.07276
   3.51072  -0.08221
   3.51675  -0.08171
   3.53734  -0.09991
   3.54064  -0.10208
   3.54166  -0.10274
   3.54242  -0.10413
   3.54576  -0.11011
   3.56326  -0.13579
   3.56507  -0.14167
   3.57016  -0.14709
   3.58054  -0.14819
   3.58288  -0.13232
   3.58888  -0.12629
   3.60028  -0.11530
   3.60968  -0.11219
   3.61736  -0.11636
   3.62300  -0.12525
   3.62658  -0.14102
   3.62423  -0.15721
   3.62217  -0.17468
   3.61586  -0.18110
   3.62075  -0.19094
   3.62363  -0.19583
   3.62829  -0.19794
   3.64519  -0.20487
   3.65500  -0.20805
   3.65819  -0.20904
   3.66286  -0.21140
   3.68404  -0.22134
   3.69231  -0.22371
   3.70215  -0.22973
   3.70559  -0.24489
                    
   3.92022  -0.53839
   3.89239  -0.52549
   3.86210  -0.51426
                    
   4.86359   0.73064
   4.86075   0.72673
   4.85894   0.72424
   4.86405   0.70468
   4.86425   0.70036
   4.86433   0.69828
   4.86640   0.69471
   4.88258   0.66506
   4.88155   0.66198
   4.88248   0.65445
   4.88194   0.63856
   4.88115   0.62509
   4.89455   0.61246
   4.90882   0.59838
   4.91748   0.58415
   4.92571   0.57714
   4.94044   0.55631
   4.95125   0.54006
   4.93337   0.53684
   4.92861   0.53331
   4.92434   0.53013
   4.91496   0.53296
   4.89346   0.53882
   4.88683   0.52986
   4.87671   0.54337
   4.85922   0.54186
   4.84703   0.54046
   4.83708   0.54975
   4.82697   0.55885
   4.80931   0.56724
   4.80092   0.57285
   4.78245   0.58530
   4.75907   0.59992
   4.75502   0.60223
   4.75187   0.60412
   4.73064   0.61515
   4.72632   0.61687
   4.70345   0.62545
   4.69675   0.62946
   4.69035   0.63330
   4.66571   0.63849
   4.65550   0.64034
   4.63635   0.64983
   4.61563   0.65813
   4.60752   0.66193
   4.59842   0.66605
   4.57815   0.67263
   4.55563   0.67972
   4.54811   0.68120
   4.54265   0.68222
   4.51788   0.68875
   4.49213   0.69502
   4.48759   0.69581
   4.48361   0.69648
   4.45704   0.70158
   4.43348   0.70759
   4.42669   0.70910
   4.41813   0.71091
   4.39591   0.71524
   4.37656   0.71696
   4.36462   0.71664
   4.35501   0.71625
   4.33333   0.71683
   4.31247   0.71689
   4.30207   0.71601
   4.29296   0.71512
   4.27088   0.71385
   4.25247   0.71455
   4.23928   0.71443
   4.22120   0.71386
   4.20755   0.71335
   4.19617   0.71088
   4.17644   0.70771
   4.15414   0.70345
   4.14555   0.70083
   4.13481   0.69631
   4.11543   0.69109
   4.09460   0.68484
   4.08605   0.67942
   4.07612   0.67823
   4.05992   0.67934
   4.05045   0.68294
   4.03784   0.68741
   4.01625   0.68000
   3.99176   0.66889
   3.98664   0.66600
   3.98095   0.66273
   3.95759   0.65081
   3.93523   0.64162
   3.92840   0.63864
   3.92697   0.63787
   3.92518   0.63691
   3.89724   0.62281
   3.87785   0.61128
   3.86672   0.60810
   3.83792   0.59886
   3.83516   0.60003
   3.82239   0.60891
   3.81706   0.61011
   3.80067   0.61345
   3.78446   0.59899
   3.76864   0.58410
   3.75650   0.57683
   3.75114   0.57274
   3.74549   0.57265
   3.74689   0.57872
   3.74826   0.58507
   3.75445   0.58582
   3.77693   0.60721
   3.80020   0.62774
   3.80462   0.63009
   3.81113   0.64343
   3.82350   0.66442
   3.82608   0.66859
   3.82636   0.67209
   3.82735   0.68284
   3.83196   0.70185
   3.82884   0.70452
   3.81265   0.70800
   3.80541   0.70942
   3.79791   0.71701
   3.79460   0.72146
   3.79318   0.72335
                    
   3.78631  -0.71817
   3.78670  -0.71766
   3.79110  -0.71188
   3.79079  -0.70705
   3.79018  -0.69506
   3.78239  -0.68472
   3.77146  -0.66961
   3.75964  -0.65479
   3.75683  -0.64158
   3.76272  -0.62272
   3.76347  -0.62043
   3.76309  -0.61932
   3.75166  -0.58167
   3.74930  -0.57935
   3.74744  -0.57464
   3.75199  -0.57616
   3.75480  -0.57853
   3.75916  -0.58184
   3.78569  -0.59764
   3.79781  -0.60438
   3.81557  -0.61705
   3.84211  -0.63045
   3.84616  -0.63239
   3.84762  -0.63299
   3.85133  -0.63450
   3.88071  -0.64641
   3.89401  -0.65231
   3.91528  -0.65622
   3.91742  -0.65657
   3.93781  -0.65921
   3.95101  -0.66221
   3.96764  -0.67153
   3.98068  -0.67744
   3.99149  -0.68211
   4.01089  -0.69149
   4.02698  -0.70095
   4.04034  -0.70736
   4.05579  -0.71437
   4.07070  -0.72158
   4.08372  -0.72643
   4.10258  -0.73186
   4.11948  -0.73629
   4.13483  -0.74081
   4.15247  -0.74382
   4.16807  -0.74546
   4.17875  -0.74639
   4.20125  -0.74908
   4.23306  -0.74840
   4.23445  -0.74834
   4.23482  -0.74831
   4.23552  -0.74825
   4.26811  -0.74548
   4.29027  -0.74662
   4.30077  -0.74582
   4.31595  -0.74438
   4.33333  -0.74409
   4.35137  -0.74481
   4.36582  -0.74401
   4.38114  -0.74286
   4.39831  -0.74268
   4.41945  -0.74216
   4.43087  -0.74089
   4.44186  -0.73951
   4.46348  -0.73807
   4.48099  -0.74051
   4.49234  -0.74184
   4.49865  -0.74569
   4.51571  -0.75552
   4.52634  -0.75971
   4.53762  -0.76241
   4.54838  -0.75515
   4.56146  -0.74298
   4.56619  -0.73854
   4.57949  -0.72553
   4.59529  -0.71971
   4.61096  -0.71426
   4.62635  -0.70742
   4.64000  -0.70101
   4.65686  -0.69381
   4.67287  -0.68612
   4.68736  -0.68007
   4.70537  -0.67206
   4.71742  -0.66525
   4.73067  -0.65541
   4.74638  -0.64835
   4.76993  -0.63695
   4.77511  -0.63092
   4.78232  -0.62868
   4.78627  -0.63160
   4.81404  -0.62647
   4.82340  -0.62445
   4.83578  -0.62155
   4.85148  -0.61750
   4.86742  -0.60900
   4.88276  -0.59959
   4.91094  -0.58098
   4.91296  -0.57963
   4.91394  -0.57907
   4.91483  -0.57909
   4.91419  -0.58015
   4.91383  -0.58050
   4.91343  -0.58110
   4.88967  -0.60713
   4.86994  -0.62715
   4.86571  -0.63447
   4.85292  -0.66239
   4.85054  -0.66723
   4.85075  -0.67431
   4.85092  -0.68999
   4.84996  -0.70179
   4.85577  -0.70671
   4.86050  -0.71069
   4.86284  -0.72139
   4.86524  -0.72466
   4.86752  -0.72777
                    
   4.18554   0.75318
   4.17912   0.76177
   4.18806   0.76975
   4.19713   0.77244
   4.20464   0.77124
   4.20924   0.76725
   4.20871   0.76096
   4.20079   0.75167
   4.18554   0.75318
                    
   5.21934   0.17320
   5.21488   0.17232
   5.21158   0.17168
   5.20464   0.17084
   5.19501   0.17290
   5.18826   0.17427
   5.17839   0.17278
   5.16882   0.18522
   5.15954   0.19674
   5.14882   0.21851
   5.13983   0.24145
   5.13579   0.25114
   5.13472   0.25268
   5.13104   0.25791
   5.11563   0.28473
   5.10850   0.30361
   5.09912   0.31720
   5.07710   0.34683
   5.09912   0.31720
                    
   5.08517   0.37878
   5.07710   0.34683
   5.08517   0.37878
   5.08643   0.38457
   5.08688   0.39227
   5.08773   0.41817
   5.08990   0.42409
   5.08842   0.43595
   5.09030   0.44652
   5.09235   0.45951
   5.09783   0.46511
   5.10140   0.46728
   5.10459   0.46922
                    
   4.05968  -0.76982
   4.05768  -0.77298
   4.05471  -0.77370
   4.05185  -0.77338
   4.04937  -0.77179
   4.04834  -0.76959
   4.04852  -0.76609
   4.05596  -0.76208
   4.05968  -0.76982
                    
   3.52055   0.33667
   3.52137   0.33910
   3.53111   0.37408
   3.53986   0.37786
   3.55229   0.38295
   3.55777   0.37747
   3.56530   0.37439
   3.56379   0.35884
   3.55346   0.34106
   3.54446   0.32676
   3.52885   0.30028
   3.52563   0.29398
   3.52361   0.28977
   3.51836   0.28249
   3.51158   0.28295
   3.51570   0.29759
   3.51956   0.33189
   3.51997   0.33493
   3.52055   0.33667
                    
   3.46620   0.25117
   3.47028   0.24999
   3.47380   0.24897
   3.47926   0.24490
   3.47439   0.23015
   3.46980   0.22510
   3.46753   0.22622
   3.46644   0.22650
   3.45988   0.22822
                    
   3.44890  -0.18109
   3.45178  -0.18050
   3.45666  -0.17950
   3.46432  -0.19266
   3.47258  -0.20619
   3.48270  -0.22793
   3.48980  -0.25789
   3.49055  -0.26573
   3.49325  -0.28927
   3.49704  -0.30439
   3.50214  -0.31659
   3.51269  -0.33992
   3.52157  -0.35826
   3.52980  -0.37469
   3.53280  -0.38774
   3.54007  -0.41295
   3.54097  -0.41586
   3.53450  -0.41926
   3.53396  -0.41954
                    
   5.13880  -0.40771
   5.13696  -0.40679
   5.13174  -0.40414
   5.13078  -0.39049
   5.13342  -0.37308
   5.14528  -0.34616
   5.14915  -0.33792
   5.15375  -0.32782
   5.16339  -0.30212
   5.17275  -0.27916
   5.17778  -0.26625
   5.18415  -0.24898
   5.19067  -0.22972
   5.19683  -0.22483
   5.19980  -0.22366
   5.20142  -0.22408
   5.20746  -0.22564
                    
