  -0.07154   0.12230
  -0.07031   0.12177
  -0.07053   0.12289
  -0.07221   0.13330
  -0.07717   0.14770
  -0.08939   0.16786
  -0.09725   0.16844
  -0.09827   0.15918
  -0.08933   0.14068
  -0.07794   0.12476
  -0.07154   0.12230
                    
  -0.17318   0.09204
  -0.17230   0.09025
  -0.17082   0.08892
  -0.15021   0.07217
  -0.13099   0.06819
  -0.12797   0.06740
  -0.12448   0.06768
  -0.11765   0.06792
  -0.12057   0.07443
  -0.12152   0.07684
  -0.12281   0.07824
  -0.13669   0.09532
  -0.16451   0.10480
  -0.16504   0.10495
  -0.16573   0.10486
  -0.17783   0.10267
  -0.17318   0.09204
                    
  -0.14734  -0.12943
  -0.13993  -0.12479
  -0.12404  -0.11129
  -0.11673  -0.10220
  -0.10831  -0.09136
  -0.10702  -0.08980
  -0.10873  -0.09085
  -0.12171  -0.09831
  -0.13020  -0.10401
  -0.14352  -0.11460
  -0.15230  -0.12356
  -0.16871  -0.14157
  -0.14734  -0.12943
                    
  -0.03625  -0.10174
  -0.03677  -0.10502
  -0.03986  -0.11386
  -0.04550  -0.12501
  -0.04801  -0.12166
  -0.05192  -0.12534
  -0.05347  -0.12671
  -0.05770  -0.12374
  -0.05646  -0.11441
  -0.04977  -0.09953
  -0.04497  -0.09218
  -0.04152  -0.08903
  -0.03995  -0.09115
  -0.03906  -0.09429
  -0.03733  -0.09926
  -0.03651  -0.10031
  -0.03625  -0.10174
                    
   0.03751  -0.10044
   0.03957  -0.10400
   0.04376  -0.11474
   0.04241  -0.11651
   0.04028  -0.11631
   0.03672  -0.10504
   0.03590  -0.10116
   0.03611  -0.09921
   0.03751  -0.10044
                    
   0.13713  -0.14965
   0.13568  -0.15173
   0.13623  -0.16236
   0.12634  -0.16028
   0.12373  -0.16125
   0.12162  -0.16199
   0.11675  -0.15758
   0.09601  -0.13689
   0.09561  -0.13649
   0.09415  -0.13215
   0.08608  -0.11254
   0.08587  -0.11209
   0.08598  -0.11205
   0.08608  -0.11202
   0.08543  -0.10182
   0.09531  -0.10485
   0.09605  -0.10503
   0.09662  -0.10545
   0.11717  -0.11850
   0.12465  -0.12930
   0.13461  -0.14263
   0.13834  -0.14786
   0.13713  -0.14965
                    
   0.11489   0.11627
   0.11667   0.11899
   0.12251   0.12555
   0.12221   0.12221
   0.12239   0.12064
   0.12019   0.11543
   0.11604   0.11446
   0.11472   0.11472
   0.11489   0.11627
                    
   0.09447   0.13564
   0.09488   0.13700
   0.09697   0.13997
   0.10457   0.14934
   0.10326   0.14320
   0.09603   0.13619
   0.09522   0.13536
   0.09450   0.13496
   0.09447   0.13564
                    
   0.89851   0.08766
   0.89244   0.08706
   0.89064   0.08689
   0.88692   0.08671
   0.88429   0.07737
   0.87676   0.06066
   0.87201   0.05071
   0.86144   0.04362
   0.85006   0.05494
   0.84269   0.07373
   0.83672   0.09290
   0.83266   0.10504
   0.82861   0.10909
   0.81095   0.12587
   0.80401   0.13168
   0.78798   0.13894
   0.78689   0.13991
   0.77255   0.15224
   0.76375   0.16932
   0.75467   0.18587
   0.74179   0.17535
   0.73603   0.16857
   0.73409   0.16633
   0.72185   0.16003
   0.71532   0.15676
   0.71281   0.15803
   0.69781   0.16527
   0.68915   0.16878
   0.66409   0.17794
   0.66286   0.17813
   0.66241   0.17827
   0.65797   0.18106
   0.63562   0.18715
   0.62769   0.18906
   0.62818   0.19806
   0.62834   0.20156
   0.61595   0.22419
   0.60798   0.24054
   0.60257   0.24959
   0.59449   0.26251
   0.58771   0.27405
   0.58113   0.27879
   0.57325   0.28087
   0.54732   0.28285
   0.54571   0.28234
   0.54454   0.28197
   0.54367   0.28302
   0.54228   0.28470
   0.51895   0.29961
   0.52747   0.31512
   0.53294   0.32585
   0.54031   0.33996
   0.54182   0.34518
   0.54577   0.36006
   0.54002   0.37813
   0.52488   0.38774
   0.50759   0.38949
   0.50565   0.38964
   0.48877   0.39663
   0.48242   0.40480
   0.47728   0.41221
   0.47274   0.42898
   0.47294   0.43337
   0.47329   0.44955
   0.46490   0.46490
   0.44971   0.47173
   0.43419   0.46795
   0.42929   0.46848
   0.41324   0.46984
   0.39879   0.47526
   0.38482   0.47899
   0.37510   0.48133
   0.36680   0.47803
   0.35303   0.47213
   0.34196   0.46259
   0.33096   0.45804
   0.31599   0.45127
   0.30838   0.45020
   0.30290   0.44652
   0.29766   0.43952
   0.29266   0.42341
   0.28916   0.41296
   0.28623   0.40194
   0.29187   0.39182
   0.28097   0.39229
   0.27508   0.39286
   0.25383   0.38764
   0.24935   0.38635
   0.24592   0.38601
   0.23219   0.38432
   0.22048   0.38189
   0.21804   0.38151
   0.21393   0.38067
   0.19786   0.38008
   0.18775   0.37931
   0.17633   0.37814
   0.16422   0.37692
   0.15809   0.37612
   0.15568   0.37585
   0.15046   0.37520
   0.13563   0.37265
   0.12886   0.37243
   0.11710   0.37139
   0.10362   0.36967
   0.09972   0.36979
   0.09911   0.36987
   0.09846   0.37004
   0.08248   0.37206
   0.06876   0.37324
   0.06591   0.37377
   0.06312   0.37434
   0.04937   0.37504
   0.03732   0.37524
   0.03288   0.37577
   0.02872   0.37643
   0.01653   0.37864
   0.00212   0.38073
  -0.00000   0.38090
  -0.00193   0.38101
  -0.01666   0.38165
  -0.03285   0.38170
  -0.03339   0.38168
  -0.03390   0.38166
  -0.03785   0.38205
  -0.05087   0.38638
  -0.06204   0.38960
  -0.06874   0.38984
  -0.07586   0.38829
  -0.08484   0.38269
  -0.09867   0.37326
  -0.09991   0.37286
  -0.10233   0.37369
  -0.11904   0.37756
  -0.12724   0.37910
  -0.13937   0.38292
  -0.14755   0.38375
  -0.15635   0.38440
  -0.15933   0.38466
  -0.16565   0.38510
  -0.17975   0.38547
  -0.18714   0.38281
  -0.20088   0.38772
  -0.20207   0.38817
  -0.21673   0.39327
  -0.23044   0.39914
  -0.24699   0.39008
  -0.24609   0.38628
  -0.24034   0.36457
  -0.23907   0.35387
  -0.23878   0.34101
  -0.24158   0.33267
  -0.24419   0.32410
  -0.22834   0.30863
  -0.21989   0.30519
  -0.21090   0.30119
  -0.20122   0.29632
  -0.19183   0.29116
  -0.17996   0.27714
  -0.17389   0.27296
  -0.16450   0.26606
  -0.15880   0.25992
  -0.14551   0.24483
  -0.13970   0.23842
  -0.13792   0.23606
  -0.13610   0.23573
  -0.12139   0.22695
  -0.11660   0.22398
  -0.11579   0.22346
  -0.11496   0.22258
  -0.10999   0.21719
  -0.09515   0.20024
  -0.09319   0.19380
  -0.09190   0.19708
  -0.08880   0.19619
  -0.07882   0.19028
  -0.07556   0.18812
  -0.06800   0.18684
  -0.06596   0.18469
  -0.05872   0.17650
  -0.05560   0.17634
  -0.05175   0.17606
  -0.04605   0.17186
  -0.04332   0.16885
  -0.03670   0.16555
  -0.03284   0.16338
  -0.02961   0.15834
  -0.02779   0.15760
  -0.02608   0.15841
  -0.02112   0.16042
  -0.01526   0.16253
  -0.01425   0.16290
  -0.01335   0.16312
  -0.00718   0.16441
  -0.00034   0.16554
  -0.00000   0.16560
   0.00032   0.16563
   0.00469   0.16658
   0.00728   0.16666
   0.01443   0.16667
   0.01458   0.16670
   0.01480   0.16686
   0.02198   0.16697
   0.02879   0.16679
   0.02953   0.16746
   0.03083   0.16852
   0.03780   0.17049
   0.04332   0.17179
   0.04695   0.17522
   0.05259   0.17740
   0.05558   0.17627
   0.05865   0.17505
   0.06525   0.17928
   0.07014   0.17511
   0.07057   0.17036
   0.07093   0.15339
   0.07118   0.15264
   0.08776   0.17538
   0.09156   0.18006
   0.10123   0.19446
   0.10265   0.19650
   0.11362   0.20645
   0.12441   0.21548
   0.12773   0.21550
   0.13532   0.21534
   0.14086   0.22110
   0.15118   0.23131
   0.16053   0.23606
   0.16564   0.23655
   0.17086   0.23389
   0.16503   0.22164
   0.15545   0.21042
   0.14798   0.20213
   0.13539   0.18766
   0.12927   0.18011
   0.12285   0.16010
   0.12177   0.15724
   0.12866   0.15333
   0.13598   0.15242
   0.14818   0.16491
   0.16345   0.18183
   0.16740   0.18637
   0.17158   0.19119
   0.18461   0.20562
   0.19924   0.22192
   0.20210   0.22788
   0.21200   0.25090
   0.21327   0.25240
   0.23957   0.26145
   0.24153   0.26200
   0.24320   0.26296
   0.24880   0.26608
   0.26812   0.27478
   0.27295   0.27754
   0.27810   0.27810
   0.29772   0.28354
   0.30477   0.28519
   0.31441   0.28811
   0.32547   0.29111
   0.33816   0.29540
   0.35257   0.29584
   0.35684   0.29557
   0.37053   0.29431
   0.38190   0.29305
   0.39203   0.29159
   0.40310   0.29049
   0.41040   0.28737
   0.41965   0.27852
   0.42755   0.27238
   0.43181   0.26894
   0.44286   0.25568
   0.44840   0.25270
   0.45973   0.24624
   0.46675   0.24298
   0.48682   0.23266
   0.49244   0.23638
   0.50153   0.23387
   0.51462   0.23345
   0.52855   0.23261
   0.54283   0.22485
   0.54562   0.22325
   0.56237   0.22120
   0.57137   0.20796
   0.58140   0.19873
   0.58899   0.19139
   0.59241   0.18679
   0.59991   0.17631
   0.60969   0.16337
   0.61229   0.15627
   0.61436   0.13620
   0.61546   0.12146
   0.61854   0.10907
   0.62198   0.09971
   0.63179   0.08318
   0.63325   0.08060
   0.64345   0.06608
   0.64423   0.05636
   0.64660   0.04520
   0.65060   0.02841
   0.65297   0.01732
   0.65516   0.00000
   0.65582  -0.02091
   0.65605  -0.02864
   0.65617  -0.03523
   0.65561  -0.05736
   0.65086  -0.07701
   0.64724  -0.08521
   0.63930  -0.10214
   0.63557  -0.11207
   0.63304  -0.11812
   0.62537  -0.12813
   0.61795  -0.13700
   0.60813  -0.14810
   0.59986  -0.16073
   0.58856  -0.17640
   0.58455  -0.18168
   0.58311  -0.18385
   0.58029  -0.18802
   0.56641  -0.20616
   0.55967  -0.21461
   0.54784  -0.21773
   0.54025  -0.22378
   0.52854  -0.23258
   0.51897  -0.24200
   0.50918  -0.24510
   0.49704  -0.24857
   0.48921  -0.25466
   0.46844  -0.26953
   0.46760  -0.26997
   0.46745  -0.27033
   0.46599  -0.27201
   0.45012  -0.28676
   0.43918  -0.29620
   0.43219  -0.30263
   0.41166  -0.31309
   0.40930  -0.31407
   0.40855  -0.31438
   0.40677  -0.31538
   0.38776  -0.32537
   0.37689  -0.32837
   0.36602  -0.33539
   0.34849  -0.34581
   0.34654  -0.34654
   0.34566  -0.34709
   0.33888  -0.35195
   0.32570  -0.35544
   0.31394  -0.35812
   0.30089  -0.35859
   0.29309  -0.35888
   0.28203  -0.35898
   0.26956  -0.35130
   0.26409  -0.34775
   0.25076  -0.34019
   0.24091  -0.33316
   0.22442  -0.32051
   0.22057  -0.32000
   0.21816  -0.31591
   0.19766  -0.31026
   0.19262  -0.30859
   0.18732  -0.30529
   0.16897  -0.29266
   0.16550  -0.29167
   0.16119  -0.28846
   0.14813  -0.28455
   0.14064  -0.28192
   0.12903  -0.27670
   0.12833  -0.27624
   0.11710  -0.26831
   0.10929  -0.26384
   0.09970  -0.25772
   0.09502  -0.25429
   0.09211  -0.25306
   0.08226  -0.24698
   0.07624  -0.24182
   0.07517  -0.24085
   0.07222  -0.23987
   0.06340  -0.23660
   0.05626  -0.22945
   0.05037  -0.22722
   0.04108  -0.22316
   0.03906  -0.22150
   0.03812  -0.22109
   0.02913  -0.22123
   0.01936  -0.22095
   0.01931  -0.22093
   0.01915  -0.22087
   0.00911  -0.20870
   0.00609  -0.20449
   0.00000  -0.20597
  -0.00566  -0.20589
  -0.00898  -0.20571
  -0.01226  -0.20547
  -0.01794  -0.20505
  -0.02313  -0.20660
  -0.02750  -0.20890
  -0.03495  -0.21242
  -0.03758  -0.21311
  -0.03992  -0.21095
  -0.04643  -0.20943
  -0.05275  -0.20774
  -0.05460  -0.20376
  -0.05835  -0.20420
  -0.06400  -0.21226
  -0.06716  -0.21302
  -0.07603  -0.21480
  -0.07895  -0.21691
  -0.08609  -0.22088
  -0.09209  -0.22233
  -0.09564  -0.22308
  -0.10272  -0.22848
  -0.10841  -0.23249
  -0.11663  -0.23619
  -0.12710  -0.24537
  -0.12799  -0.24587
  -0.13961  -0.25190
  -0.14797  -0.25630
  -0.15890  -0.25986
  -0.16410  -0.26133
  -0.16834  -0.26423
  -0.18433  -0.27425
  -0.19056  -0.27824
  -0.19628  -0.28032
  -0.21795  -0.28412
  -0.21802  -0.28413
  -0.21807  -0.28414
  -0.24377  -0.29051
  -0.24635  -0.29028
  -0.24947  -0.29182
  -0.27070  -0.29542
  -0.27667  -0.29613
  -0.28332  -0.29793
  -0.30223  -0.30223
  -0.30734  -0.29905
  -0.31805  -0.29144
  -0.33217  -0.28057
  -0.33332  -0.27969
  -0.33427  -0.27965
  -0.33513  -0.27994
  -0.33812  -0.28100
  -0.36246  -0.28865
  -0.36970  -0.29064
  -0.38353  -0.29429
  -0.38900  -0.29561
  -0.40442  -0.29566
  -0.41920  -0.29353
  -0.42486  -0.29054
  -0.43622  -0.28421
  -0.44212  -0.28166
  -0.46625  -0.27004
  -0.46699  -0.26962
  -0.46720  -0.26951
  -0.46747  -0.26945
  -0.48049  -0.26673
  -0.50094  -0.26152
  -0.50139  -0.26139
  -0.50185  -0.26124
  -0.53415  -0.24944
  -0.53446  -0.24961
  -0.53486  -0.24941
  -0.53541  -0.24873
  -0.55824  -0.23123
  -0.56432  -0.22618
  -0.57300  -0.20855
  -0.58239  -0.19580
  -0.58763  -0.18835
  -0.58899  -0.18571
  -0.59096  -0.18182
  -0.60250  -0.16144
  -0.60910  -0.14997
  -0.62096  -0.13766
  -0.62408  -0.13427
  -0.63458  -0.12077
  -0.63882  -0.11264
  -0.64494  -0.09731
  -0.64861  -0.08539
  -0.65098  -0.07720
  -0.65831  -0.05759
  -0.66055  -0.05202
  -0.66683  -0.03549
  -0.67081  -0.02929
  -0.68597  -0.00372
  -0.68734  -0.00170
  -0.68746  -0.00000
  -0.68774   0.00221
  -0.68568   0.02048
  -0.68426   0.02988
  -0.67992   0.05445
  -0.67950   0.05945
  -0.67796   0.06559
  -0.67421   0.08876
  -0.67022   0.10915
  -0.66680   0.11757
  -0.64825   0.13714
  -0.64522   0.14015
  -0.64146   0.14221
  -0.61968   0.15332
  -0.61335   0.15842
  -0.60969   0.16337
  -0.60384   0.17380
  -0.59825   0.18863
  -0.59318   0.20119
  -0.58275   0.21210
  -0.57303   0.22173
  -0.56537   0.22894
  -0.55956   0.23178
  -0.53780   0.24147
  -0.53306   0.24540
  -0.53106   0.24764
  -0.52539   0.25263
  -0.51101   0.26602
  -0.50455   0.27170
  -0.49089   0.27993
  -0.48786   0.28167
  -0.47309   0.28944
  -0.45595   0.28851
  -0.45356   0.28895
  -0.43805   0.29140
  -0.42310   0.29626
  -0.41495   0.30453
  -0.40794   0.31133
  -0.40648   0.31190
  -0.40162   0.31373
  -0.38583   0.32375
  -0.37516   0.31857
  -0.36884   0.32042
  -0.34246   0.31380
  -0.34171   0.31359
  -0.34127   0.31341
  -0.34007   0.31291
  -0.31491   0.30250
  -0.30789   0.30256
  -0.30411   0.30411
  -0.29699   0.30700
  -0.28921   0.31561
  -0.28014   0.32507
  -0.27098   0.32294
  -0.25640   0.32812
  -0.25980   0.33858
  -0.26283   0.34870
  -0.26153   0.36156
  -0.26634   0.37915
  -0.26681   0.38104
  -0.25335   0.39231
  -0.27131   0.40632
  -0.27924   0.41290
  -0.29126   0.42437
  -0.30752   0.43918
  -0.30952   0.44177
  -0.30956   0.44193
  -0.30962   0.44202
  -0.32823   0.46000
  -0.34045   0.47132
  -0.34544   0.47771
  -0.35820   0.48583
  -0.36472   0.49447
  -0.37100   0.50277
  -0.38463   0.50127
  -0.39752   0.49948
  -0.40873   0.49905
  -0.41607   0.49585
  -0.42968   0.48913
  -0.44323   0.48370
  -0.44859   0.48143
  -0.46808   0.46808
  -0.47059   0.46646
  -0.48809   0.45466
  -0.49193   0.45077
  -0.49606   0.44652
  -0.51393   0.43124
  -0.52580   0.40753
  -0.52788   0.40505
  -0.53016   0.40230
  -0.53095   0.39640
  -0.53335   0.37346
  -0.54027   0.36164
  -0.54536   0.34744
  -0.55344   0.32219
  -0.55439   0.32008
  -0.55852   0.31724
  -0.57821   0.30100
  -0.58523   0.29482
  -0.59665   0.28817
  -0.60585   0.28251
  -0.61596   0.26670
  -0.62915   0.26060
  -0.63590   0.25729
  -0.64773   0.24418
  -0.65313   0.23772
  -0.67290   0.22498
  -0.67918   0.22067
  -0.69839   0.22025
  -0.69845   0.22022
  -0.71532   0.21184
  -0.72806   0.19508
  -0.73103   0.18911
  -0.73990   0.17035
  -0.74551   0.16527
  -0.76287   0.14863
  -0.77193   0.15069
  -0.77955   0.13746
  -0.78851   0.13051
  -0.79981   0.12133
  -0.80731   0.10628
  -0.81595   0.08778
  -0.82129   0.07938
  -0.82586   0.07225
  -0.84090   0.04023
  -0.84180   0.03817
  -0.84238   0.03678
  -0.84498   0.03042
  -0.85657  -0.00000
  -0.85161  -0.01936
  -0.86053  -0.03757
  -0.86162  -0.03989
  -0.86256  -0.03766
  -0.87032  -0.01848
  -0.86970  -0.00000
  -0.87861   0.02069
  -0.88215   0.02945
  -0.88662   0.03871
  -0.89328   0.05319
  -0.89832   0.05349
  -0.90118   0.05366
                    
  -0.10125  -0.12377
  -0.10425  -0.13001
  -0.11174  -0.13711
  -0.11684  -0.13925
  -0.11727  -0.13499
  -0.11033  -0.12489
  -0.10419  -0.12094
  -0.10075  -0.12007
  -0.10125  -0.12377
                    
   0.04327  -0.14814
   0.04750  -0.15973
   0.05072  -0.17438
   0.04953  -0.18485
   0.04321  -0.17828
   0.03916  -0.16198
   0.03853  -0.15337
   0.04012  -0.14974
   0.04327  -0.14814
                    
   0.09006  -0.14137
   0.08489  -0.14600
   0.08455  -0.14644
   0.08403  -0.14662
   0.08025  -0.15417
   0.07724  -0.15944
   0.07475  -0.16029
   0.07190  -0.15831
   0.06836  -0.15198
   0.06564  -0.14561
   0.06779  -0.14538
   0.06951  -0.14483
   0.07517  -0.14439
   0.08242  -0.14349
   0.08276  -0.14335
   0.08306  -0.14317
   0.08928  -0.14014
   0.09390  -0.13767
   0.09006  -0.14137
                    
   0.01936  -0.22095
   0.01933  -0.22094
                    
   0.90096  -0.05731
   0.89737  -0.05708
   0.89306  -0.05680
   0.88536  -0.05908
   0.87648  -0.06453
   0.85976  -0.07425
   0.85932  -0.07440
   0.85903  -0.07465
   0.85872  -0.07513
   0.83523  -0.10543
   0.83363  -0.10737
   0.83312  -0.10968
   0.83241  -0.11283
   0.81935  -0.14447
   0.81276  -0.15481
   0.80472  -0.16098
   0.78142  -0.17183
   0.78052  -0.17196
   0.77995  -0.17203
   0.77929  -0.17276
   0.76232  -0.19057
   0.75113  -0.20126
   0.75087  -0.20156
   0.75060  -0.20166
   0.75020  -0.20164
   0.74829  -0.20050
   0.73063  -0.19066
   0.71565  -0.18265
   0.70921  -0.18243
   0.70512  -0.18354
   0.70195  -0.18809
   0.68792  -0.20504
   0.68043  -0.21454
   0.67809  -0.21744
   0.67451  -0.22011
   0.65062  -0.23681
   0.64642  -0.24009
   0.64068  -0.24516
   0.62585  -0.25924
   0.61626  -0.26781
   0.60527  -0.28224
   0.58899  -0.30542
   0.58819  -0.30619
   0.58785  -0.30652
   0.58566  -0.30990
   0.57187  -0.33017
   0.55730  -0.34460
   0.54869  -0.34955
   0.52615  -0.36148
   0.52270  -0.36380
   0.52104  -0.36484
   0.52120  -0.36660
   0.51916  -0.37146
   0.51411  -0.39449
   0.51104  -0.40651
   0.50216  -0.42136
   0.48903  -0.43472
   0.48172  -0.44142
   0.47244  -0.44964
   0.46039  -0.46039
   0.45012  -0.48624
   0.44918  -0.48844
   0.44850  -0.48945
   0.44724  -0.49129
   0.43254  -0.51548
   0.41240  -0.51862
   0.40473  -0.51960
   0.39604  -0.51613
   0.38310  -0.51063
   0.36992  -0.50766
   0.35880  -0.49878
   0.34025  -0.48326
   0.33887  -0.48240
   0.33842  -0.48160
   0.33533  -0.47890
   0.31181  -0.47128
   0.30521  -0.46887
   0.29520  -0.46337
   0.28559  -0.45779
   0.27591  -0.43802
   0.27406  -0.43568
   0.27167  -0.43265
   0.26367  -0.41388
   0.26279  -0.41189
   0.26175  -0.41086
   0.24827  -0.39729
   0.24236  -0.39491
   0.22293  -0.38613
   0.21755  -0.38640
   0.20330  -0.39054
   0.18696  -0.39461
   0.18465  -0.39526
   0.18438  -0.39541
   0.18405  -0.39550
   0.16544  -0.39942
   0.15194  -0.40170
   0.14657  -0.40269
   0.13626  -0.40154
   0.12658  -0.40146
   0.12071  -0.40128
   0.10797  -0.39671
   0.10610  -0.39598
   0.09036  -0.40108
   0.08907  -0.40147
   0.08896  -0.40145
   0.08896  -0.40145
   0.07151  -0.40556
   0.06691  -0.40566
   0.05465  -0.40564
   0.05344  -0.40595
   0.05242  -0.40621
   0.03554  -0.40620
   0.01987  -0.40757
   0.01779  -0.40753
   0.01552  -0.40747
   0.00000  -0.40810
  -0.01609  -0.40825
  -0.01784  -0.40857
  -0.01913  -0.40879
  -0.03570  -0.40805
  -0.04361  -0.40882
  -0.05271  -0.40950
  -0.05394  -0.40974
  -0.05590  -0.41009
  -0.07250  -0.41119
  -0.08442  -0.41223
  -0.09131  -0.41186
  -0.09996  -0.41123
  -0.11014  -0.41106
  -0.11715  -0.41132
  -0.12952  -0.41079
  -0.14774  -0.40930
  -0.14894  -0.40921
  -0.14970  -0.40920
  -0.15233  -0.40923
  -0.17063  -0.41193
  -0.18111  -0.41302
  -0.19253  -0.41289
  -0.20666  -0.41471
  -0.21312  -0.41535
  -0.21665  -0.41618
  -0.23541  -0.41992
  -0.24299  -0.42088
  -0.24462  -0.42139
  -0.24586  -0.42221
  -0.25273  -0.42633
  -0.27270  -0.43653
  -0.27591  -0.43804
  -0.28129  -0.44154
  -0.29643  -0.45085
  -0.30722  -0.45771
  -0.32227  -0.46025
  -0.32636  -0.46133
  -0.34157  -0.46495
  -0.35176  -0.47308
  -0.36813  -0.47976
  -0.37493  -0.48232
  -0.38129  -0.48181
  -0.40232  -0.47946
  -0.41158  -0.48145
  -0.42150  -0.47941
  -0.44135  -0.48165
  -0.44849  -0.48224
  -0.45963  -0.47726
  -0.47159  -0.47159
  -0.48825  -0.45228
  -0.49074  -0.44968
  -0.49336  -0.44694
  -0.50866  -0.42682
  -0.51372  -0.41849
  -0.52199  -0.40420
  -0.52287  -0.40122
  -0.52521  -0.39302
  -0.53315  -0.37332
  -0.54277  -0.36093
  -0.54935  -0.34997
  -0.55626  -0.33789
  -0.56463  -0.32599
  -0.57794  -0.30999
  -0.58262  -0.30329
  -0.58604  -0.29828
  -0.60041  -0.28026
  -0.60057  -0.28005
  -0.61644  -0.26847
  -0.63224  -0.26616
  -0.63699  -0.26385
  -0.65142  -0.25644
  -0.66604  -0.24242
  -0.66717  -0.24145
  -0.68172  -0.22851
  -0.69150  -0.21803
  -0.70302  -0.20500
  -0.71105  -0.19952
  -0.71782  -0.19234
  -0.73404  -0.17704
  -0.74014  -0.17097
  -0.75031  -0.16634
  -0.76024  -0.16158
  -0.77602  -0.16127
  -0.78588  -0.14551
  -0.78964  -0.13923
  -0.79631  -0.11312
  -0.79837  -0.10511
  -0.80125  -0.09328
  -0.80585  -0.07050
  -0.81219  -0.06063
  -0.81896  -0.05286
  -0.83405  -0.04761
  -0.83979  -0.05898
  -0.84700  -0.07410
  -0.85494  -0.08162
  -0.85876  -0.08065
  -0.86143  -0.08172
  -0.87496  -0.08259
  -0.88864  -0.08345
  -0.89085  -0.08467
  -0.89221  -0.08480
  -0.89873  -0.08542
                    
   0.50766   0.74652
   0.50461   0.74203
   0.50321   0.73998
   0.49862   0.73623
   0.48625   0.73208
   0.47991   0.72984
   0.47227   0.72176
   0.46085   0.72338
   0.44392   0.72544
   0.42294   0.73256
   0.41195   0.73419
   0.39531   0.73632
   0.38528   0.74011
   0.36960   0.74573
   0.34985   0.75025
   0.34017   0.75343
   0.31541   0.76146
   0.28090   0.77121
   0.28071   0.77126
   0.28056   0.77132
   0.24695   0.78323
   0.21434   0.79325
   0.21270   0.79380
   0.21100   0.79414
   0.20640   0.79428
   0.17535   0.79096
   0.16355   0.78933
   0.13901   0.78835
   0.11364   0.79111
   0.10496   0.79187
   0.10422   0.79161
   0.09702   0.78902
   0.06864   0.78454
   0.06423   0.79665
   0.05860   0.81117
   0.04338   0.81951
   0.03588   0.82175
   0.01276   0.82811
  -0.00000   0.82878
  -0.00962   0.82632
  -0.03585   0.82116
  -0.04338   0.81951
  -0.06328   0.81352
  -0.07106   0.81218
  -0.08478   0.80779
  -0.10513   0.79851
  -0.11133   0.79553
  -0.13884   0.78740
  -0.16702   0.78606
  -0.17450   0.78712
  -0.20497   0.79058
  -0.21183   0.79054
  -0.21489   0.79014
  -0.22136   0.79024
  -0.24773   0.78571
  -0.27293   0.78054
  -0.28306   0.77771
  -0.29826   0.77431
  -0.31786   0.76738
  -0.33480   0.76094
  -0.35300   0.75700
  -0.38425   0.74905
  -0.38789   0.74804
  -0.38933   0.74790
  -0.39773   0.74702
  -0.42811   0.74150
  -0.43613   0.73893
  -0.44618   0.73817
  -0.45772   0.74353
  -0.46294   0.74704
  -0.46648   0.74938
  -0.47973   0.75302
  -0.48239   0.75371
  -0.48645   0.76006
  -0.48665   0.76038
                    
  -0.49035  -0.75800
  -0.48966  -0.75695
  -0.48605  -0.75136
  -0.47854  -0.75116
  -0.46561  -0.75061
  -0.45426  -0.75235
  -0.43578  -0.75479
  -0.42357  -0.75724
  -0.39956  -0.76754
  -0.37085  -0.77875
  -0.36534  -0.78062
  -0.36419  -0.78101
  -0.36235  -0.78159
  -0.32704  -0.78954
  -0.31018  -0.79276
  -0.29045  -0.79801
  -0.25539  -0.80219
  -0.25366  -0.80235
  -0.25299  -0.80237
  -0.25094  -0.80241
  -0.21524  -0.80330
  -0.20394  -0.80128
  -0.19474  -0.79722
  -0.17597  -0.79374
  -0.16199  -0.79079
  -0.13953  -0.79131
  -0.11925  -0.79893
  -0.10651  -0.80904
  -0.09914  -0.81465
  -0.08790  -0.82522
  -0.07278  -0.83192
  -0.04610  -0.83504
  -0.03652  -0.83643
  -0.02961  -0.83735
   0.00000  -0.83898
   0.02206  -0.83329
   0.03010  -0.82011
   0.03554  -0.81392
   0.04423  -0.80364
   0.06979  -0.79771
   0.09480  -0.80006
   0.10589  -0.80433
   0.12489  -0.81110
   0.13101  -0.81793
   0.14430  -0.81834
   0.16003  -0.81461
   0.17981  -0.81106
   0.19768  -0.80742
   0.21497  -0.80228
   0.23156  -0.79785
   0.24990  -0.79258
   0.26725  -0.78718
   0.28439  -0.78136
   0.30934  -0.77603
   0.32017  -0.77296
   0.32753  -0.77077
   0.35054  -0.76541
   0.35624  -0.76397
   0.38397  -0.75401
   0.39160  -0.75225
   0.41178  -0.74721
   0.42799  -0.74131
   0.43633  -0.73859
   0.44756  -0.73734
   0.47129  -0.73978
   0.47309  -0.73993
   0.47357  -0.74035
   0.47417  -0.74088
   0.49213  -0.74739
   0.49498  -0.75172
   0.49648  -0.75400
                    
   2.31578   0.00000
   2.30835  -0.00184
   2.29871  -0.00380
   2.29550  -0.00562
   2.28907  -0.00884
   2.28358  -0.01023
   2.28724  -0.01214
   2.29790  -0.01728
   2.30098  -0.01898
   2.30574  -0.02452
   2.29555  -0.02646
   2.27537  -0.02379
   2.27409  -0.02382
   2.26379  -0.02370
   2.26260  -0.02571
   2.26290  -0.02806
   2.26180  -0.03000
   2.26076  -0.03174
   2.26073  -0.03424
   2.25285  -0.03485
   2.25269  -0.03563
   2.25251  -0.03647
   2.24746  -0.03485
   2.22255  -0.02563
   2.21717  -0.02347
   2.21687  -0.02341
   2.21686  -0.02343
   2.21694  -0.02397
   2.22832  -0.03209
   2.23328  -0.03628
   2.23863  -0.04155
   2.23375  -0.04139
   2.22287  -0.03580
   2.21331  -0.03043
   2.21107  -0.03093
   2.21099  -0.03104
   2.21092  -0.03115
   2.20891  -0.03241
   2.20699  -0.03348
   2.20681  -0.03369
   2.20664  -0.03389
   2.20413  -0.03433
   2.20190  -0.03456
   2.20157  -0.03490
   2.20123  -0.03524
   2.20079  -0.03724
   2.20017  -0.03944
   2.19993  -0.03964
   2.19969  -0.03985
   2.20133  -0.04358
   2.21267  -0.05995
   2.21670  -0.06629
   2.21818  -0.07133
   2.21901  -0.07475
   2.21583  -0.07297
   2.21237  -0.07080
   2.20946  -0.06717
   2.19537  -0.04772
   2.19345  -0.04598
   2.19327  -0.04608
   2.19309  -0.04619
   2.19137  -0.04746
   2.18955  -0.04870
   2.18941  -0.04877
   2.18926  -0.04883
   2.18649  -0.04786
   2.18418  -0.04685
   2.18377  -0.04700
   2.18337  -0.04715
   2.18183  -0.04810
   2.18020  -0.04903
   2.17983  -0.04913
   2.17947  -0.04923
   2.17773  -0.04991
   2.17593  -0.05054
   2.17559  -0.05060
   2.17525  -0.05066
   2.17326  -0.05005
   2.17145  -0.04941
   2.17099  -0.04945
   2.17054  -0.04949
   2.16884  -0.04983
   2.16709  -0.05012
   2.16667  -0.05012
   2.16624  -0.05012
   2.16447  -0.05027
   2.16266  -0.05035
   2.16226  -0.05032
   2.16186  -0.05028
   2.15998  -0.05079
   2.15794  -0.05123
   2.15764  -0.05118
   2.15735  -0.05113
   2.15565  -0.04968
   2.15419  -0.04829
   2.15376  -0.04818
   2.15333  -0.04806
   2.15151  -0.04806
   2.14961  -0.04797
   2.14925  -0.04784
   2.14890  -0.04771
   2.14723  -0.04692
   2.14561  -0.04608
   2.14526  -0.04591
   2.14490  -0.04575
   2.14283  -0.04579
   2.14057  -0.04571
   2.14035  -0.04558
   2.14013  -0.04546
   2.13736  -0.04735
   2.12963  -0.05814
   2.12290  -0.06679
   2.11720  -0.07064
   2.11678  -0.06613
   2.11808  -0.06332
   2.12366  -0.05278
   2.12528  -0.04932
   2.12280  -0.05089
   2.11396  -0.05752
   2.11104  -0.05945
   2.10702  -0.05965
   2.10990  -0.05365
   2.12563  -0.03764
   2.12565  -0.03758
   2.12778  -0.03310
   2.12755  -0.03283
   2.12731  -0.03255
   2.12649  -0.03083
   2.12578  -0.02915
   2.12553  -0.02880
   2.12529  -0.02846
   2.12159  -0.02872
   2.11894  -0.02870
   2.10706  -0.03572
   2.09091  -0.04474
   2.07091  -0.05528
   2.07044  -0.05551
   2.07606  -0.04717
   2.07876  -0.04378
   2.07475  -0.04286
   2.07336  -0.04143
   2.07341  -0.03863
   2.07353  -0.03629
   2.07216  -0.03440
   2.07065  -0.03283
   2.06896  -0.03081
   2.06705  -0.02836
   2.06596  -0.02698
   2.06949  -0.02373
   2.07017  -0.02139
   2.07078  -0.01953
   2.08012  -0.01583
   2.08332  -0.01470
   2.07993  -0.01477
   2.06941  -0.01460
   2.06669  -0.01316
   2.06227  -0.01049
   2.05926  -0.00940
   2.05888  -0.00873
   2.05554  -0.00579
   2.05071  -0.00506
   2.03919  -0.00280
   2.03536  -0.00000
   2.04084   0.00247
   2.05545   0.00344
   2.05747   0.00477
   2.06243   0.00768
   2.06295   0.00907
   2.06674   0.01090
   2.06743   0.01306
   2.06811   0.01505
   2.07866   0.01552
   2.07828   0.01921
   2.07845   0.01956
   2.07861   0.01988
   2.07858   0.02360
   2.07763   0.02722
   2.07796   0.02797
   2.07829   0.02868
   2.07791   0.03230
   2.08109   0.03471
   2.08089   0.03553
   2.08066   0.03657
   2.08497   0.03810
   2.07447   0.04497
   2.07565   0.04738
   2.07689   0.04978
   2.07500   0.05292
   2.08148   0.05182
   2.08319   0.05318
   2.08471   0.05432
   2.09339   0.04870
   2.10473   0.04129
   2.12070   0.03144
   2.12459   0.02903
   2.12479   0.02932
   2.12500   0.02962
   2.12192   0.03315
   2.10466   0.04758
   2.09997   0.05179
   2.09789   0.05488
   2.09448   0.06057
   2.10081   0.05835
   2.10367   0.05717
   2.10741   0.05430
   2.12639   0.03846
   2.12978   0.03645
   2.13000   0.03667
   2.13021   0.03689
   2.13086   0.03908
   2.13171   0.04147
   2.13180   0.04155
   2.13190   0.04163
   2.13346   0.04328
   2.13514   0.04491
   2.13519   0.04495
   2.13525   0.04499
   2.13823   0.04463
   2.14077   0.04414
   2.14108   0.04432
   2.14139   0.04449
   2.14234   0.04674
   2.14359   0.04922
   2.14369   0.04927
   2.14380   0.04932
   2.14677   0.04804
   2.14918   0.04676
   2.14959   0.04691
   2.15000   0.04706
   2.15163   0.04768
   2.15329   0.04825
   2.15371   0.04836
   2.15412   0.04847
   2.15573   0.04931
   2.15745   0.05013
   2.15782   0.05019
   2.15818   0.05025
   2.15990   0.05142
   2.16183   0.05258
   2.16206   0.05260
   2.16230   0.05262
   2.16437   0.05250
   2.16639   0.05230
   2.16667   0.05230
   2.16694   0.05230
   2.16891   0.05136
   2.17068   0.05040
   2.17107   0.05037
   2.17147   0.05033
   2.17349   0.05180
   2.17593   0.05331
   2.17606   0.05329
   2.17620   0.05327
   2.17799   0.05106
   2.17940   0.04903
   2.17978   0.04893
   2.18016   0.04883
   2.18225   0.04941
   2.18460   0.04991
   2.18481   0.04984
   2.18501   0.04976
   2.18702   0.04913
   2.18902   0.04842
   2.18920   0.04833
   2.18938   0.04825
   2.19137   0.04746
   2.19336   0.04658
   2.19351   0.04649
   2.19366   0.04641
   2.19564   0.04548
   2.19763   0.04445
   2.19774   0.04438
   2.19785   0.04430
   2.19899   0.04212
   2.19992   0.04008
   2.20014   0.03989
   2.20037   0.03971
   2.20196   0.03852
   2.20354   0.03725
   2.20373   0.03706
   2.20392   0.03687
   2.20441   0.03459
   2.20474   0.03251
   2.20502   0.03218
   2.20530   0.03185
   2.20656   0.03061
   2.20781   0.02930
   2.20804   0.02897
   2.20827   0.02864
   2.21361   0.02996
   2.21492   0.03074
   2.23425   0.04179
   2.24279   0.04412
   2.24326   0.04422
   2.24296   0.04383
   2.23837   0.03830
   2.23267   0.03436
   2.21667   0.02451
   2.21554   0.02295
   2.21560   0.02282
   2.21566   0.02269
   2.21786   0.02193
   2.22547   0.02436
   2.23650   0.02731
   2.24246   0.02759
   2.24067   0.02461
   2.23921   0.02287
   2.23696   0.02045
   2.23509   0.01833
   2.24193   0.01799
   2.24387   0.01711
   2.24526   0.01642
   2.25314   0.01624
   2.25717   0.01596
   2.25382   0.01207
   2.25328   0.01149
   2.25323   0.01140
   2.25317   0.01128
   2.24946   0.00724
   2.25435   0.00733
   2.26927   0.00723
   2.27636   0.00479
   2.27786   0.00420
   2.29499   0.00298
   2.30835   0.00123
   2.31578   0.00000
                    
   2.21688  -0.02339
   2.21687  -0.02341
                    
   2.72466   0.70968
   2.72334   0.70800
   2.71977   0.70346
   2.72648   0.69029
   2.73348   0.67550
   2.73478   0.67054
   2.73848   0.65540
   2.73748   0.64664
   2.73380   0.62566
   2.73300   0.62289
   2.73254   0.62133
   2.73209   0.61705
   2.72958   0.59717
   2.73590   0.58304
   2.74182   0.57515
   2.75460   0.54683
   2.75755   0.54145
   2.75880   0.53915
   2.75873   0.53687
   2.75831   0.52631
   2.75870   0.50356
   2.75831   0.50074
   2.75872   0.49679
   2.76359   0.48626
   2.77474   0.46659
   2.78133   0.45428
   2.78486   0.43359
   2.78496   0.43293
   2.78765   0.41223
   2.78549   0.39423
   2.78518   0.39204
   2.79023   0.37095
   2.79166   0.36084
   2.79482   0.32991
   2.79495   0.32813
   2.79488   0.32703
   2.79417   0.31704
   2.79198   0.29159
   2.79312   0.28753
   2.79505   0.27514
   2.79752   0.26131
   2.80055   0.24126
   2.79798   0.22978
   2.79485   0.21076
   2.79330   0.20265
   2.79078   0.19678
   2.78056   0.17504
   2.77361   0.17177
   2.75694   0.17060
   2.74530   0.16962
   2.73268   0.16481
   2.71825   0.16316
   2.70815   0.16164
   2.70043   0.16043
   2.68257   0.15804
   2.67449   0.16011
   2.66231   0.16291
   2.65291   0.16878
   2.64427   0.17383
   2.63434   0.18184
   2.62061   0.18068
   2.60710   0.18244
   2.59808   0.18334
   2.59052   0.18719
   2.57937   0.19245
   2.57292   0.20399
   2.56454   0.20712
   2.54814   0.21249
   2.54182   0.21129
   2.53419   0.21219
   2.52058   0.20923
   2.50640   0.20571
   2.49426   0.20019
   2.47663   0.19747
   2.47071   0.19635
   2.46496   0.19827
   2.45434   0.20143
   2.44493   0.20454
   2.43533   0.20615
   2.42379   0.20756
   2.41751   0.20632
   2.41296   0.20666
   2.39239   0.20451
   2.39063   0.20424
   2.39014   0.20478
   2.38965   0.20531
   2.37552   0.20886
   2.36872   0.21281
   2.36413   0.21549
   2.35843   0.21865
   2.35258   0.22156
   2.34862   0.22651
   2.34317   0.23002
   2.33717   0.23369
   2.33352   0.23829
   2.32777   0.23915
   2.31574   0.23400
   2.31454   0.23344
   2.30392   0.22914
   2.29910   0.22938
   2.29537   0.23261
   2.29147   0.23975
   2.28556   0.24945
   2.28480   0.25169
   2.28433   0.25232
   2.28355   0.25258
   2.27277   0.25515
   2.27239   0.25524
   2.26138   0.25768
   2.26051   0.25783
   2.25906   0.25761
   2.24542   0.24976
   2.24123   0.24704
   2.23284   0.24694
   2.22573   0.25139
   2.22299   0.25406
   2.21815   0.25854
   2.21283   0.26180
   2.20739   0.26160
   2.20122   0.26248
   2.19504   0.26322
   2.18962   0.26240
   2.18490   0.26501
   2.17841   0.26899
   2.16726   0.27512
   2.16667   0.27538
   2.16624   0.27546
   2.15715   0.27617
   2.15460   0.27644
   2.14323   0.27736
   2.14243   0.27704
   2.14190   0.27661
   2.13935   0.27498
   2.13107   0.27042
   2.12323   0.26568
   2.12014   0.26389
   2.11641   0.26369
   2.10832   0.26317
   2.09910   0.26226
   2.09649   0.26192
   2.09423   0.26195
   2.08506   0.26401
   2.08330   0.26439
   2.07249   0.26641
   2.07009   0.26534
   2.06718   0.26503
   2.05972   0.25819
   2.05365   0.25217
   2.05099   0.24955
   2.05044   0.24924
   2.04986   0.24866
   2.04285   0.23786
   2.03924   0.23166
   2.03528   0.22757
   2.02957   0.22775
   2.01874   0.23341
   2.01739   0.23432
   2.00506   0.24207
   1.99577   0.24406
   1.98344   0.24055
   1.98232   0.24024
   1.98157   0.24003
   1.97726   0.23854
   1.96908   0.23547
   1.95884   0.23198
   1.95427   0.23179
   1.94265   0.23090
   1.93729   0.22937
   1.93441   0.22859
   1.92868   0.22924
   1.91954   0.22645
   1.90924   0.22286
   1.90498   0.21958
   1.89496   0.21621
   1.89079   0.21169
   1.88705   0.20749
   1.87523   0.20821
   1.86905   0.20839
   1.85719   0.20802
   1.84567   0.21061
   1.83709   0.20996
   1.82548   0.20867
   1.81144   0.20700
   1.80880   0.20661
   1.79647   0.20062
   1.78181   0.20034
   1.77860   0.20020
   1.76375   0.19748
   1.74746   0.19548
   1.74633   0.19497
   1.73259   0.18838
   1.71805   0.18582
   1.71451   0.18510
   1.70252   0.17556
   1.68493   0.17534
   1.68201   0.17328
   1.67012   0.16450
   1.66173   0.15921
   1.64841   0.15015
   1.63589   0.15524
   1.62452   0.15942
   1.61485   0.16302
   1.60182   0.16878
   1.59165   0.16270
   1.57493   0.15856
   1.57292   0.15805
   1.55580   0.15343
   1.54713   0.15386
   1.53345   0.15372
   1.53128   0.17025
   1.52764   0.17517
   1.51847   0.18818
   1.51187   0.20448
   1.51131   0.20663
   1.50693   0.22503
   1.50763   0.23987
   1.51122   0.27128
   1.51123   0.27149
   1.51123   0.27157
   1.51130   0.27186
   1.51884   0.30209
   1.52580   0.32190
   1.52903   0.33193
   1.53443   0.34772
   1.54016   0.36171
   1.54279   0.37081
   1.54461   0.38639
   1.54388   0.39676
   1.54321   0.41125
   1.54339   0.42625
   1.54373   0.43618
   1.54349   0.45111
   1.55443   0.46978
   1.57079   0.49559
   1.57224   0.49878
   1.57261   0.50000
   1.57370   0.50245
   1.58227   0.53550
   1.58412   0.54179
   1.59105   0.55447
   1.59875   0.56791
   1.60960   0.58580
   1.61845   0.59827
   1.63721   0.62306
   1.64037   0.62722
   1.64261   0.62923
   1.64669   0.63491
   1.65714   0.66402
   1.65891   0.66853
   1.66113   0.67317
   1.67557   0.70136
   1.69195   0.70853
   1.71014   0.71660
   1.72016   0.72082
   1.74570   0.72914
   1.74626   0.72938
   1.77374   0.74015
   1.77933   0.72350
   1.79304   0.71774
   1.80082   0.71428
   1.80289   0.71165
   1.80552   0.70827
   1.82084   0.69604
   1.81454   0.67644
   1.81275   0.67037
   1.80910   0.66506
   1.79512   0.64353
   1.78984   0.63519
   1.78746   0.62646
   1.77863   0.60910
   1.77391   0.59914
   1.75952   0.58147
   1.75894   0.58067
   1.74651   0.56291
   1.74130   0.55435
   1.72608   0.52721
   1.72537   0.52592
   1.72526   0.52548
   1.72477   0.52469
   1.71256   0.49557
   1.70968   0.48793
   1.70165   0.47201
   1.69938   0.46728
   1.68845   0.44899
   1.68424   0.44206
   1.67755   0.43064
   1.67014   0.41664
   1.66661   0.40855
   1.66695   0.39723
   1.67897   0.37697
   1.68001   0.37509
   1.68047   0.37427
   1.68227   0.37169
   1.69518   0.35389
   1.70840   0.35164
   1.71758   0.34986
   1.72138   0.34793
   1.72707   0.34501
   1.74583   0.33769
   1.75556   0.32928
   1.76659   0.32382
   1.78515   0.31417
   1.78930   0.31033
   1.79303   0.31022
   1.79572   0.31126
   1.80191   0.31408
   1.81751   0.31994
   1.82366   0.32203
   1.83856   0.32811
   1.83983   0.32844
   1.85456   0.33182
   1.86357   0.33077
   1.87887   0.32840
   1.88638   0.32725
   1.89128   0.32819
   1.89531   0.33230
   1.90824   0.33678
   1.91592   0.33920
   1.92437   0.34603
   1.94086   0.34880
   1.94356   0.35020
   1.94594   0.35142
   1.95113   0.35011
   1.96725   0.34539
   1.97535   0.34877
   1.98372   0.35143
   1.99436   0.35451
   2.00043   0.35649
   2.00591   0.36027
   2.01728   0.36065
   2.03458   0.36048
   2.03530   0.36051
   2.03543   0.36058
   2.03562   0.36057
   2.05353   0.35881
   2.06306   0.35744
   2.07122   0.35621
   2.08053   0.35857
   2.08729   0.35804
   2.09183   0.35761
   2.10322   0.35981
   2.11508   0.36116
   2.11894   0.36253
   2.12394   0.36422
   2.13476   0.36467
   2.14746   0.36325
   2.15081   0.36326
   2.15398   0.36324
   2.16667   0.36061
   2.18158   0.35917
   2.18234   0.35897
   2.18292   0.35881
   2.19789   0.35685
   2.21311   0.35585
   2.21351   0.35582
   2.21394   0.35579
   2.22911   0.35412
   2.24365   0.35135
   2.24453   0.35124
   2.24552   0.35111
   2.25983   0.34771
   2.27340   0.34570
   2.27551   0.34522
   2.27782   0.34467
   2.29111   0.34189
   2.30108   0.34681
   2.30719   0.35727
   2.31903   0.36783
   2.32534   0.37306
   2.33802   0.37373
   2.34098   0.37381
   2.34315   0.37133
   2.35116   0.36175
   2.35229   0.35657
   2.35604   0.33396
   2.35456   0.33046
   2.35544   0.32696
   2.35897   0.32658
   2.36546   0.32844
   2.37646   0.32931
   2.38763   0.32975
   2.39671   0.32853
   2.41247   0.32957
   2.41713   0.32972
   2.41915   0.32904
   2.42241   0.32792
   2.43893   0.32447
   2.44587   0.31467
   2.45065   0.30991
   2.45501   0.30541
   2.46063   0.29396
   2.47212   0.28856
   2.47888   0.28609
   2.49337   0.28025
   2.49789   0.27793
   2.50016   0.27627
   2.50418   0.27705
   2.51083   0.28143
   2.53018   0.28732
   2.53596   0.28890
   2.55205   0.30032
   2.56092   0.30252
   2.57334   0.30530
   2.58337   0.30213
   2.59325   0.29870
   2.60265   0.28332
   2.60769   0.28097
   2.62602   0.27168
   2.62790   0.26630
   2.63269   0.26549
   2.63629   0.26568
   2.63846   0.26879
   2.63873   0.27255
   2.64745   0.29696
   2.64913   0.30232
   2.65083   0.30845
   2.65581   0.32905
   2.65454   0.33720
   2.65326   0.34072
   2.65269   0.35984
   2.65130   0.37187
   2.65094   0.37460
   2.65145   0.37750
   2.65567   0.40852
   2.65580   0.41019
   2.65582   0.41031
   2.65579   0.41042
   2.65569   0.41089
   2.64802   0.44108
   2.64571   0.44889
   2.64232   0.46130
   2.63901   0.47235
   2.62649   0.48771
   2.62571   0.50096
   2.62493   0.51046
   2.61709   0.52518
   2.61242   0.53122
   2.60315   0.54554
   2.59383   0.55669
   2.58842   0.56292
   2.58214   0.57515
   2.57658   0.58541
   2.56484   0.59939
   2.55685   0.61247
   2.54907   0.62452
   2.54133   0.63500
   2.53670   0.64092
   2.52272   0.65551
   2.51282   0.66495
   2.50852   0.66892
   2.49984   0.67761
   2.48796   0.68901
   2.47564   0.70141
   2.46615   0.71720
   2.46777   0.72693
   2.46950   0.73789
   2.46815   0.74019
   2.45441   0.76242
   2.45133   0.76971
   2.45088   0.77184
   2.44908   0.77593
   2.44386   0.79492
   2.44021   0.80696
   2.42545   0.82075
   2.42196   0.82389
   2.42641   0.82379
   2.44837   0.82288
   2.46443   0.81810
   2.50274   0.81206
   2.50292   0.81202
   2.50301   0.81201
   2.50349   0.81196
   2.54238   0.80573
   2.54845   0.80713
   2.55115   0.80806
   2.55176   0.80933
   2.55455   0.81520
                    
   1.77400  -0.81291
   1.77636  -0.80802
   1.77744  -0.80578
   1.78001  -0.80175
   1.78370  -0.79102
   1.78712  -0.78121
   1.79023  -0.77606
   1.77733  -0.74791
   1.77685  -0.74678
   1.77595  -0.74570
   1.75300  -0.71649
   1.74649  -0.71080
   1.74277  -0.70270
   1.73696  -0.67451
   1.73688  -0.67406
   1.73683  -0.67381
   1.73666  -0.67287
   1.73240  -0.64458
   1.72953  -0.63694
   1.72515  -0.63056
   1.70940  -0.60618
   1.70600  -0.60035
   1.70519  -0.59895
   1.70345  -0.59632
   1.68758  -0.57095
   1.68500  -0.56008
   1.68834  -0.55449
   1.68589  -0.52468
   1.68580  -0.52296
   1.68490  -0.52088
   1.67371  -0.49295
   1.66691  -0.48321
   1.66337  -0.46611
   1.66347  -0.46110
   1.66412  -0.44545
   1.66050  -0.42759
   1.66005  -0.42510
   1.65071  -0.40551
   1.64983  -0.39658
   1.64828  -0.37253
   1.64966  -0.36767
   1.65013  -0.36168
   1.65820  -0.34494
   1.66389  -0.33402
   1.67188  -0.32051
   1.68615  -0.32300
   1.69890  -0.32753
   1.70819  -0.33035
   1.71992  -0.33357
   1.73712  -0.32961
   1.73909  -0.32911
   1.75779  -0.31612
   1.76003  -0.31555
   1.76664  -0.31381
   1.78355  -0.30320
   1.79600  -0.29492
   1.80472  -0.30371
   1.81152  -0.31384
   1.81935  -0.31826
   1.82385  -0.32070
   1.83406  -0.33261
   1.85040  -0.33863
   1.85378  -0.33977
   1.85485  -0.34029
   1.85655  -0.34111
   1.87483  -0.34780
   1.88471  -0.35577
   1.89235  -0.35750
   1.90820  -0.36054
   1.91225  -0.36334
   1.91624  -0.36414
   1.93201  -0.36834
   1.93222  -0.36839
   1.94796  -0.37520
   1.94950  -0.37614
   1.95109  -0.37701
   1.96627  -0.38497
   1.98134  -0.39214
   1.98339  -0.39305
   1.98584  -0.39379
   2.00257  -0.39616
   2.01350  -0.39730
   2.02135  -0.39926
   2.02877  -0.40269
   2.03883  -0.40545
   2.04822  -0.40779
   2.05658  -0.41083
   2.06709  -0.41089
   2.07516  -0.41277
   2.08326  -0.41448
   2.09395  -0.41242
   2.10732  -0.41381
   2.11214  -0.41420
   2.11659  -0.41452
   2.13034  -0.41518
   2.14547  -0.41503
   2.14855  -0.41500
   2.15139  -0.41496
   2.16667  -0.41398
   2.17633  -0.41102
   2.18313  -0.40877
   2.18447  -0.40782
   2.18782  -0.40542
   2.20149  -0.39803
   2.21967  -0.40688
   2.22028  -0.40723
   2.22047  -0.40734
   2.22111  -0.40752
   2.23930  -0.41191
   2.25217  -0.40975
   2.25734  -0.40901
   2.26304  -0.40812
   2.27528  -0.40536
   2.28646  -0.40397
   2.29368  -0.40283
   2.30251  -0.40124
   2.31204  -0.39940
   2.31880  -0.40104
   2.33311  -0.40183
   2.33730  -0.40195
   2.34916  -0.40663
   2.35575  -0.40550
   2.37955  -0.41155
   2.38048  -0.41175
   2.38170  -0.41307
   2.39820  -0.43024
   2.40831  -0.43855
   2.41930  -0.43758
   2.42423  -0.42805
   2.42429  -0.41514
   2.42210  -0.40095
   2.42058  -0.39250
   2.42720  -0.38317
   2.43101  -0.37752
   2.43724  -0.37614
   2.44864  -0.37334
   2.45199  -0.37183
   2.45683  -0.36959
   2.47192  -0.36379
   2.48065  -0.35963
   2.49166  -0.35467
   2.51041  -0.34535
   2.51144  -0.34477
   2.51207  -0.34440
   2.51438  -0.34323
   2.53967  -0.34180
   2.54539  -0.34122
   2.55121  -0.34212
   2.57799  -0.34514
   2.57986  -0.34549
   2.58087  -0.34579
   2.58286  -0.34671
   2.60607  -0.35533
   2.61676  -0.35894
   2.62974  -0.36482
   2.63651  -0.37683
   2.63546  -0.39336
   2.63557  -0.39705
   2.63570  -0.41335
   2.64014  -0.42816
   2.63973  -0.43349
   2.63810  -0.44974
   2.63477  -0.46810
   2.63406  -0.46966
   2.62544  -0.48780
   2.62438  -0.49951
   2.62290  -0.51227
   2.62207  -0.52494
   2.61483  -0.53410
   2.60067  -0.55528
   2.59673  -0.56047
   2.59484  -0.56293
   2.59119  -0.56851
   2.57805  -0.58752
   2.56744  -0.59949
   2.56042  -0.61743
   2.56057  -0.61830
   2.56334  -0.63649
   2.56016  -0.64446
   2.55099  -0.66566
   2.54611  -0.67258
   2.53954  -0.68193
   2.53181  -0.70143
   2.52885  -0.70836
   2.52942  -0.71217
   2.53026  -0.71798
   2.52793  -0.73687
   2.53344  -0.74553
   2.53620  -0.75642
   2.53955  -0.77018
   2.54363  -0.77580
   2.57239  -0.77938
   2.57260  -0.77941
   2.57314  -0.77920
   2.60848  -0.76524
   2.63431  -0.74775
   2.64161  -0.74552
   2.67664  -0.73378
   2.67738  -0.72937
   2.67181  -0.71917
   2.66450  -0.70592
   2.66439  -0.70444
   2.68081  -0.67005
   2.68194  -0.66751
   2.68359  -0.66447
   2.69894  -0.63434
   2.70193  -0.62738
   2.70168  -0.62229
   2.71330  -0.59654
   2.71720  -0.58718
   2.72301  -0.57381
   2.72809  -0.56142
   2.73532  -0.54531
   2.73791  -0.52702
   2.73851  -0.52400
   2.74182  -0.50547
   2.75124  -0.49052
   2.76567  -0.46056
   2.76614  -0.45999
   2.76668  -0.45935
   2.76657  -0.45856
   2.76598  -0.45462
   2.76400  -0.42362
   2.76396  -0.42095
   2.76472  -0.41876
   2.76637  -0.40772
   2.77060  -0.38475
   2.77155  -0.37872
   2.77016  -0.37312
   2.76162  -0.34349
   2.76188  -0.34254
   2.76184  -0.34109
   2.76121  -0.30950
   2.76085  -0.30315
   2.76154  -0.29183
   2.76206  -0.27764
   2.76238  -0.26192
   2.75738  -0.24468
   2.75690  -0.24316
   2.74586  -0.22950
   2.73838  -0.22509
   2.72823  -0.21921
   2.71731  -0.21054
   2.71049  -0.20664
   2.69549  -0.19919
   2.67653  -0.18999
   2.67246  -0.18788
   2.65767  -0.19128
   2.64352  -0.19373
   2.64079  -0.19414
   2.63740  -0.19498
   2.61236  -0.20016
   2.60652  -0.20005
   2.59999  -0.20206
   2.57927  -0.21084
   2.57668  -0.21182
   2.57539  -0.21277
   2.57246  -0.21487
   2.55506  -0.22424
   2.54827  -0.22586
   2.54013  -0.22627
   2.51606  -0.22081
   2.51380  -0.22030
   2.51308  -0.22013
   2.51135  -0.21959
   2.48719  -0.21132
   2.47584  -0.20733
   2.46040  -0.20567
   2.45714  -0.21876
   2.45860  -0.22401
   2.46313  -0.24393
   2.46230  -0.24702
   2.46151  -0.24740
   2.46108  -0.24768
   2.46003  -0.24765
   2.45532  -0.24615
   2.43621  -0.23588
   2.42697  -0.23059
   2.42107  -0.23312
   2.41116  -0.23704
   2.40355  -0.23688
   2.40142  -0.23700
   2.39744  -0.23650
   2.38003  -0.23285
   2.37432  -0.23135
   2.36600  -0.23031
   2.35897  -0.22917
   2.34987  -0.23154
   2.34599  -0.23370
   2.34148  -0.23611
   2.33352  -0.23829
   2.32827  -0.24203
   2.32259  -0.24476
   2.31616  -0.24766
   2.31138  -0.25064
   2.30612  -0.25021
   2.29964  -0.25544
   2.29399  -0.25974
   2.28804  -0.26028
   2.28378  -0.26669
   2.27882  -0.27075
   2.27492  -0.27380
   2.26986  -0.28353
   2.25919  -0.28388
   2.25604  -0.28347
   2.25113  -0.28274
   2.24225  -0.28207
   2.23533  -0.28491
   2.23040  -0.28750
   2.22649  -0.28947
   2.21818  -0.29214
   2.20909  -0.29369
   2.20542  -0.29433
   2.20186  -0.29491
   2.19256  -0.29596
   2.18425  -0.29395
   2.17938  -0.29123
   2.17083  -0.28604
   2.16667  -0.28424
   2.16310  -0.28471
   2.15401  -0.28995
   2.14863  -0.29279
   2.14105  -0.29285
   2.13346  -0.29168
   2.12821  -0.29213
   2.12387  -0.29243
   2.11541  -0.29071
   2.10774  -0.28825
   2.10318  -0.28637
   2.09784  -0.28406
   2.09126  -0.28142
   2.08511  -0.27940
   2.07914  -0.27759
   2.07322  -0.27565
   2.06721  -0.27324
   2.05907  -0.27318
   2.05412  -0.27171
   2.04961  -0.27029
   2.04051  -0.27054
   2.02968  -0.26745
   2.02805  -0.26629
   2.02619  -0.26494
   2.01538  -0.26204
   2.00416  -0.25619
   2.00368  -0.25584
   2.00317  -0.25546
   1.99217  -0.24920
   1.99159  -0.24924
   1.97977  -0.24972
   1.97477  -0.25009
   1.96119  -0.25052
   1.95659  -0.25036
   1.95486  -0.24984
   1.95055  -0.24997
   1.93816  -0.24938
   1.92850  -0.24847
   1.91888  -0.24779
   1.90619  -0.24586
   1.90167  -0.24501
   1.89916  -0.24513
   1.88414  -0.24532
   1.87520  -0.24457
   1.87333  -0.24417
   1.87086  -0.24473
   1.85413  -0.24921
   1.84184  -0.25203
   1.83978  -0.25246
   1.83707  -0.25290
   1.81288  -0.25595
   1.80460  -0.26309
   1.80091  -0.25611
   1.79524  -0.25024
   1.78471  -0.24334
   1.77935  -0.23963
   1.77101  -0.22843
   1.75586  -0.21432
   1.75561  -0.21408
   1.75558  -0.21400
   1.75554  -0.21393
   1.74279  -0.19766
   1.73117  -0.19114
   1.71638  -0.18960
   1.70987  -0.18921
   1.69568  -0.18801
   1.68761  -0.18821
   1.66801  -0.18817
   1.66077  -0.18762
   1.65763  -0.18837
   1.63706  -0.19711
   1.61911  -0.20484
   1.61434  -0.20609
   1.60961  -0.20851
   1.58944  -0.21054
   1.58784  -0.21068
   1.57291  -0.20259
   1.56029  -0.19952
   1.54989  -0.20870
   1.54102  -0.21818
   1.52863  -0.23223
   1.52459  -0.23622
   1.52470  -0.24177
   1.52828  -0.26443
   1.53187  -0.28318
   1.53491  -0.29460
   1.53813  -0.32276
   1.53887  -0.32681
   1.53919  -0.32852
   1.53943  -0.33164
   1.54238  -0.36043
   1.54332  -0.37104
   1.53992  -0.37874
   1.53864  -0.40010
   1.53835  -0.40928
   1.54405  -0.42721
   1.54645  -0.43428
   1.54707  -0.45246
   1.54449  -0.46580
   1.54346  -0.47821
   1.54272  -0.49024
   1.54901  -0.50722
   1.55227  -0.51554
   1.56396  -0.53603
   1.56840  -0.54821
   1.57756  -0.57134
   1.57881  -0.57835
   1.58144  -0.58523
   1.58993  -0.61328
   1.59194  -0.61929
   1.59413  -0.62482
   1.60812  -0.65727
   1.60831  -0.65958
   1.60902  -0.66458
   1.61161  -0.68139
   1.61354  -0.69225
   1.61635  -0.70565
   1.61236  -0.71077
   1.61148  -0.71188
                    
   2.40858   0.42229
   2.40838   0.42460
   2.41025   0.42767
   2.41574   0.43140
   2.41396   0.42429
   2.41290   0.42200
   2.41142   0.42068
   2.40966   0.42088
   2.40858   0.42229
                    
   1.94654  -0.48589
   1.94709  -0.49286
   1.94047  -0.49483
   1.93617  -0.49429
   1.93337  -0.49120
   1.93282  -0.48626
   1.93609  -0.48141
   1.94412  -0.47725
   1.94654  -0.48589
                    
   2.78310  -0.16485
   2.78339  -0.16479
   2.78361  -0.16500
   2.78369  -0.16533
   2.78353  -0.16573
   2.78293  -0.16652
   2.78251  -0.16575
   2.78276  -0.16508
   2.78310  -0.16485
                    
   1.49505   0.11171
   1.48967   0.11068
   1.48522   0.11386
   1.48353   0.12046
   1.48630   0.12813
   1.49527   0.14069
   1.50545   0.13175
   1.49970   0.11760
   1.49505   0.11171
                    
   3.06014  -0.12931
   3.05784  -0.12898
   3.05230  -0.12817
   3.04213  -0.11526
   3.03954  -0.11207
   3.03859  -0.11013
   3.03417  -0.10127
   3.02491  -0.08597
   3.02120  -0.08221
   3.01968  -0.07463
   3.00722  -0.04690
   3.00465  -0.04157
   3.00417  -0.03657
   3.00330  -0.02826
   2.99643   0.00000
   3.00395   0.02948
   3.00437   0.03657
   3.00463   0.04160
   3.00734   0.04468
   3.01754   0.05667
   3.02628   0.07100
   3.02851   0.07040
   3.03185   0.07569
   3.04105   0.08853
   3.04751   0.09797
   3.05565   0.10243
   3.06060   0.10300
   3.06351   0.10333
                    
   2.38110   0.87694
   2.38017   0.87313
   2.37922   0.86925
   2.37522   0.86113
   2.37711   0.85328
   2.37990   0.84100
   2.37657   0.83661
   2.35130   0.83281
   2.33904   0.83064
   2.31355   0.83302
   2.28493   0.83800
   2.27707   0.83861
   2.27069   0.83905
   2.24039   0.84262
   2.21145   0.84513
   2.20359   0.84562
   2.19532   0.84606
   2.16667   0.84701
   2.14344   0.84933
   2.12935   0.85472
   2.11225   0.86082
   2.09411   0.86068
   2.09130   0.86143
   2.07974   0.86311
   2.05319   0.86193
   2.03417   0.86058
   2.03100   0.86832
   2.02707   0.87770
   2.01849   0.88251
   2.01825   0.88398
   2.01718   0.89032
                    
   1.78304   0.75452
   1.77186   0.76688
   1.78029   0.78087
   1.79656   0.79370
   1.81427   0.79515
   1.82995   0.79410
   1.82161   0.78025
   1.80769   0.76983
   1.78304   0.75452
                    
   1.27310   0.12862
   1.27526   0.12831
   1.28093   0.12749
   1.29505   0.11574
   1.29543   0.11546
   1.29567   0.11529
   1.29651   0.11456
   1.31028   0.10286
   1.32231   0.09676
   1.32768   0.07340
   1.32147   0.04492
   1.31911   0.03701
   1.31343   0.01658
   1.31012  -0.00000
   1.30775  -0.00659
   1.30418  -0.00966
   1.29412  -0.03810
   1.29187  -0.04503
   1.28957  -0.05548
   1.28528  -0.07711
   1.28247  -0.09183
   1.27721  -0.09823
   1.27310  -0.09868
   1.26934  -0.09910
                    
   1.94605  -0.87541
   1.94732  -0.87036
   1.94798  -0.86773
   1.96641  -0.85978
   1.97015  -0.85660
   1.97210  -0.85491
   1.97716  -0.85482
   1.99573  -0.85423
   2.01649  -0.85167
   2.01888  -0.85076
   2.05405  -0.85539
   2.06512  -0.85654
   2.08811  -0.85701
   2.09167  -0.85718
   2.09600  -0.85728
   2.12937  -0.85427
   2.14797  -0.85200
   2.16667  -0.85137
   2.18583  -0.85172
   2.20400  -0.85506
   2.23526  -0.85981
   2.24130  -0.85956
   2.24188  -0.85969
   2.24448  -0.86014
   2.27992  -0.86025
   2.30068  -0.85963
   2.30428  -0.86801
   2.30882  -0.87830
   2.31581  -0.88235
   2.31602  -0.88362
   2.31713  -0.89015
                    
   3.76571  -0.00000
   3.76829   0.00746
   3.77299   0.02018
   3.77825   0.02424
   3.79499   0.03625
   3.80224   0.03980
   3.80323   0.04638
   3.82012   0.06521
   3.82143   0.06739
   3.82202   0.06835
   3.82319   0.06837
   3.82484   0.06839
   3.85055   0.07503
   3.86238   0.07284
   3.87581   0.07325
   3.89831   0.07348
   3.90274   0.07253
   3.90522   0.07375
   3.90588   0.07537
   3.90716   0.07780
   3.90558   0.08779
   3.90071   0.09591
   3.89483   0.10651
   3.89251   0.11812
   3.89651   0.13215
   3.89982   0.13669
   3.90554   0.14424
   3.90911   0.15441
   3.91576   0.16002
   3.92967   0.16653
   3.93134   0.16651
   3.94806   0.16593
   3.95557   0.16226
   3.96222   0.15902
   3.98155   0.15375
   3.99126   0.14169
   3.99609   0.13612
   4.00010   0.13134
   4.01398   0.11624
   4.01793   0.11242
   4.02183   0.11026
   4.02927   0.10559
   4.04460   0.09699
   4.05232   0.09288
   4.06908   0.08332
   4.06975   0.08296
   4.07152   0.08255
   4.09149   0.07777
   4.09496   0.07702
   4.10076   0.07574
   4.12298   0.07001
   4.13124   0.07044
   4.13603   0.07181
   4.15086   0.07187
   4.15634   0.07163
   4.16614   0.06926
   4.18008   0.06546
   4.19256   0.05831
   4.19912   0.05476
   4.20166   0.05233
   4.21056   0.04469
   4.21499   0.04060
   4.22721   0.03347
   4.24100   0.03078
   4.25010   0.02853
   4.27466   0.02136
   4.27462   0.02189
   4.27021   0.02615
   4.26760   0.02911
   4.26787   0.03053
   4.27507   0.02789
   4.28324   0.02433
   4.28666   0.02430
   4.29089   0.02391
   4.29115   0.02436
   4.29141   0.02480
   4.29180   0.02646
   4.29229   0.02819
   4.29254   0.02856
   4.29280   0.02893
   4.29474   0.02961
   4.29652   0.03014
   4.29689   0.03058
   4.29726   0.03102
   4.29508   0.03505
   4.29343   0.03884
   4.29017   0.04269
   4.28971   0.04363
   4.29073   0.04306
   4.29440   0.03982
   4.29891   0.03757
   4.30315   0.03496
   4.30364   0.03538
   4.30414   0.03580
   4.30599   0.03564
   4.30762   0.03541
   4.30824   0.03584
   4.30885   0.03627
   4.30793   0.03987
   4.30713   0.04478
   4.30739   0.04493
   4.30766   0.04509
   4.31108   0.04275
   4.31360   0.04069
   4.31422   0.04099
   4.31485   0.04128
   4.31620   0.04136
   4.31749   0.04140
   4.31817   0.04165
   4.31886   0.04190
   4.32013   0.04186
   4.32135   0.04179
   4.32208   0.04200
   4.32282   0.04219
   4.32400   0.04210
   4.32513   0.04198
   4.32591   0.04212
   4.32668   0.04225
   4.32769   0.04288
   4.32877   0.04352
   4.32952   0.04359
   4.33027   0.04365
   4.33144   0.04330
   4.33255   0.04294
   4.33333   0.04294
   4.33411   0.04294
   4.33520   0.04286
   4.33629   0.04275
   4.33707   0.04269
   4.33785   0.04262
   4.33890   0.04227
   4.33991   0.04191
   4.34070   0.04178
   4.34148   0.04164
   4.34247   0.04122
   4.34342   0.04078
   4.34421   0.04058
   4.34499   0.04036
   4.34600   0.04018
   4.34703   0.03998
   4.34779   0.03971
   4.34854   0.03943
   4.34987   0.03992
   4.35136   0.04039
   4.35203   0.04009
   4.35269   0.03977
   4.35434   0.04035
   4.35623   0.04089
   4.35677   0.04059
   4.35730   0.04028
   4.35800   0.03873
   4.35858   0.03728
   4.35916   0.03688
   4.35973   0.03647
   4.36099   0.03605
   4.36230   0.03555
   4.36281   0.03513
   4.36332   0.03470
   4.36417   0.03365
   4.36498   0.03261
   4.36546   0.03213
   4.36594   0.03164
   4.36719   0.03102
   4.36848   0.03032
   4.36889   0.02983
   4.36929   0.02934
   4.37042   0.02846
   4.37157   0.02751
   4.37192   0.02702
   4.37226   0.02652
   4.37341   0.02553
   4.37458   0.02445
   4.37486   0.02397
   4.37513   0.02349
   4.37782   0.02316
   4.38099   0.02250
   4.38110   0.02227
   4.38120   0.02205
   4.38331   0.02070
   4.38559   0.01901
   4.38567   0.01903
   4.38648   0.01929
   4.41666   0.02827
   4.42479   0.03030
   4.42738   0.02965
   4.43194   0.02828
   4.43710   0.02780
   4.43665   0.02665
   4.44189   0.02444
   4.45757   0.03031
   4.47075   0.03455
   4.49364   0.04271
   4.49433   0.04301
   4.49496   0.04316
   4.52322   0.04903
   4.54029   0.05221
   4.54840   0.05383
   4.55899   0.05662
   4.57666   0.05957
   4.58762   0.06123
   4.60195   0.06485
   4.61422   0.06941
   4.62823   0.07624
   4.63910   0.08193
   4.64586   0.08723
   4.65056   0.09252
   4.66683   0.10515
   4.67094   0.10859
   4.67289   0.11398
   4.67644   0.12488
   4.67832   0.13476
   4.68156   0.14424
   4.68469   0.15473
   4.69833   0.16005
   4.71052   0.16359
   4.71854   0.16583
   4.73468   0.17204
   4.74607   0.17096
   4.75690   0.16960
   4.76780   0.16103
   4.77024   0.15902
   4.77709   0.14205
   4.77793   0.14018
   4.77892   0.13793
   4.78491   0.12100
   4.78171   0.11682
   4.77296   0.10603
   4.76736   0.09622
   4.76134   0.08651
   4.75380   0.08061
   4.75257   0.07392
   4.76049   0.07273
   4.76407   0.07173
   4.76972   0.07282
   4.79135   0.07012
   4.80056   0.06872
   4.81668   0.07131
   4.83444   0.06597
   4.84073   0.06389
   4.84485   0.05715
   4.85168   0.04535
   4.85528   0.03012
   4.85931   0.02296
   4.86948   0.00327
   4.87036   0.00000
   4.87046  -0.00234
   4.86899  -0.02339
   4.86692  -0.04256
   4.86673  -0.04667
   4.84426  -0.06221
   4.84105  -0.06424
   4.83423  -0.06594
   4.81690  -0.06983
   4.80144  -0.06968
   4.79160  -0.06841
   4.78103  -0.06704
   4.76497  -0.06610
   4.74847  -0.06061
   4.73977  -0.06200
   4.71567  -0.06502
   4.71352  -0.05337
   4.70996  -0.06527
   4.70951  -0.06633
   4.70902  -0.06772
   4.70981  -0.07523
   4.71352  -0.08429
   4.71755  -0.09526
   4.72634  -0.10530
   4.71595  -0.11216
   4.70897  -0.11844
   4.69447  -0.13029
   4.69381  -0.13091
   4.69320  -0.13098
   4.66696  -0.13034
   4.65853  -0.12977
   4.63885  -0.12591
   4.63766  -0.12606
   4.62372  -0.12738
   4.61076  -0.12574
   4.59894  -0.12386
   4.58878  -0.12232
   4.58218  -0.12015
   4.55563  -0.11572
   4.55557  -0.11571
   4.52688  -0.11174
   4.52638  -0.11200
   4.52506  -0.11132
   4.52362  -0.11060
   4.50250  -0.09921
   4.48300  -0.08841
   4.47667  -0.08501
   4.46376  -0.08309
   4.45838  -0.08195
   4.45196  -0.08306
   4.44789  -0.08339
   4.44347  -0.08356
   4.44109  -0.08268
   4.42770  -0.07697
   4.42236  -0.07470
   4.42086  -0.07410
   4.41745  -0.07285
   4.41275  -0.07277
   4.40791  -0.07239
   4.40093  -0.06760
   4.39913  -0.06984
   4.39561  -0.06796
   4.39438  -0.06726
   4.39183  -0.06971
   4.38748  -0.06935
   4.38658  -0.06924
   4.38642  -0.06918
   4.38617  -0.06909
   4.38073  -0.06768
   4.37793  -0.06849
   4.37752  -0.06937
   4.37717  -0.07011
   4.37431  -0.07097
   4.37182  -0.07218
   4.37123  -0.07281
   4.37069  -0.07337
   4.36807  -0.07450
   4.36568  -0.07631
   4.36517  -0.07685
   4.36470  -0.07733
   4.36209  -0.07902
   4.35869  -0.07771
   4.35763  -0.07706
   4.35624  -0.07616
   4.35330  -0.07451
   4.35109  -0.07345
   4.34909  -0.07105
   4.34620  -0.06714
   4.34498  -0.06603
   4.34406  -0.06560
   4.34153  -0.06229
   4.33847  -0.05740
   4.33834  -0.05728
   4.33823  -0.05721
   4.33745  -0.05554
   4.33571  -0.05450
   4.33355  -0.05304
   4.33333  -0.05304
   4.33311  -0.05304
   4.33097  -0.05404
   4.32856  -0.05501
   4.32848  -0.05500
   4.32653  -0.05527
   4.32601  -0.05562
   4.32340  -0.05721
   4.32326  -0.05713
   4.32307  -0.05729
   4.31979  -0.06109
   4.31704  -0.06375
   4.31613  -0.06420
   4.31472  -0.06563
   4.31131  -0.06986
   4.30910  -0.07227
   4.30651  -0.07371
   4.30314  -0.07523
   4.30210  -0.07539
   4.30121  -0.07552
   4.29742  -0.07701
   4.29403  -0.07872
   4.29219  -0.07954
   4.29183  -0.07973
   4.29128  -0.08001
   4.28595  -0.08207
   4.28256  -0.08247
   4.28156  -0.08126
   4.28070  -0.08018
   4.27743  -0.07984
   4.27551  -0.07785
   4.27343  -0.07807
   4.27050  -0.07827
   4.26918  -0.07646
   4.26853  -0.07318
   4.26655  -0.07288
   4.26404  -0.07241
   4.26474  -0.06859
   4.26043  -0.06999
   4.25403  -0.07267
   4.25026  -0.07403
   4.24292  -0.07745
   4.24173  -0.07686
   4.23242  -0.08057
   4.22564  -0.08263
   4.22350  -0.08320
   4.21960  -0.08450
   4.20817  -0.08764
   4.20229  -0.08878
   4.19846  -0.08592
   4.19384  -0.08219
   4.19178  -0.08172
   4.19103  -0.08115
   4.18749  -0.08063
   4.17718  -0.08668
   4.16367  -0.09796
   4.16351  -0.09808
   4.14999  -0.10943
   4.14275  -0.11327
   4.13759  -0.11503
   4.13274  -0.11581
   4.12171  -0.11441
   4.11691  -0.11266
   4.11456  -0.11175
   4.10923  -0.11195
   4.09356  -0.11181
   4.08637  -0.11257
   4.07969  -0.10966
   4.07347  -0.10764
   4.06368  -0.10401
   4.05509  -0.10127
   4.04608  -0.10130
   4.03357  -0.10093
   4.02340  -0.09772
   4.01697  -0.09543
   3.99650  -0.10256
   3.99077  -0.10459
   3.98593  -0.10632
   3.96653  -0.11334
   3.94350  -0.12077
   3.94044  -0.12113
   3.93511  -0.12172
   3.91590  -0.12816
   3.90167  -0.12526
   3.89432  -0.11763
   3.89657  -0.10723
   3.89696  -0.09674
   3.89806  -0.08114
   3.89902  -0.07658
   3.87574  -0.07280
   3.86443  -0.07055
   3.85051  -0.07477
   3.82640  -0.06674
   3.82415  -0.06591
   3.82257  -0.06355
   3.81127  -0.04567
   3.80645  -0.03526
   3.79470  -0.03177
   3.78034  -0.02414
   3.77312  -0.02004
   3.76828  -0.00727
   3.76571  -0.00000
                    
   4.32856  -0.05501
   4.32852  -0.05501
                    
   4.57200   0.08687
   4.57153   0.07757
   4.57136   0.07540
   4.57056   0.07480
   4.54701   0.05912
   4.53651   0.05842
   4.52215   0.05300
   4.49512   0.04356
   4.50772   0.05498
   4.51135   0.05879
   4.50389   0.06208
   4.51578   0.07193
   4.51962   0.07545
   4.53245   0.08248
   4.53786   0.08556
   4.54526   0.08778
   4.56096   0.09221
   4.56743   0.08919
   4.57200   0.08687
                    
   4.14365   0.12084
   4.13980   0.13061
   4.13868   0.13629
   4.14481   0.13662
   4.15500   0.13171
   4.15948   0.12520
   4.16204   0.11994
   4.15791   0.11819
   4.14866   0.11765
   4.14522   0.11732
   4.14365   0.12084
                    
   4.50231  -0.14093
   4.50373  -0.14183
   4.50490  -0.14322
   4.50440  -0.14354
   4.50448  -0.14459
   4.50784  -0.15991
   4.50871  -0.16553
   4.50653  -0.17320
   4.49785  -0.17302
   4.48339  -0.16320
   4.47630  -0.15030
   4.47345  -0.14011
   4.48041  -0.13689
   4.48372  -0.13781
   4.49911  -0.14113
   4.50117  -0.14083
   4.50231  -0.14093
                    
   4.55552  -0.11570
   4.55557  -0.11571
                    
   4.03145   0.64739
   4.04400   0.64785
   4.05746   0.64804
   4.06415   0.64988
   4.07361   0.65236
   4.09502   0.65475
   4.11252   0.66603
   4.12115   0.67295
   4.12407   0.67523
   4.14170   0.68315
   4.14941   0.68642
   4.17630   0.69425
   4.17931   0.69477
   4.18196   0.69523
   4.20962   0.70162
   4.23175   0.70221
   4.23949   0.70224
   4.24089   0.70221
   4.24303   0.70214
   4.27199   0.70113
   4.29467   0.70240
   4.30268   0.70213
   4.31263   0.70167
   4.33333   0.70160
   4.35321   0.70108
   4.36388   0.69952
   4.37802   0.69719
   4.39420   0.69571
   4.40816   0.69300
   4.42409   0.68939
   4.44476   0.68410
   4.45354   0.68171
   4.46137   0.68032
   4.48296   0.67491
   4.50681   0.66806
   4.51198   0.66672
   4.51735   0.66539
   4.54039   0.65669
   4.56762   0.64516
   4.56810   0.64501
   4.56864   0.64484
   4.59758   0.63795
   4.61783   0.63232
   4.62653   0.62877
   4.63533   0.62449
   4.65030   0.60890
   4.65127   0.60786
   4.64092   0.58807
   4.64019   0.58726
   4.63971   0.58674
   4.62881   0.56586
   4.62784   0.56574
   4.60994   0.56307
   4.59367   0.55829
   4.59136   0.55762
   4.57520   0.55260
   4.56072   0.54896
   4.55339   0.54691
   4.53936   0.54511
   4.53114   0.54347
   4.51401   0.53544
   4.50685   0.53178
   4.50145   0.53320
   4.49547   0.53472
   4.47621   0.53321
   4.46707   0.53232
   4.45176   0.53420
   4.43295   0.53590
   4.42776   0.53551
   4.42472   0.53501
   4.41532   0.53330
   4.42066   0.52666
   4.42495   0.51961
   4.43392   0.50478
   4.43799   0.49747
   4.43615   0.47764
   4.42724   0.46507
   4.41423   0.45881
   4.40411   0.45791
   4.39524   0.45693
   4.39358   0.45761
   4.39247   0.45806
   4.37337   0.45765
   4.35910   0.45486
   4.35313   0.45346
   4.34394   0.45112
   4.33333   0.44823
   4.32577   0.44714
   4.31378   0.44792
   4.30331   0.44834
   4.29425   0.44673
   4.28060   0.45151
   4.27395   0.45103
   4.26781   0.45050
   4.26025   0.45755
   4.25127   0.46539
   4.24114   0.46827
   4.23206   0.47797
   4.23186   0.49500
   4.23787   0.50577
   4.24272   0.51390
   4.24517   0.52729
   4.25211   0.53342
   4.24240   0.53572
   4.23874   0.53645
   4.23155   0.53751
   4.21436   0.53664
   4.20143   0.53561
   4.18897   0.53877
   4.16897   0.54066
   4.16446   0.54098
   4.16256   0.54162
   4.15055   0.54544
   4.13347   0.54911
   4.12945   0.54950
   4.12470   0.55137
   4.10144   0.55983
   4.09548   0.56176
   4.09003   0.56420
   4.06563   0.57409
   4.06144   0.57394
   4.05635   0.57514
   4.03564   0.58591
   4.03005   0.58911
   4.02837   0.59005
   4.02593   0.59052
   3.99298   0.59559
   4.00787   0.62520
   4.00978   0.62867
   4.01700   0.63510
   4.03145   0.64739
                    
   3.94384  -0.18587
   3.94009  -0.18982
   3.93386  -0.19109
   3.92654  -0.18969
   3.92398  -0.18192
   3.93088  -0.16943
   3.94272  -0.17504
   3.94519  -0.18100
   3.94384  -0.18587
                    
   3.87237  -0.60074
   3.84656  -0.60591
   3.83550  -0.60113
   3.83089  -0.59879
   3.82427  -0.59420
   3.80490  -0.57668
   3.78555  -0.55795
   3.77970  -0.55363
   3.77173  -0.54697
   3.75970  -0.52563
   3.75810  -0.52267
   3.76107  -0.52438
   3.78086  -0.53537
   3.79589  -0.53040
   3.80679  -0.52655
   3.81854  -0.53496
   3.83501  -0.54382
   3.85325  -0.55297
   3.86242  -0.56020
   3.86302  -0.56050
   3.86450  -0.56113
   3.89381  -0.57280
   3.90560  -0.57703
   3.92484  -0.58338
   3.93940  -0.59011
   3.95089  -0.59513
   3.95677  -0.59108
   3.96985  -0.58176
   3.98624  -0.58384
   3.99509  -0.58586
   4.01498  -0.59019
   4.02479  -0.59270
   4.03010  -0.59399
   4.04147  -0.59486
   4.05560  -0.59561
   4.06926  -0.59119
   4.07959  -0.58577
   4.09152  -0.58380
   4.10487  -0.58122
   4.12172  -0.58141
   4.12998  -0.57980
   4.14340  -0.57685
   4.15130  -0.57734
   4.16511  -0.57792
   4.17886  -0.57652
   4.18423  -0.57527
   4.20545  -0.57682
   4.21343  -0.57720
   4.22455  -0.57184
   4.23357  -0.56576
   4.24316  -0.55786
   4.25208  -0.55004
   4.25550  -0.53392
   4.24552  -0.52702
   4.24291  -0.51280
   4.23967  -0.50611
   4.23393  -0.49337
   4.23429  -0.47844
   4.24085  -0.46774
   4.25196  -0.46147
   4.25629  -0.45690
   4.26563  -0.44645
   4.27428  -0.44853
   4.28184  -0.45020
   4.29429  -0.44622
   4.30259  -0.44720
   4.31380  -0.44746
   4.32554  -0.44744
   4.33333  -0.44785
   4.34204  -0.44865
   4.35288  -0.44766
   4.36465  -0.44628
   4.37241  -0.44668
   4.39012  -0.45570
   4.39333  -0.45570
   4.39596  -0.45568
   4.39716  -0.45893
   4.39933  -0.46470
   4.41205  -0.48220
   4.40827  -0.49826
   4.40960  -0.50902
   4.41080  -0.51894
   4.40192  -0.52096
   4.39149  -0.52313
   4.37982  -0.53138
   4.37480  -0.53260
   4.35666  -0.53421
   4.33747  -0.53523
   4.33333  -0.53577
   4.33023  -0.53632
   4.31828  -0.53936
   4.32162  -0.55200
   4.33333  -0.55603
   4.35249  -0.55937
   4.35777  -0.55974
   4.36204  -0.56001
   4.38137  -0.56305
   4.38261  -0.56322
   4.40128  -0.56775
   4.40857  -0.57144
   4.43037  -0.58148
   4.43512  -0.58139
   4.43589  -0.58163
   4.43810  -0.58221
   4.46294  -0.58461
   4.47609  -0.58541
   4.49224  -0.59303
   4.49508  -0.59275
   4.51553  -0.59035
   4.51927  -0.58971
   4.52431  -0.58880
   4.54621  -0.58487
   4.56032  -0.58408
   4.57750  -0.58946
   4.57801  -0.58961
   4.59273  -0.60085
   4.60656  -0.60364
   4.61556  -0.60524
   4.63202  -0.60397
   4.64594  -0.60050
   4.67113  -0.59336
   4.67532  -0.59234
   4.67724  -0.59185
   4.67975  -0.59208
   4.68377  -0.59515
   4.69592  -0.60988
   4.70537  -0.62107
   4.71573  -0.62453
   4.70872  -0.63507
   4.70262  -0.63962
   4.69499  -0.64397
   4.67524  -0.65679
   4.65916  -0.66658
   4.64689  -0.67243
   4.63479  -0.67763
   4.61651  -0.68364
   4.59288  -0.69064
   4.58561  -0.69311
   4.57853  -0.69578
   4.56621  -0.69428
   4.55253  -0.69520
   4.53207  -0.69604
   4.52069  -0.69924
   4.51124  -0.70294
   4.49014  -0.70730
   4.47063  -0.71074
   4.45920  -0.71385
   4.45255  -0.71738
   4.42824  -0.72091
   4.40406  -0.72360
   4.39681  -0.72553
   4.39192  -0.72644
   4.36513  -0.72823
   4.33793  -0.72903
   4.33333  -0.72941
   4.32921  -0.72938
   4.30148  -0.72964
   4.27089  -0.72871
   4.26959  -0.72859
   4.26824  -0.72844
   4.25713  -0.72832
   4.23717  -0.73045
   4.21696  -0.73200
   4.20423  -0.73221
   4.18659  -0.73021
   4.17204  -0.72755
   4.15864  -0.72484
   4.13994  -0.72175
   4.12005  -0.71580
   4.10899  -0.71152
   4.09550  -0.70601
   4.07864  -0.69977
   4.06475  -0.69297
   4.04998  -0.68407
   4.02697  -0.66921
   4.02254  -0.66651
   4.01863  -0.66467
   3.99465  -0.65060
   3.98037  -0.64162
   3.97087  -0.63385
   3.96906  -0.63093
   3.96114  -0.62071
   3.96326  -0.63190
   3.93554  -0.62441
   3.92066  -0.61986
   3.90172  -0.61641
   3.88036  -0.60413
   3.87409  -0.60035
   3.87237  -0.60074
                    
   4.79217  -0.16660
   4.79256  -0.16679
   4.79278  -0.16699
   4.79280  -0.16723
   4.79268  -0.16748
   4.79221  -0.16777
   4.79183  -0.16734
   4.79176  -0.16685
   4.79217  -0.16660
                    
   4.60522  -0.45844
   4.61221  -0.46191
   4.61310  -0.47037
   4.60869  -0.47693
   4.60086  -0.47723
   4.59504  -0.47185
   4.59445  -0.46470
   4.59836  -0.45903
   4.60522  -0.45844
                    
   3.81167  -0.25403
   3.80489  -0.26132
   3.79474  -0.26182
   3.78338  -0.25645
   3.78447  -0.24343
   3.79243  -0.23444
   3.80455  -0.23323
   3.81616  -0.24116
   3.81167  -0.25403
                    
   3.60342   0.26394
   3.59594   0.24560
   3.59098   0.25665
   3.58986   0.27060
   3.60191   0.27045
   3.60393   0.26840
   3.60425   0.26679
   3.60407   0.26543
   3.60342   0.26394
                    
   3.52913  -0.25356
   3.52777  -0.25066
   3.51355  -0.21966
   3.50491  -0.20471
   3.49602  -0.18563
   3.48641  -0.16341
   3.48304  -0.15336
   3.48137  -0.15022
   3.47642  -0.13830
   3.48187  -0.13782
   3.48813  -0.13752
   3.49971  -0.11745
   3.50181  -0.11398
   3.52032  -0.11177
   3.53307  -0.12243
   3.54423  -0.13914
   3.54949  -0.15610
   3.55411  -0.16998
   3.55630  -0.17226
   3.58147  -0.19689
   3.58395  -0.19700
   3.58556  -0.20037
   3.58942  -0.20726
   3.59378  -0.23318
   3.59662  -0.24763
   3.59869  -0.26260
   3.59874  -0.26737
   3.58708  -0.28614
   3.58141  -0.29589
   3.57259  -0.30781
   3.55841  -0.30208
   3.54646  -0.28640
   3.53313  -0.26154
   3.52997  -0.25533
   3.52913  -0.25356
                    
   4.87968  -0.71869
   4.87919  -0.71804
   4.87489  -0.71239
   4.87265  -0.70285
   4.87109  -0.69652
   4.87165  -0.69469
   4.87380  -0.68749
   4.87458  -0.67158
   4.87426  -0.66335
   4.87987  -0.65133
   4.89291  -0.62897
   4.89684  -0.62186
   4.90008  -0.61849
   4.90412  -0.61424
   4.92221  -0.58888
   4.93754  -0.57381
   4.94503  -0.56052
   4.96190  -0.52809
   4.96225  -0.52773
   4.96257  -0.52731
   4.96415  -0.52494
   4.96538  -0.50448
   4.95743  -0.52368
   4.94327  -0.51648
   4.92764  -0.50826
   4.90989  -0.52831
   4.89145  -0.54775
   4.88472  -0.55138
   4.88219  -0.55299
   4.87559  -0.55680
   4.87824  -0.55057
   4.88097  -0.54763
   4.88402  -0.54436
   4.90423  -0.52313
   4.92362  -0.50114
   4.92638  -0.49763
   4.92930  -0.49484
   4.93798  -0.48833
   4.96590  -0.48538
   4.96754  -0.48516
   4.97659  -0.47433
   4.98886  -0.45900
   5.00662  -0.45457
   5.02193  -0.44645
   5.02768  -0.44235
   5.04406  -0.43014
   5.05918  -0.42647
   5.06796  -0.42414
   5.08052  -0.40788
   5.09238  -0.40965
   5.08865  -0.42504
   5.09013  -0.43693
   5.08992  -0.44716
   5.08937  -0.46169
   5.08105  -0.47635
   5.07049  -0.49405
   5.06277  -0.51075
   5.06122  -0.51657
   5.06289  -0.51820
   5.06389  -0.51891
   5.06934  -0.52279
                    
   5.21720  -0.18382
   5.21488  -0.18334
   5.20945  -0.18221
   5.19151  -0.19000
   5.19140  -0.19002
   5.19132  -0.19003
   5.19111  -0.19016
   5.17174  -0.20262
   5.15903  -0.19493
   5.15102  -0.20031
   5.13011  -0.21350
   5.12855  -0.22149
   5.12633  -0.25003
   5.12493  -0.26338
   5.11819  -0.28566
   5.10884  -0.30580
   5.09877  -0.31705
   5.08310  -0.33368
   5.08677  -0.31208
   5.08953  -0.29261
   5.09493  -0.27720
   5.09956  -0.25677
   5.10677  -0.24386
   5.12032  -0.21793
   5.11883  -0.21047
   5.12457  -0.20725
   5.13117  -0.17688
   5.13623  -0.14861
   5.13896  -0.14205
   5.14052  -0.13985
   5.14223  -0.13846
   5.15828  -0.10861
   5.16326  -0.09860
   5.16650  -0.07289
   5.17310  -0.03877
   5.17327  -0.03667
   5.17341  -0.03482
   5.17469  -0.02915
   5.18057   0.00000
   5.17887   0.02950
   5.18195   0.03705
   5.19326   0.06716
   5.19434   0.07194
   5.19570   0.07545
   5.20636   0.10104
   5.20885   0.10748
   5.22068   0.11574
   5.22831   0.11673
   5.22853   0.11676
                    
   5.13136   0.19139
   5.13110   0.17686
   5.13020   0.15537
   5.12687   0.13992
   5.13761   0.13233
   5.14687   0.10710
   5.14704   0.10661
   5.14719   0.10715
   5.15289   0.12903
   5.14864   0.14376
   5.14428   0.14984
   5.13582   0.17791
   5.13136   0.19139
                    
   5.06901   0.52325
   5.06366   0.51944
   5.06256   0.51866
   5.05633   0.51965
   5.04602   0.51425
   5.03678   0.50935
   5.01984   0.52219
   5.01498   0.52305
   4.99930   0.52555
   4.98145   0.54383
   4.96592   0.55549
   4.95527   0.56314
   4.95242   0.56729
   4.95067   0.56982
   4.92539   0.59206
   4.91533   0.60828
   4.90821   0.61926
   4.90711   0.62616
   4.90320   0.64748
   4.90033   0.65693
   4.89507   0.66945
   4.88909   0.68082
   4.88212   0.69349
   4.87829   0.70979
   4.88308   0.71603
   4.88308   0.71603
                    
   3.53182   0.14133
   3.53708   0.15605
   3.53509   0.17697
   3.53433   0.18730
   3.52913   0.17829
   3.51887   0.15962
   3.51396   0.14448
   3.51772   0.13379
   3.52317   0.13084
   3.52790   0.13529
   3.53182   0.14133
                    
   3.64125  -0.48461
   3.64161  -0.47984
   3.64326  -0.46242
   3.65225  -0.45784
   3.66042  -0.46111
   3.66678  -0.46673
   3.67268  -0.47584
   3.66975  -0.48284
   3.66264  -0.48890
   3.64560  -0.48555
   3.64125  -0.48461
                    
   3.77468   0.70917
   3.77611   0.70736
   3.77958   0.70295
   3.78831   0.69455
   3.78903   0.69001
   3.79026   0.68270
   3.79829   0.67653
   3.79581   0.66396
   3.78834   0.64950
   3.77107   0.63985
   3.75108   0.63636
   3.75050   0.63605
   3.72910   0.62398
   3.71952   0.61382
   3.70861   0.60392
   3.69412   0.58573
   3.67375   0.55835
   3.67097   0.55578
   3.66640   0.55132
   3.64684   0.52677
   3.62818   0.50152
   3.62348   0.49705
   3.61443   0.48703
   3.62068   0.48590
   3.61871   0.45526
   3.61851   0.44977
   3.60365   0.42128
   3.58618   0.40521
   3.57473   0.41048
   3.56828   0.41752
   3.57020   0.43589
   3.57072   0.44029
   3.58278   0.46564
   3.57462   0.47448
   3.56919   0.47788
   3.56791   0.47868
                    
   3.43732  -0.11029
   3.43883  -0.11011
   3.44517  -0.10933
   3.45781  -0.10747
   3.45933  -0.09221
   3.46122  -0.07630
   3.46046  -0.04896
   3.45832  -0.03820
   3.45733  -0.03298
   3.45731  -0.00000
   3.45716   0.03342
   3.45728   0.03825
   3.45742   0.04273
   3.45889   0.07650
   3.45892   0.08818
   3.45939   0.11022
   3.45829   0.11520
   3.45133   0.15116
   3.45047   0.15131
   3.44353   0.15249
                    
   3.76728  -0.70327
   3.76991  -0.70000
   3.77224  -0.69710
   3.77198  -0.68983
   3.76386  -0.67868
   3.73996  -0.64829
   3.73975  -0.64801
   3.73971  -0.64783
   3.73468  -0.62096
   3.73712  -0.61381
   3.73295  -0.60039
   3.71616  -0.58342
   3.70304  -0.57756
   3.68513  -0.56905
   3.67419  -0.55980
   3.67136  -0.55546
   3.66685  -0.55155
   3.64748  -0.52627
   3.62743  -0.49790
   3.62371  -0.49688
   3.59787  -0.48111
   3.59314  -0.47806
   3.58162  -0.48550
   3.57592  -0.48918
   3.57497  -0.48979
                    
